# Real time calculation: 
# Eall: Total energy
# Eall0: Initial total energy
# 1:Time[fs] 2:Eall[eV] 3:Eall-Eall0[eV] 
      0.00000000 -0.865026937618314E+003  0.000000000000000E+000 
      0.02000000 -0.865026937654987E+003 -0.366728004422868E-007 
      0.04000000 -0.865026937654974E+003 -0.366596527429422E-007 
      0.06000000 -0.865026937654748E+003 -0.364340150203677E-007 
      0.08000000 -0.865026937653862E+003 -0.355476087314708E-007 
      0.10000000 -0.865026937651416E+003 -0.331017499563488E-007 
      0.12000000 -0.865026937645868E+003 -0.275539042042571E-007 
      0.14000000 -0.865026937634824E+003 -0.165100301033725E-007 
      0.16000000 -0.865026937614830E+003  0.348404365204029E-008 
      0.18000000 -0.865026937581164E+003  0.371501779376050E-007 
      0.20000000 -0.865026937527640E+003  0.906740752721429E-007 
      0.22000000 -0.865026937446425E+003  0.171889250934236E-006 
      0.24000000 -0.865026937327877E+003  0.290437512233639E-006 
      0.26000000 -0.865026937160412E+003  0.457902562338442E-006 
      0.28000000 -0.865026936930407E+003  0.687907544603293E-006 
      0.30000000 -0.865026936622135E+003  0.996179427626486E-006 
      0.32000000 -0.865026936217746E+003  0.140056872679898E-005 
      0.34000000 -0.865026935697280E+003  0.192103480981688E-005 
      0.36000000 -0.865026935038723E+003  0.257959137239889E-005 
      0.38000000 -0.865026934218105E+003  0.340020976402640E-005 
      0.40000000 -0.865026933209628E+003  0.440868635085894E-005 
      0.42000000 -0.865026931985827E+003  0.563248774024408E-005 
      0.44000000 -0.865026930517755E+003  0.710055984905418E-005 
      0.46000000 -0.865026928775189E+003  0.884312575780897E-005 
      0.48000000 -0.865026926726866E+003  0.108914487620645E-004 
      0.50000000 -0.865026924340728E+003  0.132775860463991E-004 
      0.52000000 -0.865026921584180E+003  0.160341341410870E-004 
      0.54000000 -0.865026918424346E+003  0.191939683849677E-004 
      0.56000000 -0.865026914828354E+003  0.227899607332821E-004 
      0.58000000 -0.865026910763610E+003  0.268547047194020E-004 
      0.60000000 -0.865026906198088E+003  0.314202266888170E-004 
      0.62000000 -0.865026901100601E+003  0.365177133710693E-004 
      0.64000000 -0.865026895441036E+003  0.421772779280451E-004 
      0.66000000 -0.865026889190600E+003  0.484277141113317E-004 
      0.68000000 -0.865026882322005E+003  0.552963090041761E-004 
      0.70000000 -0.865026874809646E+003  0.628086687177943E-004 
      0.72000000 -0.865026866629737E+003  0.709885770536037E-004 
      0.74000000 -0.865026857760395E+003  0.798579193239056E-004 
      0.76000000 -0.865026848181703E+003  0.894366112963051E-004 
      0.78000000 -0.865026837875721E+003  0.997425933932548E-004 
      0.80000000 -0.865026826826494E+003  0.110791820541258E-003 
      0.82000000 -0.865026815020026E+003  0.122598288852963E-003 
      0.84000000 -0.865026802444195E+003  0.135174118960379E-003 
      0.86000000 -0.865026789088664E+003  0.148529650562297E-003 
      0.88000000 -0.865026774944730E+003  0.162673584148757E-003 
      0.90000000 -0.865026760005163E+003  0.177613151051075E-003 
      0.92000000 -0.865026744264008E+003  0.193354306693682E-003 
      0.94000000 -0.865026727716349E+003  0.209901965319230E-003 
      0.96000000 -0.865026710358064E+003  0.227260250471600E-003 
      0.98000000 -0.865026692185547E+003  0.245432767520642E-003 
      1.00000000 -0.865026673195425E+003  0.264422889624631E-003 
      1.02000000 -0.865026653384313E+003  0.284234001156056E-003 
      1.04000000 -0.865026632748507E+003  0.304869807735974E-003 
      1.06000000 -0.865026611283729E+003  0.326334585363574E-003 
      1.08000000 -0.865026588984893E+003  0.348633421231759E-003 
      1.10000000 -0.865026565845867E+003  0.371772447872205E-003 
      1.12000000 -0.865026541859273E+003  0.395759041434268E-003 
      1.14000000 -0.865026517016290E+003  0.420602024604253E-003 
      1.16000000 -0.865026491306533E+003  0.446311781647786E-003 
      1.18000000 -0.865026464717891E+003  0.472900423529448E-003 
      1.20000000 -0.865026437236407E+003  0.500381907112139E-003 
      1.22000000 -0.865026408846222E+003  0.528772092194891E-003 
      1.24000000 -0.865026379529538E+003  0.558088776315599E-003 
      1.26000000 -0.865026349266602E+003  0.588351712249067E-003 
      1.28000000 -0.865026318035761E+003  0.619582553192699E-003 
      1.30000000 -0.865026285813537E+003  0.651804777263901E-003 
      1.32000000 -0.865026252574709E+003  0.685043605423639E-003 
      1.34000000 -0.865026218292460E+003  0.719325854434884E-003 
      1.36000000 -0.865026182938502E+003  0.754679812056149E-003 
      1.38000000 -0.865026146483311E+003  0.791135003089774E-003 
      1.40000000 -0.865026108896315E+003  0.828721999320333E-003 
      1.42000000 -0.865026070146078E+003  0.867472236026892E-003 
      1.44000000 -0.865026030200641E+003  0.907417673719768E-003 
      1.46000000 -0.865025989027756E+003  0.948590558001672E-003 
      1.48000000 -0.865025946595233E+003  0.991023081691170E-003 
      1.50000000 -0.865025902871262E+003  0.103474705255325E-002 
      1.52000000 -0.865025857824715E+003  0.107979359950624E-002 
      1.54000000 -0.865025811425481E+003  0.112619283348853E-002 
      1.56000000 -0.865025763644770E+003  0.117397354486810E-002 
      1.58000000 -0.865025714455409E+003  0.122316290520246E-002 
      1.60000000 -0.865025663832174E+003  0.127378613989959E-002 
      1.62000000 -0.865025611752122E+003  0.132586619285494E-002 
      1.64000000 -0.865025558194894E+003  0.137942342018736E-002 
      1.66000000 -0.865025503142961E+003  0.143447535300050E-002 
      1.68000000 -0.865025446581889E+003  0.149103642505137E-002 
      1.70000000 -0.865025388500636E+003  0.154911767857061E-002 
      1.72000000 -0.865025328891727E+003  0.160872658773528E-002 
      1.74000000 -0.865025267751462E+003  0.166986685226931E-002 
      1.76000000 -0.865025205080111E+003  0.173253820322490E-002 
      1.78000000 -0.865025140882033E+003  0.179673628136632E-002 
      1.80000000 -0.865025075165777E+003  0.186245253701539E-002 
      1.82000000 -0.865025007944111E+003  0.192967420346601E-002 
      1.84000000 -0.865024939233990E+003  0.199838432395633E-002 
      1.86000000 -0.865024869056586E+003  0.206856172856356E-002 
      1.88000000 -0.865024797437155E+003  0.214018115939718E-002 
      1.90000000 -0.865024724404906E+003  0.221321340864975E-002 
      1.92000000 -0.865024649992966E+003  0.228762534788921E-002 
      1.94000000 -0.865024574238155E+003  0.236338015911037E-002 
      1.96000000 -0.865024497180742E+003  0.244043757245694E-002 
      1.98000000 -0.865024418864271E+003  0.251875404323207E-002 
      2.00000000 -0.865024339335286E+003  0.259828302867673E-002 
      2.02000000 -0.865024258642935E+003  0.267897537901717E-002 
      2.04000000 -0.865024176838763E+003  0.276077955150165E-002 
      2.06000000 -0.865024093976269E+003  0.284364204495130E-002 
      2.08000000 -0.865024010110586E+003  0.292750772845254E-002 
      2.10000000 -0.865023925298221E+003  0.301232009377366E-002 
      2.12000000 -0.865023839596522E+003  0.309802179239024E-002 
      2.14000000 -0.865023753063517E+003  0.318455479780129E-002 
      2.16000000 -0.865023665757462E+003  0.327186085284105E-002 
      2.18000000 -0.865023577736491E+003  0.335988182331340E-002 
      2.20000000 -0.865023489058462E+003  0.344855985267069E-002 
      2.22000000 -0.865023399780502E+003  0.353783781222579E-002 
      2.24000000 -0.865023309958903E+003  0.362765941116738E-002 
      2.26000000 -0.865023219648853E+003  0.371796946173743E-002 
      2.28000000 -0.865023128904222E+003  0.380871409268799E-002 
      2.30000000 -0.865023037777481E+003  0.389984083329111E-002 
      2.32000000 -0.865022946319542E+003  0.399129877256137E-002 
      2.34000000 -0.865022854579652E+003  0.408303866231058E-002 
      2.36000000 -0.865022762605408E+003  0.417501290661036E-002 
      2.38000000 -0.865022670442706E+003  0.426717560829240E-002 
      2.40000000 -0.865022578135693E+003  0.435948262086259E-002 
      2.42000000 -0.865022485726882E+003  0.445189143200848E-002 
      2.44000000 -0.865022393257241E+003  0.454436107349892E-002 
      2.46000000 -0.865022300766408E+003  0.463685190608380E-002 
      2.48000000 -0.865022208292815E+003  0.472932549894127E-002 
      2.50000000 -0.865022115873821E+003  0.482174449346367E-002 
      2.52000000 -0.865022023546078E+003  0.491407223647545E-002 
      2.54000000 -0.865021931345730E+003  0.500627258437106E-002 
      2.56000000 -0.865021839308627E+003  0.509830968762806E-002 
      2.58000000 -0.865021747470720E+003  0.519014759453930E-002 
      2.60000000 -0.865021655868309E+003  0.528175000546699E-002 
      2.62000000 -0.865021564538321E+003  0.537307999316403E-002 
      2.64000000 -0.865021473518604E+003  0.546409971043107E-002 
      2.66000000 -0.865021382848178E+003  0.555477013634658E-002 
      2.68000000 -0.865021292567541E+003  0.564505077309634E-002 
      2.70000000 -0.865021202718708E+003  0.573489960633703E-002 
      2.72000000 -0.865021113345495E+003  0.582427281904040E-002 
      2.74000000 -0.865021024493736E+003  0.591312457822986E-002 
      2.76000000 -0.865020936211336E+003  0.600140697890941E-002 
      2.78000000 -0.865020848548446E+003  0.608906986821316E-002 
      2.80000000 -0.865020761557468E+003  0.617606084646874E-002 
      2.82000000 -0.865020675293138E+003  0.626232517671020E-002 
      2.84000000 -0.865020589812499E+003  0.634780581503374E-002 
      2.86000000 -0.865020505174831E+003  0.643244348349006E-002 
      2.88000000 -0.865020421441558E+003  0.651617675660789E-002 
      2.90000000 -0.865020338676140E+003  0.659894217459947E-002 
      2.92000000 -0.865020256943889E+003  0.668067442520489E-002 
      2.94000000 -0.865020176311800E+003  0.676130651403212E-002 
      2.96000000 -0.865020096848302E+003  0.684077001242982E-002 
      2.98000000 -0.865020018622941E+003  0.691899537303208E-002 
      3.00000000 -0.865019941706133E+003  0.699591218178829E-002 
      3.02000000 -0.865019866168900E+003  0.707144941434321E-002 
      3.04000000 -0.865019792082464E+003  0.714553585028621E-002 
      3.06000000 -0.865019719517900E+003  0.721810041402470E-002 
      3.08000000 -0.865019648545755E+003  0.728907255916101E-002 
      3.10000000 -0.865019579235554E+003  0.735838276075765E-002 
      3.12000000 -0.865019511655534E+003  0.742596278080494E-002 
      3.14000000 -0.865019445872110E+003  0.749174620437633E-002 
      3.16000000 -0.865019381949541E+003  0.755566877392811E-002 
      3.18000000 -0.865019319949563E+003  0.761766875173111E-002 
      3.20000000 -0.865019259931028E+003  0.767768728674959E-002 
      3.22000000 -0.865019201949618E+003  0.773566869615664E-002 
      3.24000000 -0.865019146057536E+003  0.779156077846212E-002 
      3.26000000 -0.865019092303208E+003  0.784531510662904E-002 
      3.28000000 -0.865019040731080E+003  0.789688723427971E-002 
      3.30000000 -0.865018991381340E+003  0.794623697402097E-002 
      3.32000000 -0.865018944289433E+003  0.799332888139553E-002 
      3.34000000 -0.865018899485501E+003  0.803813281375585E-002 
      3.36000000 -0.865018856993390E+003  0.808062492446224E-002 
      3.38000000 -0.865018816829325E+003  0.812078898915703E-002 
      3.40000000 -0.865018778999843E+003  0.815861847140351E-002 
      3.42000000 -0.865018743499001E+003  0.819411931338171E-002 
      3.44000000 -0.865018710304744E+003  0.822731357045397E-002 
      3.46000000 -0.865018679373904E+003  0.825824441028754E-002 
      3.48000000 -0.865018650636365E+003  0.828698194965968E-002 
      3.50000000 -0.865018623987746E+003  0.831363056883222E-002 
      3.52000000 -0.865018599281244E+003  0.833833707027900E-002 
      3.54000000 -0.865018576318539E+003  0.836129977544372E-002 
      3.56000000 -0.865018554839995E+003  0.838277831890588E-002 
      3.58000000 -0.865018534515157E+003  0.840310315764769E-002 
      3.60000000 -0.865018514933556E+003  0.842268475829900E-002 
      3.62000000 -0.865018495597013E+003  0.844202130091570E-002 
      3.64000000 -0.865018475914143E+003  0.846170417172121E-002 
      3.66000000 -0.865018455197896E+003  0.848242041843924E-002 
      3.68000000 -0.865018432667336E+003  0.850495097825471E-002 
      3.70000000 -0.865018407454458E+003  0.853016385647787E-002 
      3.72000000 -0.865018378616834E+003  0.855900148000440E-002 
      3.74000000 -0.865018345157116E+003  0.859246119889053E-002 
      3.76000000 -0.865018306049568E+003  0.863156874656185E-002 
      3.78000000 -0.865018260273879E+003  0.867734443582154E-002 
      3.80000000 -0.865018206856243E+003  0.873076207190319E-002 
      3.82000000 -0.865018144916912E+003  0.879270140197932E-002 
      3.84000000 -0.865018073723305E+003  0.886389500928357E-002 
      3.86000000 -0.865017992746858E+003  0.894487145665823E-002 
      3.88000000 -0.865017901721979E+003  0.903589633507398E-002 
      3.90000000 -0.865017800704027E+003  0.913691428710949E-002 
      3.92000000 -0.865017690123301E+003  0.924749501331381E-002 
      3.94000000 -0.865017570831841E+003  0.936678647384066E-002 
      3.96000000 -0.865017444138890E+003  0.949347942426961E-002 
      3.98000000 -0.865017311831134E+003  0.962578718052331E-002 
      4.00000000 -0.865017176173751E+003  0.976144456366804E-002 
      4.02000000 -0.865017039888359E+003  0.989772995517930E-002 
      4.04000000 -0.865016906104224E+003  0.100315140899876E-001 
      4.06000000 -0.865016778279712E+003  0.101593386019943E-001 
      4.08000000 -0.865016660091881E+003  0.102775264330373E-001 
      4.10000000 -0.865016555292431E+003  0.103823258837249E-001 
      4.12000000 -0.865016467530160E+003  0.104700881542645E-001 
      4.14000000 -0.865016400140570E+003  0.105374777442912E-001 
      4.16000000 -0.865016355905129E+003  0.105817131854064E-001 
      4.18000000 -0.865016336784361E+003  0.106008339537819E-001 
      4.20000000 -0.865016343629732E+003  0.105939885821732E-001 
      4.22000000 -0.865016375881759E+003  0.105617365551678E-001 
      4.24000000 -0.865016431262614E+003  0.105063557000763E-001 
      4.26000000 -0.865016505473078E+003  0.104321452361816E-001 
      4.28000000 -0.865016591905014E+003  0.103457133002290E-001 
      4.30000000 -0.865016681381325E+003  0.102562369897445E-001 
      4.32000000 -0.865016761935866E+003  0.101756824479815E-001 
      4.34000000 -0.865016818645937E+003  0.101189723770176E-001 
      4.36000000 -0.865016833530315E+003  0.101040879991301E-001 
      4.38000000 -0.865016785524621E+003  0.101520936931675E-001 
      4.40000000 -0.865016650544644E+003  0.102870736702991E-001 
      4.42000000 -0.865016401647358E+003  0.105359709562682E-001 
      4.44000000 -0.865016009296674E+003  0.109283216399418E-001 
      4.46000000 -0.865015441738498E+003  0.114958798161422E-001 
      4.48000000 -0.865014665487410E+003  0.122721309039307E-001 
      4.50000000 -0.865013645923099E+003  0.132916952151483E-001 
      4.52000000 -0.865012347992050E+003  0.145896262640215E-001 
      4.54000000 -0.865010737005672E+003  0.162006126423573E-001 
      4.56000000 -0.865008779522494E+003  0.181580958206152E-001 
      4.58000000 -0.865006444298379E+003  0.204933199358333E-001 
      4.60000000 -0.865003703284682E+003  0.232343336326015E-001 
      4.62000000 -0.865000532651391E+003  0.264049669230200E-001 
      4.64000000 -0.864996913808679E+003  0.300238096355953E-001 
      4.66000000 -0.864992834398901E+003  0.341032194133974E-001 
      4.68000000 -0.864988289227971E+003  0.386483903431226E-001 
      4.70000000 -0.864983281104733E+003  0.436565135816055E-001 
      4.72000000 -0.864977821557214E+003  0.491160611005775E-001 
      4.74000000 -0.864971931394405E+003  0.550062239094495E-001 
      4.76000000 -0.864965641084623E+003  0.612965336915931E-001 
      4.78000000 -0.864958990924422E+003  0.679466938928506E-001 
      4.80000000 -0.864952030974928E+003  0.749066433864653E-001 
      4.82000000 -0.864944820748637E+003  0.821168696772852E-001 
      4.84000000 -0.864937428634317E+003  0.895089839971172E-001 
      4.86000000 -0.864929931054700E+003  0.970065636144053E-001 
      4.88000000 -0.864922411358898E+003  0.104526259416435E+000 
      4.90000000 -0.864914958458654E+003  0.111979159660540E+000 
      4.92000000 -0.864907665226121E+003  0.119272392193053E+000 
      4.94000000 -0.864900626677538E+003  0.126310940776135E+000 
      4.96000000 -0.864893937976586E+003  0.132999641728035E+000 
      4.98000000 -0.864887692296700E+003  0.139245321614494E+000 
      5.00000000 -0.864881978587901E+003  0.144959030412933E+000 
      5.02000000 -0.864876879300280E+003  0.150058318034172E+000 
      5.04000000 -0.864872468118260E+003  0.154469500054252E+000 
      5.06000000 -0.864868807763269E+003  0.158129855045336E+000 
      5.08000000 -0.864865947922592E+003  0.160989695722546E+000 
      5.10000000 -0.864863923361760E+003  0.163014256554800E+000 
      5.12000000 -0.864862752274306E+003  0.164185344008355E+000 
      5.14000000 -0.864862434918522E+003  0.164502699792307E+000 
      5.16000000 -0.864862952585785E+003  0.163985032529654E+000 
      5.18000000 -0.864864266936711E+003  0.162670681603292E+000 
      5.20000000 -0.864866319734489E+003  0.160617883825195E+000 
      5.22000000 -0.864869032994582E+003  0.157904623732456E+000 
      5.24000000 -0.864872309560899E+003  0.154628057415081E+000 
      5.26000000 -0.864876034110130E+003  0.150903508184306E+000 
      5.28000000 -0.864880074575134E+003  0.146863043180050E+000 
      5.30000000 -0.864884283970261E+003  0.142653648053577E+000 
      5.32000000 -0.864888502593456E+003  0.138435024858363E+000 
      5.34000000 -0.864892560572086E+003  0.134377046227921E+000 
      5.36000000 -0.864896280713288E+003  0.130656905025919E+000 
      5.38000000 -0.864899481614088E+003  0.127456004226584E+000 
      5.40000000 -0.864901980981661E+003  0.124956636653004E+000 
      5.42000000 -0.864903599110212E+003  0.123338508102544E+000 
      5.44000000 -0.864904162457220E+003  0.122775161094323E+000 
      5.46000000 -0.864903507259402E+003  0.123430358912375E+000 
      5.48000000 -0.864901483125519E+003  0.125454492795424E+000 
      5.50000000 -0.864897956540959E+003  0.128981077355471E+000 
      5.52000000 -0.864892814216981E+003  0.134123401333530E+000 
      5.54000000 -0.864885966215747E+003  0.140971402567259E+000 
      5.56000000 -0.864877348780331E+003  0.149588837983660E+000 
      5.58000000 -0.864866926799165E+003  0.160010819149758E+000 
      5.60000000 -0.864854695834009E+003  0.172241784305610E+000 
      5.62000000 -0.864840683642298E+003  0.186253976016568E+000 
      5.64000000 -0.864824951129490E+003  0.201986488824018E+000 
      5.66000000 -0.864807592671468E+003  0.219344946846883E+000 
      5.68000000 -0.864788735756831E+003  0.238201861483244E+000 
      5.70000000 -0.864768539908929E+003  0.258397709385472E+000 
      5.72000000 -0.864747194862614E+003  0.279742755700710E+000 
      5.74000000 -0.864724917988481E+003  0.302019629832884E+000 
      5.76000000 -0.864701950976144E+003  0.324986642170568E+000 
      5.78000000 -0.864678555810607E+003  0.348381807707091E+000 
      5.80000000 -0.864655010101200E+003  0.371927517114273E+000 
      5.82000000 -0.864631601845459E+003  0.395335772855541E+000 
      5.84000000 -0.864608623735566E+003  0.418313882748029E+000 
      5.86000000 -0.864586367139441E+003  0.440570478873083E+000 
      5.88000000 -0.864565115906039E+003  0.461821712275778E+000 
      5.90000000 -0.864545140164351E+003  0.481797453963813E+000 
      5.92000000 -0.864526690294609E+003  0.500247323705389E+000 
      5.94000000 -0.864509991255685E+003  0.516946362629709E+000 
      5.96000000 -0.864495237451565E+003  0.531700166749277E+000 
      5.98000000 -0.864482588308323E+003  0.544349309991074E+000 
      6.00000000 -0.864472164715436E+003  0.554772902878047E+000 
      6.02000000 -0.864464046460047E+003  0.562891158266967E+000 
      6.04000000 -0.864458270750664E+003  0.568666867650226E+000 
      6.06000000 -0.864454831884760E+003  0.572105733554808E+000 
      6.08000000 -0.864453682077286E+003  0.573255541028224E+000 
      6.10000000 -0.864454733417336E+003  0.572204200978074E+000 
      6.12000000 -0.864457860876293E+003  0.569076742021654E+000 
      6.14000000 -0.864462906250139E+003  0.564031368175662E+000 
      6.16000000 -0.864469682879162E+003  0.557254739152709E+000 
      6.18000000 -0.864477980957862E+003  0.548956660452189E+000 
      6.20000000 -0.864487573226689E+003  0.539364391625037E+000 
      6.22000000 -0.864498220827387E+003  0.528716790927174E+000 
      6.24000000 -0.864509679103292E+003  0.517258515022551E+000 
      6.26000000 -0.864521703138443E+003  0.505234479871726E+000 
      6.28000000 -0.864534052852579E+003  0.492884765735319E+000 
      6.30000000 -0.864546497501015E+003  0.480440117299563E+000 
      6.32000000 -0.864558819467210E+003  0.468118151104103E+000 
      6.34000000 -0.864570817282132E+003  0.456120336182124E+000 
      6.36000000 -0.864582307847770E+003  0.444629770544344E+000 
      6.38000000 -0.864593127888875E+003  0.433809729438963E+000 
      6.40000000 -0.864603134696094E+003  0.423802922220684E+000 
      6.42000000 -0.864612206257403E+003  0.414731360911621E+000 
      6.44000000 -0.864620240899083E+003  0.406696719230930E+000 
      6.46000000 -0.864627156571572E+003  0.399781046742465E+000 
      6.48000000 -0.864632889919105E+003  0.394047699209565E+000 
      6.50000000 -0.864637395264521E+003  0.389542353793790E+000 
      6.52000000 -0.864640643623330E+003  0.386293994983979E+000 
      6.54000000 -0.864642621837549E+003  0.384315780765134E+000 
      6.56000000 -0.864643331889351E+003  0.383605728963711E+000 
      6.58000000 -0.864642790421415E+003  0.384147196899760E+000 
      6.60000000 -0.864641028458467E+003  0.385909159846983E+000 
      6.62000000 -0.864638091293252E+003  0.388846325062730E+000 
      6.64000000 -0.864634038474586E+003  0.392899143728623E+000 
      6.66000000 -0.864628943815494E+003  0.397993802820154E+000 
      6.68000000 -0.864622895327599E+003  0.404042290715541E+000 
      6.70000000 -0.864615994985025E+003  0.410942633289547E+000 
      6.72000000 -0.864608358225295E+003  0.418579393019288E+000 
      6.74000000 -0.864600113108063E+003  0.426824510251469E+000 
      6.76000000 -0.864591399071659E+003  0.435538546654952E+000 
      6.78000000 -0.864582365251147E+003  0.444572367167351E+000 
      6.80000000 -0.864573168350600E+003  0.453769267714294E+000 
      6.82000000 -0.864563970090185E+003  0.462967528129907E+000 
      6.84000000 -0.864554934277365E+003  0.472003340949538E+000 
      6.86000000 -0.864546223578523E+003  0.480714039791368E+000 
      6.88000000 -0.864537996088503E+003  0.488941529811391E+000 
      6.90000000 -0.864530401813107E+003  0.496535805207675E+000 
      6.92000000 -0.864523579191276E+003  0.503358427038191E+000 
      6.94000000 -0.864517651786854E+003  0.509285831460869E+000 
      6.96000000 -0.864512725278194E+003  0.514212340120269E+000 
      6.98000000 -0.864508884865231E+003  0.518052753083091E+000 
      7.00000000 -0.864506193197608E+003  0.520744420706200E+000 
      7.02000000 -0.864504688909478E+003  0.522248708836631E+000 
      7.04000000 -0.864504385820720E+003  0.522551797594176E+000 
      7.06000000 -0.864505272839141E+003  0.521664779173533E+000 
      7.08000000 -0.864507314570362E+003  0.519623047952315E+000 
      7.10000000 -0.864510452613469E+003  0.516485004845408E+000 
      7.12000000 -0.864514607494698E+003  0.512330123616278E+000 
      7.14000000 -0.864519681167838E+003  0.507256450476602E+000 
      7.16000000 -0.864525559989174E+003  0.501377629140586E+000 
      7.18000000 -0.864532118058000E+003  0.494819560314838E+000 
      7.20000000 -0.864539220805144E+003  0.487716813170051E+000 
      7.22000000 -0.864546728703268E+003  0.480208915046709E+000 
      7.24000000 -0.864554500973630E+003  0.472436644684287E+000 
      7.26000000 -0.864562399169268E+003  0.464538449046363E+000 
      7.28000000 -0.864570290521996E+003  0.456647096318044E+000 
      7.30000000 -0.864578050955743E+003  0.448886662571029E+000 
      7.32000000 -0.864585567684653E+003  0.441369933661045E+000 
      7.34000000 -0.864592741334097E+003  0.434196284217114E+000 
      7.36000000 -0.864599487543381E+003  0.427450074933618E+000 
      7.38000000 -0.864605738029625E+003  0.421199588689112E+000 
      7.40000000 -0.864611441114300E+003  0.415496504014323E+000 
      7.42000000 -0.864616561732083E+003  0.410375886231366E+000 
      7.44000000 -0.864621080959892E+003  0.405856658422904E+000 
      7.46000000 -0.864624995118288E+003  0.401942500026542E+000 
      7.48000000 -0.864628314508184E+003  0.398623110130265E+000 
      7.50000000 -0.864631061855283E+003  0.395875763031754E+000 
      7.52000000 -0.864633270537229E+003  0.393667081085571E+000 
      7.54000000 -0.864634982670199E+003  0.391954948115499E+000 
      7.56000000 -0.864636247129680E+003  0.390690488634296E+000 
      7.58000000 -0.864637117574585E+003  0.389820043729743E+000 
      7.60000000 -0.864637650536391E+003  0.389287081923423E+000 
      7.62000000 -0.864637903626808E+003  0.389033991506377E+000 
      7.64000000 -0.864637933906586E+003  0.389003711728434E+000 
      7.66000000 -0.864637796447615E+003  0.389141170699057E+000 
      7.68000000 -0.864637543110752E+003  0.389394507562670E+000 
      7.70000000 -0.864637221550554E+003  0.389716067760359E+000 
      7.72000000 -0.864636874449687E+003  0.390063168627847E+000 
      7.74000000 -0.864636538978245E+003  0.390398640068916E+000 
      7.76000000 -0.864636246465581E+003  0.390691152733484E+000 
      7.78000000 -0.864636022268132E+003  0.390915350182827E+000 
      7.80000000 -0.864635885813045E+003  0.391051805268987E+000 
      7.82000000 -0.864635850793771E+003  0.391086824543414E+000 
      7.84000000 -0.864635925494245E+003  0.391012124069308E+000 
      7.86000000 -0.864636113217318E+003  0.390824400996006E+000 
      7.88000000 -0.864636412792843E+003  0.390524825471166E+000 
      7.90000000 -0.864636819143641E+003  0.390118474673689E+000 
      7.92000000 -0.864637323887791E+003  0.389613730523314E+000 
      7.94000000 -0.864637915958068E+003  0.389021660246776E+000 
      7.96000000 -0.864638582221305E+003  0.388355397009315E+000 
      7.98000000 -0.864639308082173E+003  0.387629536141191E+000 
      8.00000000 -0.864640078058484E+003  0.386859559830521E+000 
      8.02000000 -0.864640876316500E+003  0.386061301814019E+000 
      8.04000000 -0.864641687157251E+003  0.385250461063417E+000 
      8.06000000 -0.864642495446557E+003  0.384442171757089E+000 
      8.08000000 -0.864643286983654E+003  0.383650634660231E+000 
      8.10000000 -0.864644048804624E+003  0.382888813690840E+000 
      8.12000000 -0.864644769419547E+003  0.382168198767516E+000 
      8.14000000 -0.864645438983608E+003  0.381498634706457E+000 
      8.16000000 -0.864646049403827E+003  0.380888214487761E+000 
      8.18000000 -0.864646594385510E+003  0.380343232803927E+000 
      8.20000000 -0.864647069422806E+003  0.379868195508412E+000 
      8.22000000 -0.864647471739927E+003  0.379465878387874E+000 
      8.24000000 -0.864647800189992E+003  0.379137428322218E+000 
      8.26000000 -0.864648055118861E+003  0.378882499453382E+000 
      8.28000000 -0.864648238202868E+003  0.378699415446509E+000 
      8.30000000 -0.864648352267649E+003  0.378585350665535E+000 
      8.32000000 -0.864648401096579E+003  0.378536521735457E+000 
      8.34000000 -0.864648389236389E+003  0.378548381924979E+000 
      8.36000000 -0.864648321806175E+003  0.378615812138979E+000 
      8.38000000 -0.864648204316214E+003  0.378733302100485E+000 
      8.40000000 -0.864648042501359E+003  0.378895116955799E+000 
      8.42000000 -0.864647842172375E+003  0.379095445938921E+000 
      8.44000000 -0.864647609088271E+003  0.379328530043057E+000 
      8.46000000 -0.864647348850455E+003  0.379588767859114E+000 
      8.48000000 -0.864647066819149E+003  0.379870799165681E+000 
      8.50000000 -0.864646768051531E+003  0.380169566783151E+000 
      8.52000000 -0.864646457259483E+003  0.380480358831106E+000 
      8.54000000 -0.864646138784968E+003  0.380798833346221E+000 
      8.56000000 -0.864645816590211E+003  0.381121028103795E+000 
      8.58000000 -0.864645494259384E+003  0.381443358930099E+000 
      8.60000000 -0.864645175008848E+003  0.381762609466030E+000 
      8.62000000 -0.864644861702854E+003  0.382075915460635E+000 
      8.64000000 -0.864644556871621E+003  0.382380746693117E+000 
      8.66000000 -0.864644262729722E+003  0.382674888592747E+000 
      8.68000000 -0.864643981192585E+003  0.382956425729112E+000 
      8.70000000 -0.864643713889842E+003  0.383223728472627E+000 
      8.72000000 -0.864643462174627E+003  0.383475443687788E+000 
      8.74000000 -0.864643227128556E+003  0.383710489758036E+000 
      8.76000000 -0.864643009562842E+003  0.383928055472349E+000 
      8.78000000 -0.864642810016110E+003  0.384127602204580E+000 
      8.80000000 -0.864642628750348E+003  0.384308867966613E+000 
      8.82000000 -0.864642465746200E+003  0.384471872114086E+000 
      8.84000000 -0.864642320699216E+003  0.384616919097927E+000 
      8.86000000 -0.864642193018797E+003  0.384744599517143E+000 
      8.88000000 -0.864642081831324E+003  0.384855786990434E+000 
      8.90000000 -0.864641985988636E+003  0.384951629678058E+000 
      8.92000000 -0.864641904083376E+003  0.385033534938466E+000 
      8.94000000 -0.864641834475637E+003  0.385103142677526E+000 
      8.96000000 -0.864641775326704E+003  0.385162291610659E+000 
      8.98000000 -0.864641724631760E+003  0.385212986554745E+000 
      9.00000000 -0.864641680253459E+003  0.385257364855571E+000 
      9.02000000 -0.864641639956763E+003  0.385297661551646E+000 
      9.04000000 -0.864641601444219E+003  0.385336174095060E+000 
      9.06000000 -0.864641562391152E+003  0.385375227162532E+000 
      9.08000000 -0.864641520480759E+003  0.385417137555118E+000 
      9.10000000 -0.864641473438328E+003  0.385464179986250E+000 
      9.12000000 -0.864641419064525E+003  0.385518553789056E+000 
      9.14000000 -0.864641355267783E+003  0.385582350531742E+000 
      9.16000000 -0.864641280095456E+003  0.385657522858312E+000 
      9.18000000 -0.864641191763654E+003  0.385745854660505E+000 
      9.20000000 -0.864641088685798E+003  0.385848932515961E+000 
      9.22000000 -0.864640969499522E+003  0.385968118792090E+000 
      9.24000000 -0.864640833091834E+003  0.386104526480020E+000 
      9.26000000 -0.864640678622093E+003  0.386258996221896E+000 
      9.28000000 -0.864640505542214E+003  0.386432076100448E+000 
      9.30000000 -0.864640313613812E+003  0.386624004502605E+000 
      9.32000000 -0.864640102921398E+003  0.386834696916502E+000 
      9.34000000 -0.864639873880946E+003  0.387063737368172E+000 
      9.36000000 -0.864639627243278E+003  0.387310375036781E+000 
      9.38000000 -0.864639364091871E+003  0.387573526443241E+000 
      9.40000000 -0.864639085834396E+003  0.387851783917908E+000 
      9.42000000 -0.864638794187904E+003  0.388143430410013E+000 
      9.44000000 -0.864638491157953E+003  0.388446460361476E+000 
      9.46000000 -0.864638179011365E+003  0.388758606949125E+000 
      9.48000000 -0.864637860243463E+003  0.389077374851188E+000 
      9.50000000 -0.864637537540323E+003  0.389400077991529E+000 
      9.52000000 -0.864637213736918E+003  0.389723881396026E+000 
      9.54000000 -0.864636891771906E+003  0.390045846407994E+000 
      9.56000000 -0.864636574640190E+003  0.390362978124697E+000 
      9.58000000 -0.864636265344261E+003  0.390672274052924E+000 
      9.60000000 -0.864635966845118E+003  0.390970773196113E+000 
      9.62000000 -0.864635682013804E+003  0.391255604510205E+000 
      9.64000000 -0.864635413584587E+003  0.391524033727524E+000 
      9.66000000 -0.864635164110297E+003  0.391773508017583E+000 
      9.68000000 -0.864634935920517E+003  0.392001697797154E+000 
      9.70000000 -0.864634731083509E+003  0.392206534805519E+000 
      9.72000000 -0.864634551372032E+003  0.392386246282789E+000 
      9.74000000 -0.864634398233795E+003  0.392539384519546E+000 
      9.76000000 -0.864634272767001E+003  0.392664851313214E+000 
      9.78000000 -0.864634175701014E+003  0.392761917300005E+000 
      9.80000000 -0.864634107382910E+003  0.392830235404922E+000 
      9.82000000 -0.864634067769883E+003  0.392869848431362E+000 
      9.84000000 -0.864634056427573E+003  0.392881190741030E+000 
      9.86000000 -0.864634072534759E+003  0.392865083555855E+000 
      9.88000000 -0.864634114894234E+003  0.392822724080009E+000 
      9.90000000 -0.864634181949580E+003  0.392755668734662E+000 
      9.92000000 -0.864634271807943E+003  0.392665810371176E+000 
      9.94000000 -0.864634382268103E+003  0.392555350211502E+000 
      9.96000000 -0.864634510853432E+003  0.392426764882060E+000 
      9.98000000 -0.864634654849400E+003  0.392282768913993E+000 
     10.00000000 -0.864634811344374E+003  0.392126273940243E+000 
     10.02000000 -0.864634977273244E+003  0.391960345070423E+000 
     10.04000000 -0.864635149462984E+003  0.391788155330077E+000 
     10.06000000 -0.864635324678818E+003  0.391612939496205E+000 
     10.08000000 -0.864635499670534E+003  0.391437947780240E+000 
     10.10000000 -0.864635671217742E+003  0.391266400572021E+000 
     10.12000000 -0.864635836173230E+003  0.391101445084195E+000 
     10.14000000 -0.864635991504085E+003  0.390946114228916E+000 
     10.16000000 -0.864636134329689E+003  0.390803288625155E+000 
     10.18000000 -0.864636261956442E+003  0.390675661872044E+000 
     10.20000000 -0.864636371909199E+003  0.390565709115827E+000 
     10.22000000 -0.864636461959166E+003  0.390475659148115E+000 
     10.24000000 -0.864636530148754E+003  0.390407469560896E+000 
     10.26000000 -0.864636574813536E+003  0.390362804778179E+000 
     10.28000000 -0.864636594601532E+003  0.390343016782043E+000 
     10.30000000 -0.864636588490351E+003  0.390349127963208E+000 
     10.32000000 -0.864636555802020E+003  0.390381816294200E+000 
     10.34000000 -0.864636496215660E+003  0.390441402654093E+000 
     10.36000000 -0.864636409777883E+003  0.390527840431201E+000 
     10.38000000 -0.864636296910129E+003  0.390640708184915E+000 
     10.40000000 -0.864636158412698E+003  0.390779205616807E+000 
     10.42000000 -0.864635995464352E+003  0.390942153961963E+000 
     10.44000000 -0.864635809616432E+003  0.391128001882349E+000 
     10.46000000 -0.864635602780809E+003  0.391334837505748E+000 
     10.48000000 -0.864635377210344E+003  0.391560407970396E+000 
     10.50000000 -0.864635135471256E+003  0.391802147058742E+000 
     10.52000000 -0.864634880406928E+003  0.392057211386004E+000 
     10.54000000 -0.864634615092700E+003  0.392322525614432E+000 
     10.56000000 -0.864634342782261E+003  0.392594836052996E+000 
     10.58000000 -0.864634066846202E+003  0.392870772112442E+000 
     10.60000000 -0.864633790704054E+003  0.393146914260045E+000 
     10.62000000 -0.864633517751819E+003  0.393419866495722E+000 
     10.64000000 -0.864633251287005E+003  0.393686331309385E+000 
     10.66000000 -0.864632994433911E+003  0.393943184403281E+000 
     10.68000000 -0.864632750072082E+003  0.394187546232492E+000 
     10.70000000 -0.864632520770564E+003  0.394416847750487E+000 
     10.72000000 -0.864632308731009E+003  0.394628887305792E+000 
     10.74000000 -0.864632115742024E+003  0.394821876290125E+000 
     10.76000000 -0.864631943146571E+003  0.394994471743531E+000 
     10.78000000 -0.864631791823976E+003  0.395145794338307E+000 
     10.80000000 -0.864631662187179E+003  0.395275431135185E+000 
     10.82000000 -0.864631554194938E+003  0.395383423376275E+000 
     10.84000000 -0.864631467378285E+003  0.395470240028895E+000 
     10.86000000 -0.864631400879633E+003  0.395536738681510E+000 
     10.88000000 -0.864631353502251E+003  0.395584116063817E+000 
     10.90000000 -0.864631323767742E+003  0.395613850572349E+000 
     10.92000000 -0.864631309978490E+003  0.395627639824414E+000 
     10.94000000 -0.864631310282237E+003  0.395627336077660E+000 
     10.96000000 -0.864631322736078E+003  0.395614882235967E+000 
     10.98000000 -0.864631345367159E+003  0.395592251155416E+000 
     11.00000000 -0.864631376228048E+003  0.395561390266660E+000 
     11.02000000 -0.864631413445057E+003  0.395524173257130E+000 
     11.04000000 -0.864631455258311E+003  0.395482360003131E+000 
     11.06000000 -0.864631500052954E+003  0.395437565360297E+000 
     11.08000000 -0.864631546381343E+003  0.395391236971532E+000 
     11.10000000 -0.864631592976524E+003  0.395344641790233E+000 
     11.12000000 -0.864631638757703E+003  0.395298860611712E+000 
     11.14000000 -0.864631682828660E+003  0.395254789654213E+000 
     11.16000000 -0.864631724470267E+003  0.395213148047585E+000 
     11.18000000 -0.864631763128401E+003  0.395174489913220E+000 
     11.20000000 -0.864631798398544E+003  0.395139219770441E+000 
     11.22000000 -0.864631830008304E+003  0.395107610010096E+000 
     11.24000000 -0.864631857799065E+003  0.395079819249895E+000 
     11.26000000 -0.864631881707705E+003  0.395055910609042E+000 
     11.28000000 -0.864631901749247E+003  0.395035869067258E+000 
     11.30000000 -0.864631918001043E+003  0.395019617271794E+000 
     11.32000000 -0.864631930588943E+003  0.395007029371035E+000 
     11.34000000 -0.864631939675643E+003  0.394997942671096E+000 
     11.36000000 -0.864631945451282E+003  0.394992167032849E+000 
     11.38000000 -0.864631948126169E+003  0.394989492145212E+000 
     11.40000000 -0.864631947925407E+003  0.394989692907874E+000 
     11.42000000 -0.864631945085094E+003  0.394992533220541E+000 
     11.44000000 -0.864631939849718E+003  0.394997768596427E+000 
     11.46000000 -0.864631932470395E+003  0.395005147919695E+000 
     11.48000000 -0.864631923203565E+003  0.395014414749205E+000 
     11.50000000 -0.864631912309836E+003  0.395025308478030E+000 
     11.52000000 -0.864631900052735E+003  0.395037565579290E+000 
     11.54000000 -0.864631886697155E+003  0.395050921159229E+000 
     11.56000000 -0.864631872507423E+003  0.395065110891472E+000 
     11.58000000 -0.864631857744925E+003  0.395079873389607E+000 
     11.60000000 -0.864631842665305E+003  0.395094953009573E+000 
     11.62000000 -0.864631827515316E+003  0.395110102998636E+000 
     11.64000000 -0.864631812529399E+003  0.395125088915916E+000 
     11.66000000 -0.864631797926112E+003  0.395139692202855E+000 
     11.68000000 -0.864631783904564E+003  0.395153713750309E+000 
     11.70000000 -0.864631770640970E+003  0.395166977344690E+000 
     11.72000000 -0.864631758285480E+003  0.395179332834244E+000 
     11.74000000 -0.864631746959463E+003  0.395190658850915E+000 
     11.76000000 -0.864631736753339E+003  0.395200864975559E+000 
     11.78000000 -0.864631727725141E+003  0.395209893173167E+000 
     11.80000000 -0.864631719899928E+003  0.395217718386060E+000 
     11.82000000 -0.864631713270136E+003  0.395224348178419E+000 
     11.84000000 -0.864631707796979E+003  0.395229821335765E+000 
     11.86000000 -0.864631703412916E+003  0.395234205398602E+000 
     11.88000000 -0.864631700025197E+003  0.395237593117568E+000 
     11.90000000 -0.864631697520412E+003  0.395240097902398E+000 
     11.92000000 -0.864631695769923E+003  0.395241848391439E+000 
     11.94000000 -0.864631694635995E+003  0.395242982319796E+000 
     11.96000000 -0.864631693978370E+003  0.395243639944032E+000 
     11.98000000 -0.864631693661003E+003  0.395243957311610E+000 
     12.00000000 -0.864631693558593E+003  0.395244059721264E+000 
     12.02000000 -0.864631693530469E+003  0.395244087845449E+000 
     12.04000000 -0.864631693500659E+003  0.395244117655827E+000 
     12.06000000 -0.864631693467006E+003  0.395244151308524E+000 
     12.08000000 -0.864631693428002E+003  0.395244190312141E+000 
     12.10000000 -0.864631693382653E+003  0.395244235661263E+000 
     12.12000000 -0.864631693330543E+003  0.395244287771782E+000 
     12.14000000 -0.864631693271845E+003  0.395244346469783E+000 
     12.16000000 -0.864631693207277E+003  0.395244411037554E+000 
     12.18000000 -0.864631693138011E+003  0.395244480303695E+000 
     12.20000000 -0.864631693065546E+003  0.395244552768110E+000 
     12.22000000 -0.864631692991568E+003  0.395244626746057E+000 
     12.24000000 -0.864631692917791E+003  0.395244700523308E+000 
     12.26000000 -0.864631692845811E+003  0.395244772503482E+000 
     12.28000000 -0.864631692776979E+003  0.395244841334975E+000 
     12.30000000 -0.864631692712302E+003  0.395244906012762E+000 
     12.32000000 -0.864631692652374E+003  0.395244965940362E+000 
     12.34000000 -0.864631692597358E+003  0.395245020955943E+000 
     12.36000000 -0.864631692546996E+003  0.395245071318592E+000 
     12.38000000 -0.864631692500651E+003  0.395245117662976E+000 
     12.40000000 -0.864631692457392E+003  0.395245160922677E+000 
     12.42000000 -0.864631692416077E+003  0.395245202236905E+000 
     12.44000000 -0.864631692375465E+003  0.395245242848892E+000 
     12.46000000 -0.864631692334312E+003  0.395245284001964E+000 
     12.48000000 -0.864631692291467E+003  0.395245326847803E+000 
     12.50000000 -0.864631692245950E+003  0.395245372364848E+000 
     12.52000000 -0.864631692197018E+003  0.395245421296234E+000 
     12.54000000 -0.864631692144207E+003  0.395245474107836E+000 
     12.56000000 -0.864631692087349E+003  0.395245530965835E+000 
     12.58000000 -0.864631692026581E+003  0.395245591733728E+000 
     12.60000000 -0.864631691962321E+003  0.395245655993108E+000 
     12.62000000 -0.864631691895237E+003  0.395245723077504E+000 
     12.64000000 -0.864631691826189E+003  0.395245792125257E+000 
     12.66000000 -0.864631691756173E+003  0.395245862141300E+000 
     12.68000000 -0.864631691686246E+003  0.395245932068112E+000 
     12.70000000 -0.864631691617457E+003  0.395246000857069E+000 
     12.72000000 -0.864631691550773E+003  0.395246067541813E+000 
     12.74000000 -0.864631691487014E+003  0.395246131300518E+000 
     12.76000000 -0.864631691426799E+003  0.395246191514951E+000 
     12.78000000 -0.864631691370502E+003  0.395246247811852E+000 
     12.80000000 -0.864631691318226E+003  0.395246300088845E+000 
     12.82000000 -0.864631691269791E+003  0.395246348523809E+000 
     12.84000000 -0.864631691224756E+003  0.395246393557967E+000 
     12.86000000 -0.864631691182456E+003  0.395246435858562E+000 
     12.88000000 -0.864631691142055E+003  0.395246476259122E+000 
     12.90000000 -0.864631691102634E+003  0.395246515680759E+000 
     12.92000000 -0.864631691063272E+003  0.395246555042070E+000 
     12.94000000 -0.864631691023145E+003  0.395246595169912E+000 
     12.96000000 -0.864631690981602E+003  0.395246636712678E+000 
     12.98000000 -0.864631690938236E+003  0.395246680077948E+000 
     13.00000000 -0.864631690892921E+003  0.395246725393330E+000 
     13.02000000 -0.864631690845816E+003  0.395246772498830E+000 
     13.04000000 -0.864631690797342E+003  0.395246820972658E+000 
     13.06000000 -0.864631690748129E+003  0.395246870184883E+000 
     13.08000000 -0.864631690698944E+003  0.395246919370813E+000 
     13.10000000 -0.864631690650598E+003  0.395246967715967E+000 
     13.12000000 -0.864631690603871E+003  0.395247014443760E+000 
     13.14000000 -0.864631690559425E+003  0.395247058889751E+000 
     13.16000000 -0.864631690517752E+003  0.395247100561964E+000 
     13.18000000 -0.864631690479137E+003  0.395247139177821E+000 
     13.20000000 -0.864631690443640E+003  0.395247174674096E+000 
     13.22000000 -0.864631690411119E+003  0.395247207195317E+000 
     13.24000000 -0.864631690381255E+003  0.395247237059639E+000 
     13.26000000 -0.864631690353605E+003  0.395247264709154E+000 
     13.28000000 -0.864631690327661E+003  0.395247290653335E+000 
     13.30000000 -0.864631690302905E+003  0.395247315409390E+000 
     13.32000000 -0.864631690278865E+003  0.395247339449088E+000 
     13.34000000 -0.864631690255158E+003  0.395247363156613E+000 
     13.36000000 -0.864631690231513E+003  0.395247386801687E+000 
     13.38000000 -0.864631690207790E+003  0.395247410524197E+000 
     13.40000000 -0.864631690183977E+003  0.395247434337484E+000 
     13.42000000 -0.864631690160171E+003  0.395247458143037E+000 
     13.44000000 -0.864631690136563E+003  0.395247481751568E+000 
     13.46000000 -0.864631690113399E+003  0.395247504915107E+000 
     13.48000000 -0.864631690090960E+003  0.395247527354267E+000 
     13.50000000 -0.864631690069524E+003  0.395247548790624E+000 
     13.52000000 -0.864631690049340E+003  0.395247568974276E+000 
     13.54000000 -0.864631690030611E+003  0.395247587703657E+000 
     13.56000000 -0.864631690013473E+003  0.395247604841199E+000 
     13.58000000 -0.864631689997991E+003  0.395247620323389E+000 
     13.60000000 -0.864631689984153E+003  0.395247634161826E+000 
     13.62000000 -0.864631689971875E+003  0.395247646439070E+000 
     13.64000000 -0.864631689961015E+003  0.395247657299746E+000 
     13.66000000 -0.864631689951377E+003  0.395247666936913E+000 
     13.68000000 -0.864631689942739E+003  0.395247675575629E+000 
     13.70000000 -0.864631689934860E+003  0.395247683454001E+000 
     13.72000000 -0.864631689927508E+003  0.395247690806562E+000 
     13.74000000 -0.864631689920468E+003  0.395247697846381E+000 
     13.76000000 -0.864631689913564E+003  0.395247704750567E+000 
     13.78000000 -0.864631689906660E+003  0.395247711654366E+000 
     13.80000000 -0.864631689899669E+003  0.395247718645558E+000 
     13.82000000 -0.864631689892548E+003  0.395247725766777E+000 
     13.84000000 -0.864631689885292E+003  0.395247733022471E+000 
     13.86000000 -0.864631689877928E+003  0.395247740386536E+000 
     13.88000000 -0.864631689870500E+003  0.395247747814503E+000 
     13.90000000 -0.864631689863063E+003  0.395247755251460E+000 
     13.92000000 -0.864631689855673E+003  0.395247762641047E+000 
     13.94000000 -0.864631689848386E+003  0.395247769927966E+000 
     13.96000000 -0.864631689841253E+003  0.395247777061560E+000 
     13.98000000 -0.864631689834321E+003  0.395247783993104E+000 
     14.00000000 -0.864631689827640E+003  0.395247790674456E+000 
     14.02000000 -0.864631689821257E+003  0.395247797057084E+000 
     14.04000000 -0.864631689815224E+003  0.395247803090524E+000 
     14.06000000 -0.864631689809587E+003  0.395247808727504E+000 
     14.08000000 -0.864631689804391E+003  0.395247813923842E+000 
     14.10000000 -0.864631689799664E+003  0.395247818650246E+000 
     14.12000000 -0.864631689795420E+003  0.395247822894246E+000 
     14.14000000 -0.864631689791643E+003  0.395247826670923E+000 
     14.16000000 -0.864631689788290E+003  0.395247830024263E+000 
     14.18000000 -0.864631689785282E+003  0.395247833032283E+000 
     14.20000000 -0.864631689782508E+003  0.395247835806640E+000 
     14.22000000 -0.864631689779822E+003  0.395247838492155E+000 
     14.24000000 -0.864631689777050E+003  0.395247841264386E+000 
     14.26000000 -0.864631689773990E+003  0.395247844324609E+000 
     14.28000000 -0.864631689770421E+003  0.395247847893436E+000 
     14.30000000 -0.864631689766114E+003  0.395247852200758E+000 
     14.32000000 -0.864631689760844E+003  0.395247857470375E+000 
     14.34000000 -0.864631689754411E+003  0.395247863902887E+000 
     14.36000000 -0.864631689746661E+003  0.395247871653456E+000 
     14.38000000 -0.864631689737503E+003  0.395247880811215E+000 
     14.40000000 -0.864631689726937E+003  0.395247891377905E+000 
     14.42000000 -0.864631689715058E+003  0.395247903256852E+000 
     14.44000000 -0.864631689702068E+003  0.395247916246102E+000 
     14.46000000 -0.864631689688267E+003  0.395247930047609E+000 
     14.48000000 -0.864631689674029E+003  0.395247944285407E+000 
     14.50000000 -0.864631689659778E+003  0.395247958536160E+000 
     14.52000000 -0.864631689645951E+003  0.395247972363383E+000 
     14.54000000 -0.864631689632956E+003  0.395247985358627E+000 
     14.56000000 -0.864631689621139E+003  0.395247997175508E+000 
     14.58000000 -0.864631689610754E+003  0.395248007560547E+000 
     14.60000000 -0.864631689601943E+003  0.395248016371149E+000 
     14.62000000 -0.864631689594729E+003  0.395248023585369E+000 
     14.64000000 -0.864631689589016E+003  0.395248029298045E+000 
     14.66000000 -0.864631689584604E+003  0.395248033710451E+000 
     14.68000000 -0.864631689581202E+003  0.395248037112612E+000 
     14.70000000 -0.864631689578454E+003  0.395248039860191E+000 
     14.72000000 -0.864631689575964E+003  0.395248042350037E+000 
     14.74000000 -0.864631689573321E+003  0.395248044993691E+000 
     14.76000000 -0.864631689570122E+003  0.395248048192062E+000 
     14.78000000 -0.864631689566004E+003  0.395248052310096E+000 
     14.80000000 -0.864631689560660E+003  0.395248057654345E+000 
     14.82000000 -0.864631689553862E+003  0.395248064452189E+000 
     14.84000000 -0.864631689545474E+003  0.395248072840711E+000 
     14.86000000 -0.864631689535461E+003  0.395248082853845E+000 
     14.88000000 -0.864631689523891E+003  0.395248094423530E+000 
     14.90000000 -0.864631689510930E+003  0.395248107384455E+000 
     14.92000000 -0.864631689496826E+003  0.395248121488552E+000 
     14.94000000 -0.864631689481892E+003  0.395248136422019E+000 
     14.96000000 -0.864631689466482E+003  0.395248151831896E+000 
     14.98000000 -0.864631689450965E+003  0.395248167349468E+000 
     15.00000000 -0.864631689435694E+003  0.395248182620521E+000 
     15.02000000 -0.864631689420988E+003  0.395248197326029E+000 
     15.04000000 -0.864631689407112E+003  0.395248211202749E+000 
     15.06000000 -0.864631689394257E+003  0.395248224057235E+000 
     15.08000000 -0.864631689382544E+003  0.395248235770385E+000 
     15.10000000 -0.864631689372016E+003  0.395248246298309E+000 
     15.12000000 -0.864631689362650E+003  0.395248255664788E+000 
     15.14000000 -0.864631689354362E+003  0.395248263952576E+000 
     15.16000000 -0.864631689347023E+003  0.395248271290925E+000 
     15.18000000 -0.864631689340472E+003  0.395248277842250E+000 
     15.20000000 -0.864631689334520E+003  0.395248283794001E+000 
     15.22000000 -0.864631689328967E+003  0.395248289346970E+000 
     15.24000000 -0.864631689323605E+003  0.395248294709201E+000 
     15.26000000 -0.864631689318223E+003  0.395248300091541E+000 
     15.28000000 -0.864631689312616E+003  0.395248305697971E+000 
     15.30000000 -0.864631689306594E+003  0.395248311720681E+000 
     15.32000000 -0.864631689299985E+003  0.395248318329333E+000 
     15.34000000 -0.864631689292653E+003  0.395248325661302E+000 
     15.36000000 -0.864631689284505E+003  0.395248333809009E+000 
     15.38000000 -0.864631689275505E+003  0.395248342808996E+000 
     15.40000000 -0.864631689265681E+003  0.395248352633904E+000 
     15.42000000 -0.864631689255126E+003  0.395248363188220E+000 
     15.44000000 -0.864631689244005E+003  0.395248374309530E+000 
     15.46000000 -0.864631689232536E+003  0.395248385778288E+000 
     15.48000000 -0.864631689220983E+003  0.395248397331442E+000 
     15.50000000 -0.864631689209632E+003  0.395248408682740E+000 
     15.52000000 -0.864631689198766E+003  0.395248419547863E+000 
     15.54000000 -0.864631689188645E+003  0.395248429668982E+000 
     15.56000000 -0.864631689179475E+003  0.395248438839599E+000 
     15.58000000 -0.864631689171387E+003  0.395248446927754E+000 
     15.60000000 -0.864631689164428E+003  0.395248453886754E+000 
     15.62000000 -0.864631689158550E+003  0.395248459764742E+000 
     15.64000000 -0.864631689153615E+003  0.395248464699770E+000 
     15.66000000 -0.864631689149406E+003  0.395248468908580E+000 
     15.68000000 -0.864631689145651E+003  0.395248472663699E+000 
     15.70000000 -0.864631689142045E+003  0.395248476269262E+000 
     15.72000000 -0.864631689138285E+003  0.395248480029891E+000 
     15.74000000 -0.864631689134090E+003  0.395248484224007E+000 
     15.76000000 -0.864631689129235E+003  0.395248489079375E+000 
     15.78000000 -0.864631689123557E+003  0.395248494757151E+000 
     15.80000000 -0.864631689116970E+003  0.395248501344051E+000 
     15.82000000 -0.864631689109464E+003  0.395248508850904E+000 
     15.84000000 -0.864631689101093E+003  0.395248517221542E+000 
     15.86000000 -0.864631689091969E+003  0.395248526345465E+000 
     15.88000000 -0.864631689082244E+003  0.395248536070702E+000 
     15.90000000 -0.864631689072093E+003  0.395248546221306E+000 
     15.92000000 -0.864631689061705E+003  0.395248556609342E+000 
     15.94000000 -0.864631689051268E+003  0.395248567046102E+000 
     15.96000000 -0.864631689040963E+003  0.395248577351578E+000 
     15.98000000 -0.864631689030954E+003  0.395248587360167E+000 
     16.00000000 -0.864631689021390E+003  0.395248596924829E+000 
     16.02000000 -0.864631689012391E+003  0.395248605923269E+000 
     16.04000000 -0.864631689004055E+003  0.395248614259007E+000 
     16.06000000 -0.864631688996447E+003  0.395248621866981E+000 
     16.08000000 -0.864631688989598E+003  0.395248628716159E+000 
     16.10000000 -0.864631688983504E+003  0.395248634810698E+000 
     16.12000000 -0.864631688978122E+003  0.395248640192167E+000 
     16.14000000 -0.864631688973381E+003  0.395248644933169E+000 
     16.16000000 -0.864631688969177E+003  0.395248649137726E+000 
     16.18000000 -0.864631688965384E+003  0.395248652930064E+000 
     16.20000000 -0.864631688961866E+003  0.395248656448717E+000 
     16.22000000 -0.864631688958478E+003  0.395248659836860E+000 
     16.24000000 -0.864631688955080E+003  0.395248663234767E+000 
     16.26000000 -0.864631688951541E+003  0.395248666773238E+000 
     16.28000000 -0.864631688947745E+003  0.395248670569346E+000 
     16.30000000 -0.864631688943589E+003  0.395248674725179E+000 
     16.32000000 -0.864631688938988E+003  0.395248679326874E+000 
     16.34000000 -0.864631688933866E+003  0.395248684447903E+000 
     16.36000000 -0.864631688928163E+003  0.395248690150911E+000 
     16.38000000 -0.864631688921825E+003  0.395248696488972E+000 
     16.40000000 -0.864631688914809E+003  0.395248703505493E+000 
     16.42000000 -0.864631688907082E+003  0.395248711232474E+000 
     16.44000000 -0.864631688898629E+003  0.395248719684897E+000 
     16.46000000 -0.864631688889463E+003  0.395248728851357E+000 
     16.48000000 -0.864631688879627E+003  0.395248738686997E+000 
     16.50000000 -0.864631688869209E+003  0.395248749105775E+000 
     16.52000000 -0.864631688858341E+003  0.395248759973315E+000 
     16.54000000 -0.864631688847204E+003  0.395248771110190E+000 
     16.56000000 -0.864631688836018E+003  0.395248782296175E+000 
     16.58000000 -0.864631688825027E+003  0.395248793287555E+000 
     16.60000000 -0.864631688814478E+003  0.395248803835877E+000 
     16.62000000 -0.864631688804599E+003  0.395248813714923E+000 
     16.64000000 -0.864631688795567E+003  0.395248822747779E+000 
     16.66000000 -0.864631688787485E+003  0.395248830829651E+000 
     16.68000000 -0.864631688780366E+003  0.395248837948840E+000 
     16.70000000 -0.864631688774120E+003  0.395248844194674E+000 
     16.72000000 -0.864631688768559E+003  0.395248849754990E+000 
     16.74000000 -0.864631688763410E+003  0.395248854904345E+000 
     16.76000000 -0.864631688758336E+003  0.395248859978777E+000 
     16.78000000 -0.864631688752971E+003  0.395248865343038E+000 
     16.80000000 -0.864631688746960E+003  0.395248871354244E+000 
     16.82000000 -0.864631688739991E+003  0.395248878322911E+000 
     16.84000000 -0.864631688731835E+003  0.395248886479512E+000 
     16.86000000 -0.864631688722365E+003  0.395248895949045E+000 
     16.88000000 -0.864631688711578E+003  0.395248906736249E+000 
     16.90000000 -0.864631688699588E+003  0.395248918726468E+000 
     16.92000000 -0.864631688686614E+003  0.395248931700637E+000 
     16.94000000 -0.864631688672951E+003  0.395248945363127E+000 
     16.96000000 -0.864631688658938E+003  0.395248959376351E+000 
     16.98000000 -0.864631688644910E+003  0.395248973403979E+000 
     17.00000000 -0.864631688631165E+003  0.395248987149125E+000 
     17.02000000 -0.864631688617928E+003  0.395249000385958E+000 
     17.04000000 -0.864631688605333E+003  0.395249012981068E+000 
     17.06000000 -0.864631688593417E+003  0.395249024897717E+000 
     17.08000000 -0.864631688582126E+003  0.395249036188110E+000 
     17.10000000 -0.864631688571345E+003  0.395249046969417E+000 
     17.12000000 -0.864631688560918E+003  0.395249057396703E+000 
     17.14000000 -0.864631688550685E+003  0.395249067629867E+000 
     17.16000000 -0.864631688540510E+003  0.395249077804832E+000 
     17.18000000 -0.864631688530301E+003  0.395249088013151E+000 
     17.20000000 -0.864631688520019E+003  0.395249098294942E+000 
     17.22000000 -0.864631688509674E+003  0.395249108640054E+000 
     17.24000000 -0.864631688499313E+003  0.395249119001311E+000 
     17.26000000 -0.864631688489000E+003  0.395249129314038E+000 
     17.28000000 -0.864631688478798E+003  0.395249139516170E+000 
     17.30000000 -0.864631688468750E+003  0.395249149564009E+000 
     17.32000000 -0.864631688458870E+003  0.395249159444505E+000 
     17.34000000 -0.864631688449138E+003  0.395249169176316E+000 
     17.36000000 -0.864631688439513E+003  0.395249178801688E+000 
     17.38000000 -0.864631688429941E+003  0.395249188373504E+000 
     17.40000000 -0.864631688420377E+003  0.395249197937005E+000 
     17.42000000 -0.864631688410800E+003  0.395249207514137E+000 
     17.44000000 -0.864631688401221E+003  0.395249217093589E+000 
     17.46000000 -0.864631688391688E+003  0.395249226625962E+000 
     17.48000000 -0.864631688382281E+003  0.395249236033140E+000 
     17.50000000 -0.864631688373091E+003  0.395249245223576E+000 
     17.52000000 -0.864631688364204E+003  0.395249254110744E+000 
     17.54000000 -0.864631688355675E+003  0.395249262639637E+000 
     17.56000000 -0.864631688347514E+003  0.395249270800298E+000 
     17.58000000 -0.864631688339672E+003  0.395249278642514E+000 
     17.60000000 -0.864631688332041E+003  0.395249286273303E+000 
     17.62000000 -0.864631688324465E+003  0.395249293848891E+000 
     17.64000000 -0.864631688316758E+003  0.395249301556053E+000 
     17.66000000 -0.864631688308729E+003  0.395249309585431E+000 
     17.68000000 -0.864631688300208E+003  0.395249318105913E+000 
     17.70000000 -0.864631688291076E+003  0.395249327238151E+000 
     17.72000000 -0.864631688281281E+003  0.395249337033187E+000 
     17.74000000 -0.864631688270853E+003  0.395249347461439E+000 
     17.76000000 -0.864631688259906E+003  0.395249358408349E+000 
     17.78000000 -0.864631688248632E+003  0.395249369682018E+000 
     17.80000000 -0.864631688237282E+003  0.395249381032156E+000 
     17.82000000 -0.864631688226139E+003  0.395249392175121E+000 
     17.84000000 -0.864631688215489E+003  0.395249402825821E+000 
     17.86000000 -0.864631688205581E+003  0.395249412733192E+000 
     17.88000000 -0.864631688196601E+003  0.395249421713168E+000 
     17.90000000 -0.864631688188641E+003  0.395249429673810E+000 
     17.92000000 -0.864631688181682E+003  0.395249436632616E+000 
     17.94000000 -0.864631688175592E+003  0.395249442722805E+000 
     17.96000000 -0.864631688170134E+003  0.395249448180357E+000 
     17.98000000 -0.864631688164988E+003  0.395249453326038E+000 
     18.00000000 -0.864631688159784E+003  0.395249458530110E+000 
     18.02000000 -0.864631688154138E+003  0.395249464176466E+000 
     18.04000000 -0.864631688147694E+003  0.395249470620193E+000 
     18.06000000 -0.864631688140163E+003  0.395249478151021E+000 
     18.08000000 -0.864631688131352E+003  0.395249486962493E+000 
     18.10000000 -0.864631688121180E+003  0.395249497134268E+000 
     18.12000000 -0.864631688109692E+003  0.395249508622071E+000 
     18.14000000 -0.864631688097050E+003  0.395249521264550E+000 
     18.16000000 -0.864631688083515E+003  0.395249534799720E+000 
     18.18000000 -0.864631688069426E+003  0.395249548888833E+000 
     18.20000000 -0.864631688055166E+003  0.395249563148480E+000 
     18.22000000 -0.864631688041133E+003  0.395249577181909E+000 
     18.24000000 -0.864631688027701E+003  0.395249590612961E+000 
     18.26000000 -0.864631688015200E+003  0.395249603114779E+000 
     18.28000000 -0.864631688003880E+003  0.395249614434368E+000 
     18.30000000 -0.864631687993905E+003  0.395249624409412E+000 
     18.32000000 -0.864631687985334E+003  0.395249632980842E+000 
     18.34000000 -0.864631687978120E+003  0.395249640193998E+000 
     18.36000000 -0.864631687972120E+003  0.395249646194763E+000 
     18.38000000 -0.864631687967096E+003  0.395249651218634E+000 
     18.40000000 -0.864631687962740E+003  0.395249655574003E+000 
     18.42000000 -0.864631687958693E+003  0.395249659621077E+000 
     18.44000000 -0.864631687954568E+003  0.395249663746265E+000 
     18.46000000 -0.864631687949978E+003  0.395249668336069E+000 
     18.48000000 -0.864631687944565E+003  0.395249673749441E+000 
     18.50000000 -0.864631687938024E+003  0.395249680290421E+000 
     18.52000000 -0.864631687930129E+003  0.395249688185808E+000 
     18.54000000 -0.864631687920749E+003  0.395249697565628E+000 
     18.56000000 -0.864631687909865E+003  0.395249708449506E+000 
     18.58000000 -0.864631687897574E+003  0.395249720740865E+000 
     18.60000000 -0.864631687884080E+003  0.395249734234078E+000 
     18.62000000 -0.864631687869690E+003  0.395249748624622E+000 
     18.64000000 -0.864631687854783E+003  0.395249763531212E+000 
     18.66000000 -0.864631687839787E+003  0.395249778527130E+000 
     18.68000000 -0.864631687825143E+003  0.395249793171734E+000 
     18.70000000 -0.864631687811264E+003  0.395249807050001E+000 
     18.72000000 -0.864631687798509E+003  0.395249819805879E+000 
     18.74000000 -0.864631687787139E+003  0.395249831175642E+000 
     18.76000000 -0.864631687777304E+003  0.395249841010025E+000 
     18.78000000 -0.864631687769024E+003  0.395249849290272E+000 
     18.80000000 -0.864631687762184E+003  0.395249856130846E+000 
     18.82000000 -0.864631687756543E+003  0.395249861771015E+000 
     18.84000000 -0.864631687751757E+003  0.395249866557648E+000 
     18.86000000 -0.864631687747399E+003  0.395249870915627E+000 
     18.88000000 -0.864631687743000E+003  0.395249875314306E+000 
     18.90000000 -0.864631687738087E+003  0.395249880227098E+000 
     18.92000000 -0.864631687732221E+003  0.395249886093292E+000 
     18.94000000 -0.864631687725036E+003  0.395249893278703E+000 
     18.96000000 -0.864631687716268E+003  0.395249902046092E+000 
     18.98000000 -0.864631687705783E+003  0.395249912531382E+000 
     19.00000000 -0.864631687693580E+003  0.395249924734767E+000 
     19.02000000 -0.864631687679794E+003  0.395249938520710E+000 
     19.04000000 -0.864631687664682E+003  0.395249953632830E+000 
     19.06000000 -0.864631687648595E+003  0.395249969719234E+000 
     19.08000000 -0.864631687631952E+003  0.395249986362288E+000 
     19.10000000 -0.864631687615200E+003  0.395250003114584E+000 
     19.12000000 -0.864631687598780E+003  0.395250019534900E+000 
     19.14000000 -0.864631687583096E+003  0.395250035218172E+000 
     19.16000000 -0.864631687568492E+003  0.395250049822559E+000 
     19.18000000 -0.864631687555226E+003  0.395250063087911E+000 
     19.20000000 -0.864631687543465E+003  0.395250074849785E+000 
     19.22000000 -0.864631687533270E+003  0.395250085043892E+000 
     19.24000000 -0.864631687524605E+003  0.395250093709773E+000 
     19.26000000 -0.864631687517328E+003  0.395250100986444E+000 
     19.28000000 -0.864631687511208E+003  0.395250107106602E+000 
     19.30000000 -0.864631687505930E+003  0.395250112383953E+000 
     19.32000000 -0.864631687501114E+003  0.395250117200264E+000 
     19.34000000 -0.864631687496330E+003  0.395250121984287E+000 
     19.36000000 -0.864631687491127E+003  0.395250127187489E+000 
     19.38000000 -0.864631687485062E+003  0.395250133252832E+000 
     19.40000000 -0.864631687477730E+003  0.395250140584801E+000 
     19.42000000 -0.864631687468800E+003  0.395250149514796E+000 
     19.44000000 -0.864631687458044E+003  0.395250160270581E+000 
     19.46000000 -0.864631687445363E+003  0.395250172951537E+000 
     19.48000000 -0.864631687430801E+003  0.395250187513580E+000 
     19.50000000 -0.864631687414549E+003  0.395250203765587E+000 
     19.52000000 -0.864631687396936E+003  0.395250221378380E+000 
     19.54000000 -0.864631687378405E+003  0.395250239909676E+000 
     19.56000000 -0.864631687359477E+003  0.395250258837529E+000 
     19.58000000 -0.864631687340710E+003  0.395250277603937E+000 
     19.60000000 -0.864631687322651E+003  0.395250295662882E+000 
     19.62000000 -0.864631687305788E+003  0.395250312526353E+000 
     19.64000000 -0.864631687290510E+003  0.395250327804560E+000 
     19.66000000 -0.864631687277079E+003  0.395250341234934E+000 
     19.68000000 -0.864631687265614E+003  0.395250352700502E+000 
     19.70000000 -0.864631687256082E+003  0.395250362232197E+000 
     19.72000000 -0.864631687248317E+003  0.395250369996880E+000 
     19.74000000 -0.864631687242039E+003  0.395250376275487E+000 
     19.76000000 -0.864631687236880E+003  0.395250381434799E+000 
     19.78000000 -0.864631687232424E+003  0.395250385890612E+000 
     19.80000000 -0.864631687228240E+003  0.395250390074771E+000 
     19.82000000 -0.864631687223912E+003  0.395250394402394E+000 
     19.84000000 -0.864631687219073E+003  0.395250399241811E+000 
     19.86000000 -0.864631687213419E+003  0.395250404895321E+000 
     19.88000000 -0.864631687206734E+003  0.395250411580346E+000 
     19.90000000 -0.864631687198891E+003  0.395250419423722E+000 
     19.92000000 -0.864631687189858E+003  0.395250428456772E+000 
     19.94000000 -0.864631687179694E+003  0.395250438620427E+000 
     19.96000000 -0.864631687168538E+003  0.395250449776443E+000 
     19.98000000 -0.864631687156595E+003  0.395250461719291E+000 
     20.00000000 -0.864631687144118E+003  0.395250474196845E+000 
     20.02000000 -0.864631687131385E+003  0.395250486929328E+000 
     20.04000000 -0.864631687118685E+003  0.395250499629329E+000 
     20.06000000 -0.864631687106292E+003  0.395250512022002E+000 
     20.08000000 -0.864631687094454E+003  0.395250523860539E+000 
     20.10000000 -0.864631687083374E+003  0.395250534939989E+000 
     20.12000000 -0.864631687073209E+003  0.395250545104997E+000 
     20.14000000 -0.864631687064058E+003  0.395250554256763E+000 
     20.16000000 -0.864631687055962E+003  0.395250562352555E+000 
     20.18000000 -0.864631687048908E+003  0.395250569406393E+000 
     20.20000000 -0.864631687042831E+003  0.395250575483143E+000 
     20.22000000 -0.864631687037621E+003  0.395250580693016E+000 
     20.24000000 -0.864631687033129E+003  0.395250585185275E+000 
     20.26000000 -0.864631687029177E+003  0.395250589136932E+000 
     20.28000000 -0.864631687025570E+003  0.395250592744236E+000 
     20.30000000 -0.864631687022105E+003  0.395250596209041E+000 
     20.32000000 -0.864631687018586E+003  0.395250599728178E+000 
     20.34000000 -0.864631687014834E+003  0.395250603480106E+000 
     20.36000000 -0.864631687010701E+003  0.395250607613704E+000 
     20.38000000 -0.864631687006078E+003  0.395250612236183E+000 
     20.40000000 -0.864631687000908E+003  0.395250617406419E+000 
     20.42000000 -0.864631686995185E+003  0.395250623128956E+000 
     20.44000000 -0.864631686988960E+003  0.395250629354778E+000 
     20.46000000 -0.864631686982331E+003  0.395250635983925E+000 
     20.48000000 -0.864631686975438E+003  0.395250642876027E+000 
     20.50000000 -0.864631686968452E+003  0.395250649862675E+000 
     20.52000000 -0.864631686961553E+003  0.395250656761544E+000 
     20.54000000 -0.864631686954918E+003  0.395250663396685E+000 
     20.56000000 -0.864631686948702E+003  0.395250669611970E+000 
     20.58000000 -0.864631686943029E+003  0.395250675285105E+000 
     20.60000000 -0.864631686937976E+003  0.395250680338269E+000 
     20.62000000 -0.864631686933572E+003  0.395250684742652E+000 
     20.64000000 -0.864631686929797E+003  0.395250688517878E+000 
     20.66000000 -0.864631686926586E+003  0.395250691728624E+000 
     20.68000000 -0.864631686923838E+003  0.395250694476783E+000 
     20.70000000 -0.864631686921423E+003  0.395250696891223E+000 
     20.72000000 -0.864631686919197E+003  0.395250699117631E+000 
     20.74000000 -0.864631686917008E+003  0.395250701306819E+000 
     20.76000000 -0.864631686914710E+003  0.395250703604187E+000 
     20.78000000 -0.864631686912175E+003  0.395250706139856E+000 
     20.80000000 -0.864631686909298E+003  0.395250709016495E+000 
     20.82000000 -0.864631686906012E+003  0.395250712302646E+000 
     20.84000000 -0.864631686902288E+003  0.395250716026636E+000 
     20.86000000 -0.864631686898145E+003  0.395250720169708E+000 
     20.88000000 -0.864631686893646E+003  0.395250724668831E+000 
     20.90000000 -0.864631686888893E+003  0.395250729420951E+000 
     20.92000000 -0.864631686884019E+003  0.395250734295267E+000 
     20.94000000 -0.864631686879167E+003  0.395250739147155E+000 
     20.96000000 -0.864631686874475E+003  0.395250743838950E+000 
     20.98000000 -0.864631686870054E+003  0.395250748260251E+000 
     21.00000000 -0.864631686865970E+003  0.395250752344738E+000 
     21.02000000 -0.864631686862232E+003  0.395250756082552E+000 
     21.04000000 -0.864631686858789E+003  0.395250759524929E+000 
     21.06000000 -0.864631686855536E+003  0.395250762778114E+000 
     21.08000000 -0.864631686852324E+003  0.395250765990310E+000 
     21.10000000 -0.864631686848986E+003  0.395250769328665E+000 
     21.12000000 -0.864631686845360E+003  0.395250772954337E+000 
     21.14000000 -0.864631686841319E+003  0.395250776995708E+000 
     21.16000000 -0.864631686836788E+003  0.395250781526443E+000 
     21.18000000 -0.864631686831763E+003  0.395250786551572E+000 
     21.20000000 -0.864631686826310E+003  0.395250792004096E+000 
     21.22000000 -0.864631686820562E+003  0.395250797752058E+000 
     21.24000000 -0.864631686814696E+003  0.395250803618445E+000 
     21.26000000 -0.864631686808910E+003  0.395250809404787E+000 
     21.28000000 -0.864631686803391E+003  0.395250814923147E+000 
     21.30000000 -0.864631686798293E+003  0.395250820021554E+000 
     21.32000000 -0.864631686793708E+003  0.395250824606427E+000 
     21.34000000 -0.864631686789659E+003  0.395250828655145E+000 
     21.36000000 -0.864631686786099E+003  0.395250832215078E+000 
     21.38000000 -0.864631686782918E+003  0.395250835396241E+000 
     21.40000000 -0.864631686779965E+003  0.395250838349447E+000 
     21.42000000 -0.864631686777072E+003  0.395250841242327E+000 
     21.44000000 -0.864631686774079E+003  0.395250844235266E+000 
     21.46000000 -0.864631686770857E+003  0.395250847457322E+000 
     21.48000000 -0.864631686767324E+003  0.395250850990186E+000 
     21.50000000 -0.864631686763453E+003  0.395250854861604E+000 
     21.52000000 -0.864631686759269E+003  0.395250859045472E+000 
     21.54000000 -0.864631686754843E+003  0.395250863471026E+000 
     21.56000000 -0.864631686750278E+003  0.395250868036855E+000 
     21.58000000 -0.864631686745687E+003  0.395250872626852E+000 
     21.60000000 -0.864631686741190E+003  0.395250877124429E+000 
     21.62000000 -0.864631686736888E+003  0.395250881426143E+000 
     21.64000000 -0.864631686732867E+003  0.395250885447406E+000 
     21.66000000 -0.864631686729188E+003  0.395250889126442E+000 
     21.68000000 -0.864631686725891E+003  0.395250892423614E+000 
     21.70000000 -0.864631686722996E+003  0.395250895318815E+000 
     21.72000000 -0.864631686720506E+003  0.395250897808177E+000 
     21.74000000 -0.864631686718411E+003  0.395250899903495E+000 
     21.76000000 -0.864631686716684E+003  0.395250901630387E+000 
     21.78000000 -0.864631686715284E+003  0.395250903030907E+000 
     21.80000000 -0.864631686714148E+003  0.395250904165863E+000 
     21.82000000 -0.864631686713199E+003  0.395250905115881E+000 
     21.84000000 -0.864631686712333E+003  0.395250905981212E+000 
     21.86000000 -0.864631686711436E+003  0.395250906878543E+000 
     21.88000000 -0.864631686710381E+003  0.395250907933839E+000 
     21.90000000 -0.864631686709042E+003  0.395250909272004E+000 
     21.92000000 -0.864631686707311E+003  0.395250911003730E+000 
     21.94000000 -0.864631686705100E+003  0.395250913214187E+000 
     21.96000000 -0.864631686702365E+003  0.395250915949585E+000 
     21.98000000 -0.864631686699104E+003  0.395250919210601E+000 
     22.00000000 -0.864631686695365E+003  0.395250922949768E+000 
     22.02000000 -0.864631686691239E+003  0.395250927075536E+000 
     22.04000000 -0.864631686686852E+003  0.395250931462420E+000 
     22.06000000 -0.864631686682349E+003  0.395250935965314E+000 
     22.08000000 -0.864631686677876E+003  0.395250940438142E+000 
     22.10000000 -0.864631686673562E+003  0.395250944752037E+000 
     22.12000000 -0.864631686669501E+003  0.395250948813516E+000 
     22.14000000 -0.864631686665738E+003  0.395250952576465E+000 
     22.16000000 -0.864631686662264E+003  0.395250956050551E+000 
     22.18000000 -0.864631686659012E+003  0.395250959302287E+000 
     22.20000000 -0.864631686655866E+003  0.395250962447971E+000 
     22.22000000 -0.864631686652671E+003  0.395250965643055E+000 
     22.24000000 -0.864631686649252E+003  0.395250969061940E+000 
     22.26000000 -0.864631686645434E+003  0.395250972880767E+000 
     22.28000000 -0.864631686641060E+003  0.395250977254890E+000 
     22.30000000 -0.864631686636015E+003  0.395250982299740E+000 
     22.32000000 -0.864631686630236E+003  0.395250988078347E+000 
     22.34000000 -0.864631686623721E+003  0.395250994592935E+000 
     22.36000000 -0.864631686616529E+003  0.395251001785790E+000 
     22.38000000 -0.864631686608766E+003  0.395251009548153E+000 
     22.40000000 -0.864631686600579E+003  0.395251017735303E+000 
     22.42000000 -0.864631686592127E+003  0.395251026187147E+000 
     22.44000000 -0.864631686583565E+003  0.395251034749683E+000 
     22.46000000 -0.864631686575019E+003  0.395251043295107E+000 
     22.48000000 -0.864631686566577E+003  0.395251051737380E+000 
     22.50000000 -0.864631686558272E+003  0.395251060042473E+000 
     22.52000000 -0.864631686550086E+003  0.395251068228656E+000 
     22.54000000 -0.864631686541956E+003  0.395251076358864E+000 
     22.56000000 -0.864631686533788E+003  0.395251084526196E+000 
     22.58000000 -0.864631686525480E+003  0.395251092833995E+000 
     22.60000000 -0.864631686516941E+003  0.395251101373136E+000 
     22.62000000 -0.864631686508110E+003  0.395251110204426E+000 
     22.64000000 -0.864631686498973E+003  0.395251119341207E+000 
     22.66000000 -0.864631686489570E+003  0.395251128744229E+000 
     22.68000000 -0.864631686479989E+003  0.395251138325808E+000 
     22.70000000 -0.864631686470353E+003  0.395251147960945E+000 
     22.72000000 -0.864631686460805E+003  0.395251157509462E+000 
     22.74000000 -0.864631686451473E+003  0.395251166841428E+000 
     22.76000000 -0.864631686442453E+003  0.395251175861136E+000 
     22.78000000 -0.864631686433785E+003  0.395251184529047E+000 
     22.80000000 -0.864631686425444E+003  0.395251192870006E+000 
     22.82000000 -0.864631686417342E+003  0.395251200972565E+000 
     22.84000000 -0.864631686409339E+003  0.395251208975164E+000 
     22.86000000 -0.864631686401272E+003  0.395251217042244E+000 
     22.88000000 -0.864631686392982E+003  0.395251225332255E+000 
     22.90000000 -0.864631686384345E+003  0.395251233969520E+000 
     22.92000000 -0.864631686375297E+003  0.395251243017264E+000 
     22.94000000 -0.864631686365851E+003  0.395251252463500E+000 
     22.96000000 -0.864631686356095E+003  0.395251262219286E+000 
     22.98000000 -0.864631686346185E+003  0.395251272129654E+000 
     23.00000000 -0.864631686336315E+003  0.395251281999806E+000 
     23.02000000 -0.864631686326691E+003  0.395251291622955E+000 
     23.04000000 -0.864631686317500E+003  0.395251300814647E+000 
     23.06000000 -0.864631686308872E+003  0.395251309442245E+000 
     23.08000000 -0.864631686300870E+003  0.395251317444457E+000 
     23.10000000 -0.864631686293472E+003  0.395251324842165E+000 
     23.12000000 -0.864631686286579E+003  0.395251331735716E+000 
     23.14000000 -0.864631686280024E+003  0.395251338290521E+000 
     23.16000000 -0.864631686273601E+003  0.395251344713269E+000 
     23.18000000 -0.864631686267093E+003  0.395251351221477E+000 
     23.20000000 -0.864631686260300E+003  0.395251358014197E+000 
     23.22000000 -0.864631686253070E+003  0.395251365243885E+000 
     23.24000000 -0.864631686245319E+003  0.395251372995033E+000 
     23.26000000 -0.864631686237042E+003  0.395251381272477E+000 
     23.28000000 -0.864631686228312E+003  0.395251390002163E+000 
     23.30000000 -0.864631686219272E+003  0.395251399042173E+000 
     23.32000000 -0.864631686210110E+003  0.395251408204379E+000 
     23.34000000 -0.864631686201034E+003  0.395251417280932E+000 
     23.36000000 -0.864631686192240E+003  0.395251426074616E+000 
     23.38000000 -0.864631686183887E+003  0.395251434427078E+000 
     23.40000000 -0.864631686176076E+003  0.395251442238842E+000 
     23.42000000 -0.864631686168832E+003  0.395251449481968E+000 
     23.44000000 -0.864631686162115E+003  0.395251456198992E+000 
     23.46000000 -0.864631686155821E+003  0.395251462493840E+000 
     23.48000000 -0.864631686149803E+003  0.395251468511619E+000 
     23.50000000 -0.864631686143897E+003  0.395251474417256E+000 
     23.52000000 -0.864631686137946E+003  0.395251480368427E+000 
     23.54000000 -0.864631686131817E+003  0.395251486497575E+000 
     23.56000000 -0.864631686125420E+003  0.395251492894317E+000 
     23.58000000 -0.864631686118715E+003  0.395251499599837E+000 
     23.60000000 -0.864631686111707E+003  0.395251506607368E+000 
     23.62000000 -0.864631686104447E+003  0.395251513867605E+000 
     23.64000000 -0.864631686097013E+003  0.395251521301275E+000 
     23.66000000 -0.864631686089502E+003  0.395251528812189E+000 
     23.68000000 -0.864631686082016E+003  0.395251536298740E+000 
     23.70000000 -0.864631686074650E+003  0.395251543664062E+000 
     23.72000000 -0.864631686067492E+003  0.395251550822887E+000 
     23.74000000 -0.864631686060610E+003  0.395251557704741E+000 
     23.76000000 -0.864631686054062E+003  0.395251564252779E+000 
     23.78000000 -0.864631686047890E+003  0.395251570424560E+000 
     23.80000000 -0.864631686042126E+003  0.395251576188570E+000 
     23.82000000 -0.864631686036790E+003  0.395251581524506E+000 
     23.84000000 -0.864631686031887E+003  0.395251586427244E+000 
     23.86000000 -0.864631686027407E+003  0.395251590906936E+000 
     23.88000000 -0.864631686023319E+003  0.395251594995677E+000 
     23.90000000 -0.864631686019564E+003  0.395251598749925E+000 
     23.92000000 -0.864631686016065E+003  0.395251602249630E+000 
     23.94000000 -0.864631686012717E+003  0.395251605596976E+000 
     23.96000000 -0.864631686009408E+003  0.395251608906330E+000 
     23.98000000 -0.864631686006020E+003  0.395251612294666E+000 
     24.00000000 -0.864631686002448E+003  0.395251615866296E+000 
     24.02000000 -0.864631685998616E+003  0.395251619698657E+000 
     24.04000000 -0.864631685994482E+003  0.395251623832545E+000 
     24.06000000 -0.864631685990053E+003  0.395251628261290E+000 
     24.08000000 -0.864631685985382E+003  0.395251632932203E+000 
     24.10000000 -0.864631685980565E+003  0.395251637749192E+000 
     24.12000000 -0.864631685975731E+003  0.395251642583581E+000 
     24.14000000 -0.864631685971024E+003  0.395251647290748E+000 
     24.16000000 -0.864631685966587E+003  0.395251651727323E+000 
     24.18000000 -0.864631685962544E+003  0.395251655770724E+000 
     24.20000000 -0.864631685958979E+003  0.395251659334910E+000 
     24.22000000 -0.864631685955932E+003  0.395251662382083E+000 
     24.24000000 -0.864631685953386E+003  0.395251664928676E+000 
     24.26000000 -0.864631685951273E+003  0.395251667041009E+000 
     24.28000000 -0.864631685949486E+003  0.395251668828323E+000 
     24.30000000 -0.864631685947888E+003  0.395251670425962E+000 
     24.32000000 -0.864631685946337E+003  0.395251671977583E+000 
     24.34000000 -0.864631685944697E+003  0.395251673616986E+000 
     24.36000000 -0.864631685942864E+003  0.395251675450123E+000 
     24.38000000 -0.864631685940770E+003  0.395251677544764E+000 
     24.40000000 -0.864631685938390E+003  0.395251679924401E+000 
     24.42000000 -0.864631685935748E+003  0.395251682566702E+000 
     24.44000000 -0.864631685932902E+003  0.395251685412019E+000 
     24.46000000 -0.864631685929942E+003  0.395251688372571E+000 
     24.48000000 -0.864631685926970E+003  0.395251691344725E+000 
     24.50000000 -0.864631685924091E+003  0.395251694223491E+000 
     24.52000000 -0.864631685921399E+003  0.395251696915192E+000 
     24.54000000 -0.864631685918969E+003  0.395251699345776E+000 
     24.56000000 -0.864631685916845E+003  0.395251701469807E+000 
     24.58000000 -0.864631685915043E+003  0.395251703271428E+000 
     24.60000000 -0.864631685913550E+003  0.395251704764852E+000 
     24.62000000 -0.864631685912322E+003  0.395251705991842E+000 
     24.64000000 -0.864631685911301E+003  0.395251707013882E+000 
     24.66000000 -0.864631685910409E+003  0.395251707905799E+000 
     24.68000000 -0.864631685909567E+003  0.395251708747252E+000 
     24.70000000 -0.864631685908699E+003  0.395251709615000E+000 
     24.72000000 -0.864631685907738E+003  0.395251710576135E+000 
     24.74000000 -0.864631685906632E+003  0.395251711681895E+000 
     24.76000000 -0.864631685905350E+003  0.395251712964763E+000 
     24.78000000 -0.864631685903880E+003  0.395251714434598E+000 
     24.80000000 -0.864631685902234E+003  0.395251716080381E+000 
     24.82000000 -0.864631685900443E+003  0.395251717870981E+000 
     24.84000000 -0.864631685898556E+003  0.395251719758256E+000 
     24.86000000 -0.864631685896632E+003  0.395251721682654E+000 
     24.88000000 -0.864631685894734E+003  0.395251723580370E+000 
     24.90000000 -0.864631685892927E+003  0.395251725387405E+000 
     24.92000000 -0.864631685891265E+003  0.395251727049912E+000 
     24.94000000 -0.864631685889787E+003  0.395251728526998E+000 
     24.96000000 -0.864631685888518E+003  0.395251729796235E+000 
     24.98000000 -0.864631685887459E+003  0.395251730855301E+000 
     25.00000000 -0.864631685886594E+003  0.395251731720149E+000 
     25.02000000 -0.864631685885890E+003  0.395251732423938E+000 
     25.04000000 -0.864631685885302E+003  0.395251733012104E+000 
     25.06000000 -0.864631685884778E+003  0.395251733536465E+000 
     25.08000000 -0.864631685884264E+003  0.395251734050579E+000 
     25.10000000 -0.864631685883711E+003  0.395251734603072E+000 
     25.12000000 -0.864631685883079E+003  0.395251735235225E+000 
     25.14000000 -0.864631685882338E+003  0.395251735976524E+000 
     25.16000000 -0.864631685881471E+003  0.395251736843305E+000 
     25.18000000 -0.864631685880475E+003  0.395251737839437E+000 
     25.20000000 -0.864631685879358E+003  0.395251738956218E+000 
     25.22000000 -0.864631685878140E+003  0.395251740174120E+000 
     25.24000000 -0.864631685876849E+003  0.395251741464915E+000 
     25.26000000 -0.864631685875520E+003  0.395251742794572E+000 
     25.28000000 -0.864631685874190E+003  0.395251744124230E+000 
     25.30000000 -0.864631685872900E+003  0.395251745414638E+000 
     25.32000000 -0.864631685871686E+003  0.395251746628287E+000 
     25.34000000 -0.864631685870581E+003  0.395251747733660E+000 
     25.36000000 -0.864631685869605E+003  0.395251748709490E+000 
     25.38000000 -0.864631685868766E+003  0.395251749548043E+000 
     25.40000000 -0.864631685868056E+003  0.395251750258212E+000 
     25.42000000 -0.864631685867450E+003  0.395251750864553E+000 
     25.44000000 -0.864631685866908E+003  0.395251751406122E+000 
     25.46000000 -0.864631685866383E+003  0.395251751931450E+000 
     25.48000000 -0.864631685865823E+003  0.395251752491581E+000 
     25.50000000 -0.864631685865182E+003  0.395251753132241E+000 
     25.52000000 -0.864631685864428E+003  0.395251753886590E+000 
     25.54000000 -0.864631685863545E+003  0.395251754769806E+000 
     25.56000000 -0.864631685862538E+003  0.395251755776572E+000 
     25.58000000 -0.864631685861433E+003  0.395251756881559E+000 
     25.60000000 -0.864631685860269E+003  0.395251758045227E+000 
     25.62000000 -0.864631685859095E+003  0.395251759219529E+000 
     25.64000000 -0.864631685857957E+003  0.395251760356998E+000 
     25.66000000 -0.864631685856895E+003  0.395251761419642E+000 
     25.68000000 -0.864631685855929E+003  0.395251762385321E+000 
     25.70000000 -0.864631685855063E+003  0.395251763251039E+000 
     25.72000000 -0.864631685854281E+003  0.395251764033521E+000 
     25.74000000 -0.864631685853550E+003  0.395251764764571E+000 
     25.76000000 -0.864631685852831E+003  0.395251765483054E+000 
     25.78000000 -0.864631685852087E+003  0.395251766227446E+000 
     25.80000000 -0.864631685851289E+003  0.395251767025686E+000 
     25.82000000 -0.864631685850426E+003  0.395251767888310E+000 
     25.84000000 -0.864631685849507E+003  0.395251768807489E+000 
     25.86000000 -0.864631685848557E+003  0.395251769757217E+000 
     25.88000000 -0.864631685847615E+003  0.395251770699211E+000 
     25.90000000 -0.864631685846721E+003  0.395251771593834E+000 
     25.92000000 -0.864631685845908E+003  0.395251772406768E+000 
     25.94000000 -0.864631685845195E+003  0.395251773119548E+000 
     25.96000000 -0.864631685844581E+003  0.395251773733816E+000 
     25.98000000 -0.864631685844043E+003  0.395251774271711E+000 
     26.00000000 -0.864631685843541E+003  0.395251774773161E+000 
     26.02000000 -0.864631685843026E+003  0.395251775287951E+000 
     26.04000000 -0.864631685842446E+003  0.395251775867900E+000 
     26.06000000 -0.864631685841757E+003  0.395251776557284E+000 
     26.08000000 -0.864631685840930E+003  0.395251777384816E+000 
     26.10000000 -0.864631685839956E+003  0.395251778358519E+000 
     26.12000000 -0.864631685838849E+003  0.395251779465246E+000 
     26.14000000 -0.864631685837643E+003  0.395251780671354E+000 
     26.16000000 -0.864631685836385E+003  0.395251781929666E+000 
     26.18000000 -0.864631685835129E+003  0.395251783185465E+000 
     26.20000000 -0.864631685833929E+003  0.395251784384999E+000 
     26.22000000 -0.864631685832829E+003  0.395251785485732E+000 
     26.24000000 -0.864631685831854E+003  0.395251786460015E+000 
     26.26000000 -0.864631685831014E+003  0.395251787300501E+000 
     26.28000000 -0.864631685830293E+003  0.395251788021305E+000 
     26.30000000 -0.864631685829660E+003  0.395251788654521E+000 
     26.32000000 -0.864631685829069E+003  0.395251789245007E+000 
     26.34000000 -0.864631685828471E+003  0.395251789843228E+000 
     26.36000000 -0.864631685827816E+003  0.395251790497906E+000 
     26.38000000 -0.864631685827068E+003  0.395251791246358E+000 
     26.40000000 -0.864631685826204E+003  0.395251792110433E+000 
     26.42000000 -0.864631685825221E+003  0.395251793093803E+000 
     26.44000000 -0.864631685824133E+003  0.395251794181195E+000 
     26.46000000 -0.864631685822973E+003  0.395251795341480E+000 
     26.48000000 -0.864631685821780E+003  0.395251796534730E+000 
     26.50000000 -0.864631685820596E+003  0.395251797718120E+000 
     26.52000000 -0.864631685819461E+003  0.395251798853656E+000 
     26.54000000 -0.864631685818400E+003  0.395251799914269E+000 
     26.56000000 -0.864631685817425E+003  0.395251800889229E+000 
     26.58000000 -0.864631685816531E+003  0.395251801783466E+000 
     26.60000000 -0.864631685815696E+003  0.395251802618151E+000 
     26.62000000 -0.864631685814889E+003  0.395251803425671E+000 
     26.64000000 -0.864631685814070E+003  0.395251804244116E+000 
     26.66000000 -0.864631685813203E+003  0.395251805111574E+000 
     26.68000000 -0.864631685812254E+003  0.395251806060528E+000 
     26.70000000 -0.864631685811200E+003  0.395251807114568E+000 
     26.72000000 -0.864631685810028E+003  0.395251808286356E+000 
     26.74000000 -0.864631685808737E+003  0.395251809577344E+000 
     26.76000000 -0.864631685807335E+003  0.395251810979701E+000 
     26.78000000 -0.864631685805835E+003  0.395251812479119E+000 
     26.80000000 -0.864631685804259E+003  0.395251814055103E+000 
     26.82000000 -0.864631685802630E+003  0.395251815683871E+000 
     26.84000000 -0.864631685800975E+003  0.395251817339901E+000 
     26.86000000 -0.864631685799319E+003  0.395251818995544E+000 
     26.88000000 -0.864631685797691E+003  0.395251820623345E+000 
     26.90000000 -0.864631685796118E+003  0.395251822196236E+000 
     26.92000000 -0.864631685794624E+003  0.395251823690240E+000 
     26.94000000 -0.864631685793227E+003  0.395251825087569E+000 
     26.96000000 -0.864631685791938E+003  0.395251826376721E+000 
     26.98000000 -0.864631685790756E+003  0.395251827557983E+000 
     27.00000000 -0.864631685789671E+003  0.395251828643829E+000 
     27.02000000 -0.864631685788655E+003  0.395251829659875E+000 
     27.04000000 -0.864631685787670E+003  0.395251830644599E+000 
     27.06000000 -0.864631685786668E+003  0.395251831645951E+000 
     27.08000000 -0.864631685785598E+003  0.395251832716715E+000 
     27.10000000 -0.864631685784405E+003  0.395251833909579E+000 
     27.12000000 -0.864631685783044E+003  0.395251835270753E+000 
     27.14000000 -0.864631685781480E+003  0.395251836834072E+000 
     27.16000000 -0.864631685779696E+003  0.395251838618002E+000 
     27.18000000 -0.864631685777691E+003  0.395251840623413E+000 
     27.20000000 -0.864631685775481E+003  0.395251842833483E+000 
     27.22000000 -0.864631685773099E+003  0.395251845215054E+000 
     27.24000000 -0.864631685770593E+003  0.395251847721914E+000 
     27.26000000 -0.864631685768015E+003  0.395251850299056E+000 
     27.28000000 -0.864631685765428E+003  0.395251852886639E+000 
     27.30000000 -0.864631685762891E+003  0.395251855423565E+000 
     27.32000000 -0.864631685760461E+003  0.395251857853376E+000 
     27.34000000 -0.864631685758187E+003  0.395251860127542E+000 
     27.36000000 -0.864631685756103E+003  0.395251862211259E+000 
     27.38000000 -0.864631685754229E+003  0.395251864085772E+000 
     27.40000000 -0.864631685752562E+003  0.395251865752147E+000 
     27.42000000 -0.864631685751082E+003  0.395251867232326E+000 
     27.44000000 -0.864631685749745E+003  0.395251868569235E+000 
     27.46000000 -0.864631685748490E+003  0.395251869824163E+000 
     27.48000000 -0.864631685747242E+003  0.395251871072131E+000 
     27.50000000 -0.864631685745917E+003  0.395251872397342E+000 
     27.52000000 -0.864631685744427E+003  0.395251873887382E+000 
     27.54000000 -0.864631685742690E+003  0.395251875624812E+000 
     27.56000000 -0.864631685740631E+003  0.395251877683587E+000 
     27.58000000 -0.864631685738193E+003  0.395251880121712E+000 
     27.60000000 -0.864631685735338E+003  0.395251882976890E+000 
     27.62000000 -0.864631685732054E+003  0.395251886259947E+000 
     27.64000000 -0.864631685728360E+003  0.395251889954644E+000 
     27.66000000 -0.864631685724303E+003  0.395251894011870E+000 
     27.68000000 -0.864631685719964E+003  0.395251898350417E+000 
     27.70000000 -0.864631685715455E+003  0.395251902859691E+000 
     27.72000000 -0.864631685710909E+003  0.395251907405025E+000 
     27.74000000 -0.864631685706478E+003  0.395251911835896E+000 
     27.76000000 -0.864631685702314E+003  0.395251916000623E+000 
     27.78000000 -0.864631685698554E+003  0.395251919760189E+000 
     27.80000000 -0.864631685695310E+003  0.395251923004383E+000 
     27.82000000 -0.864631685692648E+003  0.395251925666309E+000 
     27.84000000 -0.864631685690580E+003  0.395251927734268E+000 
     27.86000000 -0.864631685689057E+003  0.395251929257758E+000 
     27.88000000 -0.864631685687967E+003  0.395251930347567E+000 
     27.90000000 -0.864631685687146E+003  0.395251931168621E+000 
     27.92000000 -0.864631685686387E+003  0.395251931927128E+000 
     27.94000000 -0.864631685685464E+003  0.395251932850560E+000 
     27.96000000 -0.864631685684148E+003  0.395251934165910E+000 
     27.98000000 -0.864631685682237E+003  0.395251936076967E+000 
     28.00000000 -0.864631685679572E+003  0.395251938742276E+000 
     28.02000000 -0.864631685676055E+003  0.395251942259093E+000 
     28.04000000 -0.864631685671660E+003  0.395251946654871E+000 
     28.06000000 -0.864631685666429E+003  0.395251951884949E+000 
     28.08000000 -0.864631685660475E+003  0.395251957839116E+000 
     28.10000000 -0.864631685653959E+003  0.395251964355831E+000 
     28.12000000 -0.864631685647074E+003  0.395251971240682E+000 
     28.14000000 -0.864631685640028E+003  0.395251978285916E+000 
     28.16000000 -0.864631685633024E+003  0.395251985290836E+000 
     28.18000000 -0.864631685626236E+003  0.395251992078819E+000 
     28.20000000 -0.864631685619807E+003  0.395251998507657E+000 
     28.22000000 -0.864631685613839E+003  0.395252004475456E+000 
     28.24000000 -0.864631685608392E+003  0.395252009922760E+000 
     28.26000000 -0.864631685603486E+003  0.395252014828496E+000 
     28.28000000 -0.864631685599111E+003  0.395252019203779E+000 
     28.30000000 -0.864631685595226E+003  0.395252023087861E+000 
     28.32000000 -0.864631685591774E+003  0.395252026539906E+000 
     28.34000000 -0.864631685588676E+003  0.395252029638606E+000 
     28.36000000 -0.864631685585835E+003  0.395252032479379E+000 
     28.38000000 -0.864631685583140E+003  0.395252035174754E+000 
     28.40000000 -0.864631685580459E+003  0.395252037855434E+000 
     28.42000000 -0.864631685577646E+003  0.395252040668655E+000 
     28.44000000 -0.864631685574540E+003  0.395252043773929E+000 
     28.46000000 -0.864631685570979E+003  0.395252047335506E+000 
     28.48000000 -0.864631685566806E+003  0.395252051508257E+000 
     28.50000000 -0.864631685561892E+003  0.395252056422306E+000 
     28.52000000 -0.864631685556150E+003  0.395252062164564E+000 
     28.54000000 -0.864631685549551E+003  0.395252068763065E+000 
     28.56000000 -0.864631685542140E+003  0.395252076174694E+000 
     28.58000000 -0.864631685534032E+003  0.395252084282281E+000 
     28.60000000 -0.864631685525415E+003  0.395252092899824E+000 
     28.62000000 -0.864631685516526E+003  0.395252101788153E+000 
     28.64000000 -0.864631685507637E+003  0.395252110677254E+000 
     28.66000000 -0.864631685499020E+003  0.395252119294218E+000 
     28.68000000 -0.864631685490922E+003  0.395252127392620E+000 
     28.70000000 -0.864631685483538E+003  0.395252134776117E+000 
     28.72000000 -0.864631685476998E+003  0.395252141316421E+000 
     28.74000000 -0.864631685471352E+003  0.395252146962391E+000 
     28.76000000 -0.864631685466578E+003  0.395252151736359E+000 
     28.78000000 -0.864631685462588E+003  0.395252155726493E+000 
     28.80000000 -0.864631685459248E+003  0.395252159066008E+000 
     28.82000000 -0.864631685456398E+003  0.395252161915869E+000 
     28.84000000 -0.864631685453873E+003  0.395252164441097E+000 
     28.86000000 -0.864631685451519E+003  0.395252166795115E+000 
     28.88000000 -0.864631685449209E+003  0.395252169105243E+000 
     28.90000000 -0.864631685446847E+003  0.395252171467189E+000 
     28.92000000 -0.864631685444372E+003  0.395252173941953E+000 
     28.94000000 -0.864631685441752E+003  0.395252176562406E+000 
     28.96000000 -0.864631685438978E+003  0.395252179336764E+000 
     28.98000000 -0.864631685436056E+003  0.395252182258743E+000 
     29.00000000 -0.864631685433002E+003  0.395252185312876E+000 
     29.02000000 -0.864631685429836E+003  0.395252188477992E+000 
     29.04000000 -0.864631685426583E+003  0.395252191731757E+000 
     29.06000000 -0.864631685423266E+003  0.395252195048651E+000 
     29.08000000 -0.864631685419915E+003  0.395252198399284E+000 
     29.10000000 -0.864631685416564E+003  0.395252201750207E+000 
     29.12000000 -0.864631685413252E+003  0.395252205062074E+000 
     29.14000000 -0.864631685410022E+003  0.395252208292638E+000 
     29.16000000 -0.864631685406914E+003  0.395252211400812E+000 
     29.18000000 -0.864631685403965E+003  0.395252214349184E+000 
     29.20000000 -0.864631685401204E+003  0.395252217110104E+000 
     29.22000000 -0.864631685398646E+003  0.395252219668781E+000 
     29.24000000 -0.864631685396289E+003  0.395252222025217E+000 
     29.26000000 -0.864631685394122E+003  0.395252224192653E+000 
     29.28000000 -0.864631685392118E+003  0.395252226196034E+000 
     29.30000000 -0.864631685390250E+003  0.395252228064554E+000 
     29.32000000 -0.864631685388487E+003  0.395252229827506E+000 
     29.34000000 -0.864631685386807E+003  0.395252231506931E+000 
     29.36000000 -0.864631685385200E+003  0.395252233114431E+000 
     29.38000000 -0.864631685383667E+003  0.395252234647491E+000 
     29.40000000 -0.864631685382225E+003  0.395252236089485E+000 
     29.42000000 -0.864631685380900E+003  0.395252237414019E+000 
     29.44000000 -0.864631685379727E+003  0.395252238587354E+000 
     29.46000000 -0.864631685378738E+003  0.395252239576719E+000 
     29.48000000 -0.864631685377958E+003  0.395252240356106E+000 
     29.50000000 -0.864631685377402E+003  0.395252240912757E+000 
     29.52000000 -0.864631685377062E+003  0.395252241252663E+000 
     29.54000000 -0.864631685376911E+003  0.395252241403475E+000 
     29.56000000 -0.864631685376898E+003  0.395252241416236E+000 
     29.58000000 -0.864631685376951E+003  0.395252241363646E+000 
     29.60000000 -0.864631685376977E+003  0.395252241337350E+000 
     29.62000000 -0.864631685376873E+003  0.395252241441662E+000 
     29.64000000 -0.864631685376527E+003  0.395252241786885E+000 
     29.66000000 -0.864631685375835E+003  0.395252242479653E+000 
     29.68000000 -0.864631685374702E+003  0.395252243612869E+000 
     29.70000000 -0.864631685373058E+003  0.395252245256041E+000 
     29.72000000 -0.864631685370869E+003  0.395252247445327E+000 
     29.74000000 -0.864631685368139E+003  0.395252250175504E+000 
     29.76000000 -0.864631685364918E+003  0.395252253396594E+000 
     29.78000000 -0.864631685361299E+003  0.395252257015112E+000 
     29.80000000 -0.864631685357415E+003  0.395252260899193E+000 
     29.82000000 -0.864631685353424E+003  0.395252264890873E+000 
     29.84000000 -0.864631685349491E+003  0.395252268823002E+000 
     29.86000000 -0.864631685345778E+003  0.395252272536261E+000 
     29.88000000 -0.864631685342417E+003  0.395252275897818E+000 
     29.90000000 -0.864631685339497E+003  0.395252278817091E+000 
     29.92000000 -0.864631685337062E+003  0.395252281252025E+000 
     29.94000000 -0.864631685335100E+003  0.395252283214706E+000 
     29.96000000 -0.864631685333550E+003  0.395252284764394E+000 
     29.98000000 -0.864631685332315E+003  0.395252285999311E+000 
     30.00000000 -0.864631685331272E+003  0.395252287041943E+000 
