# Real time calculation: 
# Eall: Total energy
# Eall0: Initial total energy
# 1:Time[fs] 2:Eall[eV] 3:Eall-Eall0[eV] 
      0.00000000 -0.865026937618314E+003  0.000000000000000E+000 
      0.02000000 -0.865026937654987E+003 -0.366728004422868E-007 
      0.04000000 -0.865026937654974E+003 -0.366596527429422E-007 
      0.06000000 -0.865026937654748E+003 -0.364340150203677E-007 
      0.08000000 -0.865026937653862E+003 -0.355476087314708E-007 
      0.10000000 -0.865026937651416E+003 -0.331017499563488E-007 
      0.12000000 -0.865026937645868E+003 -0.275539042042571E-007 
      0.14000000 -0.865026937634824E+003 -0.165100301033725E-007 
      0.16000000 -0.865026937614830E+003  0.348404365204029E-008 
      0.18000000 -0.865026937581164E+003  0.371501779376050E-007 
      0.20000000 -0.865026937527640E+003  0.906740752721429E-007 
      0.22000000 -0.865026937446425E+003  0.171889250934236E-006 
      0.24000000 -0.865026937327877E+003  0.290437512233639E-006 
      0.26000000 -0.865026937160412E+003  0.457902562338442E-006 
      0.28000000 -0.865026936930407E+003  0.687907544603293E-006 
      0.30000000 -0.865026936622135E+003  0.996179427626486E-006 
      0.32000000 -0.865026936217746E+003  0.140056872679898E-005 
      0.34000000 -0.865026935697280E+003  0.192103480981688E-005 
      0.36000000 -0.865026935038723E+003  0.257959137239889E-005 
      0.38000000 -0.865026934218105E+003  0.340020976402640E-005 
      0.40000000 -0.865026933209628E+003  0.440868635085894E-005 
      0.42000000 -0.865026931985827E+003  0.563248774024408E-005 
      0.44000000 -0.865026930517755E+003  0.710055984905418E-005 
      0.46000000 -0.865026928775189E+003  0.884312575780897E-005 
      0.48000000 -0.865026926726866E+003  0.108914487620645E-004 
      0.50000000 -0.865026924340728E+003  0.132775860463991E-004 
      0.52000000 -0.865026921584180E+003  0.160341341410870E-004 
      0.54000000 -0.865026918424346E+003  0.191939683849677E-004 
      0.56000000 -0.865026914828354E+003  0.227899607332821E-004 
      0.58000000 -0.865026910763610E+003  0.268547047194020E-004 
      0.60000000 -0.865026906198088E+003  0.314202266888170E-004 
      0.62000000 -0.865026901100601E+003  0.365177133710693E-004 
      0.64000000 -0.865026895441036E+003  0.421772779280451E-004 
      0.66000000 -0.865026889190600E+003  0.484277141113317E-004 
      0.68000000 -0.865026882322005E+003  0.552963090041761E-004 
      0.70000000 -0.865026874809646E+003  0.628086687177943E-004 
      0.72000000 -0.865026866629737E+003  0.709885770536037E-004 
      0.74000000 -0.865026857760395E+003  0.798579193239056E-004 
      0.76000000 -0.865026848181703E+003  0.894366112963051E-004 
      0.78000000 -0.865026837875721E+003  0.997425933932548E-004 
      0.80000000 -0.865026826826494E+003  0.110791820541258E-003 
      0.82000000 -0.865026815020026E+003  0.122598288852963E-003 
      0.84000000 -0.865026802444195E+003  0.135174118960379E-003 
      0.86000000 -0.865026789088664E+003  0.148529650562297E-003 
      0.88000000 -0.865026774944730E+003  0.162673584148757E-003 
      0.90000000 -0.865026760005163E+003  0.177613151051075E-003 
      0.92000000 -0.865026744264008E+003  0.193354306693682E-003 
      0.94000000 -0.865026727716349E+003  0.209901965319230E-003 
      0.96000000 -0.865026710358064E+003  0.227260250471600E-003 
      0.98000000 -0.865026692185547E+003  0.245432767520642E-003 
      1.00000000 -0.865026673195425E+003  0.264422889624631E-003 
      1.02000000 -0.865026653384313E+003  0.284234001156056E-003 
      1.04000000 -0.865026632748507E+003  0.304869807735974E-003 
      1.06000000 -0.865026611283729E+003  0.326334585363574E-003 
      1.08000000 -0.865026588984893E+003  0.348633421231759E-003 
      1.10000000 -0.865026565845867E+003  0.371772447872205E-003 
      1.12000000 -0.865026541859273E+003  0.395759041434268E-003 
      1.14000000 -0.865026517016290E+003  0.420602024604253E-003 
      1.16000000 -0.865026491306533E+003  0.446311781647786E-003 
      1.18000000 -0.865026464717891E+003  0.472900423529448E-003 
      1.20000000 -0.865026437236407E+003  0.500381907112139E-003 
      1.22000000 -0.865026408846222E+003  0.528772092194891E-003 
      1.24000000 -0.865026379529538E+003  0.558088776315599E-003 
      1.26000000 -0.865026349266602E+003  0.588351712249067E-003 
      1.28000000 -0.865026318035761E+003  0.619582553192699E-003 
      1.30000000 -0.865026285813537E+003  0.651804777263901E-003 
      1.32000000 -0.865026252574709E+003  0.685043605423639E-003 
      1.34000000 -0.865026218292460E+003  0.719325854434884E-003 
      1.36000000 -0.865026182938502E+003  0.754679812056149E-003 
      1.38000000 -0.865026146483311E+003  0.791135003089774E-003 
      1.40000000 -0.865026108896315E+003  0.828721999320333E-003 
      1.42000000 -0.865026070146078E+003  0.867472236026892E-003 
      1.44000000 -0.865026030200641E+003  0.907417673719768E-003 
      1.46000000 -0.865025989027756E+003  0.948590558001672E-003 
      1.48000000 -0.865025946595233E+003  0.991023081691170E-003 
      1.50000000 -0.865025902871262E+003  0.103474705255325E-002 
      1.52000000 -0.865025857824715E+003  0.107979359950624E-002 
      1.54000000 -0.865025811425481E+003  0.112619283348853E-002 
      1.56000000 -0.865025763644770E+003  0.117397354486810E-002 
      1.58000000 -0.865025714455409E+003  0.122316290520246E-002 
      1.60000000 -0.865025663832174E+003  0.127378613989959E-002 
      1.62000000 -0.865025611752122E+003  0.132586619285494E-002 
      1.64000000 -0.865025558194894E+003  0.137942342018736E-002 
      1.66000000 -0.865025503142961E+003  0.143447535300050E-002 
      1.68000000 -0.865025446581889E+003  0.149103642505137E-002 
      1.70000000 -0.865025388500636E+003  0.154911767857061E-002 
      1.72000000 -0.865025328891727E+003  0.160872658773528E-002 
      1.74000000 -0.865025267751462E+003  0.166986685226931E-002 
      1.76000000 -0.865025205080111E+003  0.173253820322490E-002 
      1.78000000 -0.865025140882033E+003  0.179673628136632E-002 
      1.80000000 -0.865025075165777E+003  0.186245253701539E-002 
      1.82000000 -0.865025007944111E+003  0.192967420346601E-002 
      1.84000000 -0.865024939233990E+003  0.199838432395633E-002 
      1.86000000 -0.865024869056586E+003  0.206856172856356E-002 
      1.88000000 -0.865024797437155E+003  0.214018115939718E-002 
      1.90000000 -0.865024724404906E+003  0.221321340864975E-002 
      1.92000000 -0.865024649992966E+003  0.228762534788921E-002 
      1.94000000 -0.865024574238155E+003  0.236338015911037E-002 
      1.96000000 -0.865024497180742E+003  0.244043757245694E-002 
      1.98000000 -0.865024418864271E+003  0.251875404323207E-002 
      2.00000000 -0.865024339335286E+003  0.259828302867673E-002 
      2.02000000 -0.865024258642935E+003  0.267897537901717E-002 
      2.04000000 -0.865024176838763E+003  0.276077955150165E-002 
      2.06000000 -0.865024093976269E+003  0.284364204495130E-002 
      2.08000000 -0.865024010110586E+003  0.292750772845254E-002 
      2.10000000 -0.865023925298221E+003  0.301232009377366E-002 
      2.12000000 -0.865023839596522E+003  0.309802179239024E-002 
      2.14000000 -0.865023753063517E+003  0.318455479780129E-002 
      2.16000000 -0.865023665757462E+003  0.327186085284105E-002 
      2.18000000 -0.865023577736491E+003  0.335988182331340E-002 
      2.20000000 -0.865023489058462E+003  0.344855985267069E-002 
      2.22000000 -0.865023399780502E+003  0.353783781222579E-002 
      2.24000000 -0.865023309958903E+003  0.362765941116738E-002 
      2.26000000 -0.865023219648853E+003  0.371796946173743E-002 
      2.28000000 -0.865023128904222E+003  0.380871409268799E-002 
      2.30000000 -0.865023037777481E+003  0.389984083329111E-002 
      2.32000000 -0.865022946319542E+003  0.399129877256137E-002 
      2.34000000 -0.865022854579652E+003  0.408303866231058E-002 
      2.36000000 -0.865022762605408E+003  0.417501290661036E-002 
      2.38000000 -0.865022670442706E+003  0.426717560829240E-002 
      2.40000000 -0.865022578135693E+003  0.435948262086259E-002 
      2.42000000 -0.865022485726882E+003  0.445189143200848E-002 
      2.44000000 -0.865022393257241E+003  0.454436107349892E-002 
      2.46000000 -0.865022300766408E+003  0.463685190608380E-002 
      2.48000000 -0.865022208292815E+003  0.472932549894127E-002 
      2.50000000 -0.865022115873821E+003  0.482174449346367E-002 
      2.52000000 -0.865022023546078E+003  0.491407223647545E-002 
      2.54000000 -0.865021931345730E+003  0.500627258437106E-002 
      2.56000000 -0.865021839308627E+003  0.509830968762806E-002 
      2.58000000 -0.865021747470720E+003  0.519014759453930E-002 
      2.60000000 -0.865021655868309E+003  0.528175000546699E-002 
      2.62000000 -0.865021564538321E+003  0.537307999316403E-002 
      2.64000000 -0.865021473518604E+003  0.546409971043107E-002 
      2.66000000 -0.865021382848178E+003  0.555477013634658E-002 
      2.68000000 -0.865021292567541E+003  0.564505077309634E-002 
      2.70000000 -0.865021202718708E+003  0.573489960633703E-002 
      2.72000000 -0.865021113345495E+003  0.582427281904040E-002 
      2.74000000 -0.865021024493736E+003  0.591312457822986E-002 
      2.76000000 -0.865020936211336E+003  0.600140697890941E-002 
      2.78000000 -0.865020848548446E+003  0.608906986821316E-002 
      2.80000000 -0.865020761557468E+003  0.617606084646874E-002 
      2.82000000 -0.865020675293138E+003  0.626232517671020E-002 
      2.84000000 -0.865020589812499E+003  0.634780581503374E-002 
      2.86000000 -0.865020505174831E+003  0.643244348349006E-002 
      2.88000000 -0.865020421441558E+003  0.651617675660789E-002 
      2.90000000 -0.865020338676140E+003  0.659894217459947E-002 
      2.92000000 -0.865020256943889E+003  0.668067442520489E-002 
      2.94000000 -0.865020176311800E+003  0.676130651403212E-002 
      2.96000000 -0.865020096848302E+003  0.684077001242982E-002 
      2.98000000 -0.865020018622941E+003  0.691899537303208E-002 
      3.00000000 -0.865019941706133E+003  0.699591218178829E-002 
      3.02000000 -0.865019866168900E+003  0.707144941434321E-002 
      3.04000000 -0.865019792082464E+003  0.714553585028621E-002 
      3.06000000 -0.865019719517900E+003  0.721810041402470E-002 
      3.08000000 -0.865019648545755E+003  0.728907255916101E-002 
      3.10000000 -0.865019579235554E+003  0.735838276075765E-002 
      3.12000000 -0.865019511655534E+003  0.742596278080494E-002 
      3.14000000 -0.865019445872110E+003  0.749174620437633E-002 
      3.16000000 -0.865019381949541E+003  0.755566877383143E-002 
      3.18000000 -0.865019319949563E+003  0.761766875124774E-002 
      3.20000000 -0.865019259931029E+003  0.767768728558950E-002 
      3.22000000 -0.865019201949620E+003  0.773566869460985E-002 
      3.24000000 -0.865019146057537E+003  0.779156077768873E-002 
      3.26000000 -0.865019092303218E+003  0.784531509628490E-002 
      3.28000000 -0.865019040731183E+003  0.789688713112828E-002 
      3.30000000 -0.865018991381879E+003  0.794623643506197E-002 
      3.32000000 -0.865018944291468E+003  0.799332684601566E-002 
      3.34000000 -0.865018899491782E+003  0.803812653195911E-002 
      3.36000000 -0.865018857010207E+003  0.808060810710466E-002 
      3.38000000 -0.865018816869745E+003  0.812074856887558E-002 
      3.40000000 -0.865018779089021E+003  0.815852929307238E-002 
      3.42000000 -0.865018743682408E+003  0.819393590655280E-002 
      3.44000000 -0.865018710660320E+003  0.822695799421213E-002 
      3.46000000 -0.865018680029282E+003  0.825758903285799E-002 
      3.48000000 -0.865018651792361E+003  0.828582595366270E-002 
      3.50000000 -0.865018625949353E+003  0.831166896157567E-002 
      3.52000000 -0.865018602497222E+003  0.833512109226535E-002 
      3.54000000 -0.865018581430509E+003  0.835618780502385E-002 
      3.56000000 -0.865018562741583E+003  0.837487673170397E-002 
      3.58000000 -0.865018546421229E+003  0.839119708507263E-002 
      3.60000000 -0.865018532458990E+003  0.840515932460805E-002 
      3.62000000 -0.865018520843634E+003  0.841677468018559E-002 
      3.64000000 -0.865018511563634E+003  0.842605468050077E-002 
      3.66000000 -0.865018504607509E+003  0.843301080571863E-002 
      3.68000000 -0.865018499964262E+003  0.843765405205286E-002 
      3.70000000 -0.865018497623760E+003  0.843999455483286E-002 
      3.72000000 -0.865018497576957E+003  0.844004135735560E-002 
      3.74000000 -0.865018499816296E+003  0.843780201877481E-002 
      3.76000000 -0.865018504335937E+003  0.843328237782909E-002 
      3.78000000 -0.865018511131880E+003  0.842648643470597E-002 
      3.80000000 -0.865018520202100E+003  0.841741621424782E-002 
      3.82000000 -0.865018531546595E+003  0.840607171906484E-002 
      3.84000000 -0.865018545167366E+003  0.839245094790318E-002 
      3.86000000 -0.865018561068191E+003  0.837655012340948E-002 
      3.88000000 -0.865018579254699E+003  0.835836361527485E-002 
      3.90000000 -0.865018599734147E+003  0.833788416722601E-002 
      3.92000000 -0.865018622515133E+003  0.831510318163435E-002 
      3.94000000 -0.865018647607436E+003  0.829001087873837E-002 
      3.96000000 -0.865018675021672E+003  0.826259664254425E-002 
      3.98000000 -0.865018704768945E+003  0.823284936991656E-002 
      4.00000000 -0.865018736860414E+003  0.820075790039206E-002 
      4.02000000 -0.865018771306851E+003  0.816631146320143E-002 
      4.04000000 -0.865018808118135E+003  0.812950017968541E-002 
      4.06000000 -0.865018847302686E+003  0.809031562845255E-002 
      4.08000000 -0.865018888867053E+003  0.804875126165856E-002 
      4.10000000 -0.865018932815306E+003  0.800480300873705E-002 
      4.12000000 -0.865018979148649E+003  0.795846966580347E-002 
      4.14000000 -0.865019027864948E+003  0.790975336655540E-002 
      4.16000000 -0.865019078958290E+003  0.785866002388060E-002 
      4.18000000 -0.865019132418751E+003  0.780519956342200E-002 
      4.20000000 -0.865019188232012E+003  0.774938630205746E-002 
      4.22000000 -0.865019246379172E+003  0.769123914202163E-002 
      4.24000000 -0.865019306836450E+003  0.763078186392568E-002 
      4.26000000 -0.865019369574924E+003  0.756804339087136E-002 
      4.28000000 -0.865019434560345E+003  0.750305796913519E-002 
      4.30000000 -0.865019501753031E+003  0.743586528321082E-002 
      4.32000000 -0.865019571107848E+003  0.736651046653991E-002 
      4.34000000 -0.865019642574047E+003  0.729504426779181E-002 
      4.36000000 -0.865019716095418E+003  0.722152289599142E-002 
      4.38000000 -0.865019791610487E+003  0.714600782697732E-002 
      4.40000000 -0.865019869052566E+003  0.706856574791075E-002 
      4.42000000 -0.865019948350080E+003  0.698926823477027E-002 
      4.44000000 -0.865020029426893E+003  0.690819142133908E-002 
      4.46000000 -0.865020112202568E+003  0.682541574630521E-002 
      4.48000000 -0.865020196592847E+003  0.674102546766663E-002 
      4.50000000 -0.865020282509951E+003  0.665510836352449E-002 
      4.52000000 -0.865020369863016E+003  0.656775529830568E-002 
      4.54000000 -0.865020458558640E+003  0.647905967432976E-002 
      4.56000000 -0.865020548501285E+003  0.638911702916067E-002 
      4.58000000 -0.865020639593777E+003  0.629802453734760E-002 
      4.60000000 -0.865020731737896E+003  0.620588041887516E-002 
      4.62000000 -0.865020824834840E+003  0.611278347396689E-002 
      4.64000000 -0.865020918785711E+003  0.601883260338757E-002 
      4.66000000 -0.865021013492130E+003  0.592412618412081E-002 
      4.68000000 -0.865021108856553E+003  0.582876176136491E-002 
      4.70000000 -0.865021204782660E+003  0.573283565487524E-002 
      4.72000000 -0.865021301175847E+003  0.563644246766568E-002 
      4.74000000 -0.865021397943486E+003  0.553967482808165E-002 
      4.76000000 -0.865021494995191E+003  0.544262312317256E-002 
      4.78000000 -0.865021592243143E+003  0.534537517115936E-002 
      4.80000000 -0.865021689602147E+003  0.524801616691030E-002 
      4.82000000 -0.865021786989840E+003  0.515062847418792E-002 
      4.84000000 -0.865021884326779E+003  0.505329153525863E-002 
      4.86000000 -0.865021981536422E+003  0.495608189274109E-002 
      4.88000000 -0.865022078545146E+003  0.485907316862790E-002 
      4.90000000 -0.865022175282176E+003  0.476233613833806E-002 
      4.92000000 -0.865022271679548E+003  0.466593876658316E-002 
      4.94000000 -0.865022367671999E+003  0.456994631583585E-002 
      4.96000000 -0.865022463196923E+003  0.447442139147679E-002 
      4.98000000 -0.865022558194199E+003  0.437942411580823E-002 
      5.00000000 -0.865022652606115E+003  0.428501219901298E-002 
      5.02000000 -0.865022746377254E+003  0.419124106077062E-002 
      5.04000000 -0.865022839454231E+003  0.409816408373739E-002 
      5.06000000 -0.865022931785650E+003  0.400583266468688E-002 
      5.08000000 -0.865023023321819E+003  0.391429649554211E-002 
      5.10000000 -0.865023114014436E+003  0.382360387795357E-002 
      5.12000000 -0.865023203816396E+003  0.373380191838788E-002 
      5.14000000 -0.865023292681395E+003  0.364493691975520E-002 
      5.16000000 -0.865023380563585E+003  0.355705472982329E-002 
      5.18000000 -0.865023467417178E+003  0.347020113680855E-002 
      5.20000000 -0.865023553196017E+003  0.338442229725631E-002 
      5.22000000 -0.865023637853233E+003  0.329976508087794E-002 
      5.24000000 -0.865023721340784E+003  0.321627753043025E-002 
      5.26000000 -0.865023803609164E+003  0.313400915057822E-002 
      5.28000000 -0.865023884607077E+003  0.305301123726420E-002 
      5.30000000 -0.865023964281294E+003  0.297333702088246E-002 
      5.32000000 -0.865024042576529E+003  0.289504178528524E-002 
      5.34000000 -0.865024119435396E+003  0.281818291853672E-002 
      5.36000000 -0.865024194798617E+003  0.274281969723274E-002 
      5.38000000 -0.865024268605132E+003  0.266901318209261E-002 
      5.40000000 -0.865024340792435E+003  0.259682587901915E-002 
      5.42000000 -0.865024411296977E+003  0.252632133761049E-002 
      5.44000000 -0.865024480054492E+003  0.245756382246759E-002 
      5.46000000 -0.865024547000569E+003  0.239061774552298E-002 
      5.48000000 -0.865024612071159E+003  0.232554715550398E-002 
      5.50000000 -0.865024675203005E+003  0.226241530956910E-002 
      5.52000000 -0.865024736334177E+003  0.220128413695920E-002 
      5.54000000 -0.865024795404511E+003  0.214221380318993E-002 
      5.56000000 -0.865024852355985E+003  0.208526232925185E-002 
      5.58000000 -0.865024907133125E+003  0.203048518973552E-002 
      5.60000000 -0.865024959683239E+003  0.197793507501280E-002 
      5.62000000 -0.865025009956635E+003  0.192766167913354E-002 
      5.64000000 -0.865025057906759E+003  0.187971155568427E-002 
      5.66000000 -0.865025103490257E+003  0.183412805717341E-002 
      5.68000000 -0.865025146666998E+003  0.179095131627651E-002 
      5.70000000 -0.865025187400039E+003  0.175021827493512E-002 
      5.72000000 -0.865025225655525E+003  0.171196278973185E-002 
      5.74000000 -0.865025261402574E+003  0.167621574084214E-002 
      5.76000000 -0.865025294613187E+003  0.164300512735517E-002 
      5.78000000 -0.865025325262074E+003  0.161235624022408E-002 
      5.80000000 -0.865025353326526E+003  0.158429178871587E-002 
      5.82000000 -0.865025378786285E+003  0.155883202908489E-002 
      5.84000000 -0.865025401623440E+003  0.153599487400809E-002 
      5.86000000 -0.865025421822320E+003  0.151579599409297E-002 
      5.88000000 -0.865025439369424E+003  0.149824888989993E-002 
      5.90000000 -0.865025454253396E+003  0.148336491872101E-002 
      5.92000000 -0.865025466464987E+003  0.147115332754585E-002 
      5.94000000 -0.865025475997066E+003  0.146162124822794E-002 
      5.96000000 -0.865025482844637E+003  0.145477367747309E-002 
      5.98000000 -0.865025487004855E+003  0.145061345963137E-002 
      6.00000000 -0.865025488477059E+003  0.144914125537467E-002 
      6.02000000 -0.865025487262803E+003  0.145035551153433E-002 
      6.04000000 -0.865025483365868E+003  0.145425244592328E-002 
      6.06000000 -0.865025476792268E+003  0.146082604665933E-002 
      6.08000000 -0.865025467550233E+003  0.147006808134919E-002 
      6.10000000 -0.865025455650179E+003  0.148196813517818E-002 
      6.12000000 -0.865025441104636E+003  0.149651367877552E-002 
      6.14000000 -0.865025423928183E+003  0.151369013134263E-002 
      6.16000000 -0.865025404137338E+003  0.153348097627556E-002 
      6.18000000 -0.865025381750434E+003  0.155586788007432E-002 
      6.20000000 -0.865025356787496E+003  0.158083081888948E-002 
      6.22000000 -0.865025329270081E+003  0.160834823310432E-002 
      6.24000000 -0.865025299221145E+003  0.163839716896262E-002 
      6.26000000 -0.865025266664897E+003  0.167095341729621E-002 
      6.28000000 -0.865025231626673E+003  0.170599164181175E-002 
      6.30000000 -0.865025194132821E+003  0.174348549326298E-002 
      6.32000000 -0.865025154210600E+003  0.178340771482569E-002 
      6.34000000 -0.865025111888122E+003  0.182573019275505E-002 
      6.36000000 -0.865025067194331E+003  0.187042398326101E-002 
      6.38000000 -0.865025020158996E+003  0.191745931869549E-002 
      6.40000000 -0.865024970812741E+003  0.196680557352303E-002 
      6.42000000 -0.865024919187168E+003  0.201843114628151E-002 
      6.44000000 -0.865024865314932E+003  0.207230338253278E-002 
      6.46000000 -0.865024809229876E+003  0.212838843835858E-002 
      6.48000000 -0.865024750967249E+003  0.218665106545370E-002 
      6.50000000 -0.865024690563850E+003  0.224705446418106E-002 
      6.52000000 -0.865024628058264E+003  0.230956005049010E-002 
      6.54000000 -0.865024563491105E+003  0.237412720939741E-002 
      6.56000000 -0.865024496905198E+003  0.244071311662272E-002 
      6.58000000 -0.865024428345825E+003  0.250927248936265E-002 
      6.60000000 -0.865024357860904E+003  0.257975741034357E-002 
      6.62000000 -0.865024285501148E+003  0.265211716608555E-002 
      6.64000000 -0.865024211320248E+003  0.272629806621818E-002 
      6.66000000 -0.865024135374908E+003  0.280224340635766E-002 
      6.68000000 -0.865024057724913E+003  0.287989340140153E-002 
      6.70000000 -0.865023978433129E+003  0.295918518552869E-002 
      6.72000000 -0.865023897565438E+003  0.304005287629447E-002 
      6.74000000 -0.865023815190608E+003  0.312242770630089E-002 
      6.76000000 -0.865023731380099E+003  0.320623821519182E-002 
      6.78000000 -0.865023646207864E+003  0.329141045063871E-002 
      6.80000000 -0.865023559750026E+003  0.337786828804241E-002 
      6.82000000 -0.865023472084600E+003  0.346553371427208E-002 
      6.84000000 -0.865023383291191E+003  0.355432712319846E-002 
      6.86000000 -0.865023293450566E+003  0.364416774840778E-002 
      6.88000000 -0.865023202644353E+003  0.373497396173196E-002 
      6.90000000 -0.865023110954666E+003  0.382666364824799E-002 
      6.92000000 -0.865023018463721E+003  0.391915459326504E-002 
      6.94000000 -0.865022925253476E+003  0.401236483798903E-002 
      6.96000000 -0.865022831405278E+003  0.410621303634736E-002 
      6.98000000 -0.865022736999606E+003  0.420061870846879E-002 
      7.00000000 -0.865022642115746E+003  0.429550256811916E-002 
      7.02000000 -0.865022546831553E+003  0.439078676129348E-002 
      7.04000000 -0.865022451223237E+003  0.448639507706247E-002 
      7.06000000 -0.865022355365173E+003  0.458225314130780E-002 
      7.08000000 -0.865022259329847E+003  0.467828846699269E-002 
      7.10000000 -0.865022163187741E+003  0.477443057345794E-002 
      7.12000000 -0.865022067007297E+003  0.487061101726104E-002 
      7.14000000 -0.865021970854961E+003  0.496676335311975E-002 
      7.16000000 -0.865021874795247E+003  0.506282306759357E-002 
      7.18000000 -0.865021778890865E+003  0.515872744934688E-002 
      7.20000000 -0.865021683202917E+003  0.525441539773390E-002 
      7.22000000 -0.865021587791067E+003  0.534982724762494E-002 
      7.24000000 -0.865021492713773E+003  0.544490454135180E-002 
      7.26000000 -0.865021398028543E+003  0.553958977126425E-002 
      7.28000000 -0.865021303792214E+003  0.563382610005138E-002 
      7.30000000 -0.865021210061179E+003  0.572755713568391E-002 
      7.32000000 -0.865021116891659E+003  0.582072665540918E-002 
      7.34000000 -0.865021024340032E+003  0.591327828198909E-002 
      7.36000000 -0.865020932463052E+003  0.600515526221932E-002 
      7.38000000 -0.865020841318087E+003  0.609630022766057E-002 
      7.40000000 -0.865020750963309E+003  0.618665500496365E-002 
      7.42000000 -0.865020661457834E+003  0.627616048052553E-002 
      7.44000000 -0.865020572861991E+003  0.636475632322752E-002 
      7.46000000 -0.865020485237476E+003  0.645238083865055E-002 
      7.48000000 -0.865020398647262E+003  0.653897105260168E-002 
      7.50000000 -0.865020313155746E+003  0.662446256822957E-002 
      7.52000000 -0.865020228828715E+003  0.670878959937708E-002 
      7.54000000 -0.865020145733205E+003  0.679188510979223E-002 
      7.56000000 -0.865020063937500E+003  0.687368081409492E-002 
      7.58000000 -0.865019983510914E+003  0.695410740061110E-002 
      7.60000000 -0.865019904523505E+003  0.703309480940796E-002 
      7.62000000 -0.865019827045956E+003  0.711057235845383E-002 
      7.64000000 -0.865019751149182E+003  0.718646913215202E-002 
      7.66000000 -0.865019676904011E+003  0.726071430326611E-002 
      7.68000000 -0.865019604380974E+003  0.733323733999623E-002 
      7.70000000 -0.865019533649772E+003  0.740396854194113E-002 
      7.72000000 -0.865019464779047E+003  0.747283926708938E-002 
      7.74000000 -0.865019397836044E+003  0.753978227017922E-002 
      7.76000000 -0.865019332886070E+003  0.760473224417118E-002 
      7.78000000 -0.865019269992264E+003  0.766762605081608E-002 
      7.80000000 -0.865019209215168E+003  0.772840314679525E-002 
      7.82000000 -0.865019150612358E+003  0.778700595630312E-002 
      7.84000000 -0.865019094238203E+003  0.784338011166940E-002 
      7.86000000 -0.865019040143549E+003  0.789747476513362E-002 
      7.88000000 -0.865018988375424E+003  0.794924289008211E-002 
      7.90000000 -0.865018938976802E+003  0.799864151190612E-002 
      7.92000000 -0.865018891986476E+003  0.804563183793203E-002 
      7.94000000 -0.865018847438814E+003  0.809017950007376E-002 
      7.96000000 -0.865018805363785E+003  0.813225452892405E-002 
      7.98000000 -0.865018765786919E+003  0.817183139513104E-002 
      8.00000000 -0.865018728729338E+003  0.820888897633570E-002 
      8.02000000 -0.865018694207896E+003  0.824341041815419E-002 
      8.04000000 -0.865018662235225E+003  0.827538308951443E-002 
      8.06000000 -0.865018632820067E+003  0.830479824738970E-002 
      8.08000000 -0.865018605967481E+003  0.833165083368605E-002 
      8.10000000 -0.865018581679093E+003  0.835593922108565E-002 
      8.12000000 -0.865018559953398E+003  0.837766491587016E-002 
      8.14000000 -0.865018540786047E+003  0.839683226789789E-002 
      8.16000000 -0.865018524170269E+003  0.841344804514044E-002 
      8.18000000 -0.865018510097142E+003  0.842752117246881E-002 
      8.20000000 -0.865018498556042E+003  0.843906227196728E-002 
      8.22000000 -0.865018489534987E+003  0.844808332708711E-002 
      8.24000000 -0.865018483020820E+003  0.845459749393829E-002 
      8.26000000 -0.865018478999635E+003  0.845861867969316E-002 
      8.28000000 -0.865018477457047E+003  0.846016126696805E-002 
      8.30000000 -0.865018478378358E+003  0.845923995672764E-002 
      8.32000000 -0.865018481748803E+003  0.845586951142144E-002 
      8.34000000 -0.865018487553623E+003  0.845006469088876E-002 
      8.36000000 -0.865018495778177E+003  0.844184013702630E-002 
      8.38000000 -0.865018506408080E+003  0.843121023409385E-002 
      8.40000000 -0.865018519429100E+003  0.841818921418595E-002 
      8.42000000 -0.865018534827333E+003  0.840279098176803E-002 
      8.44000000 -0.865018552589206E+003  0.838502910884278E-002 
      8.46000000 -0.865018572701321E+003  0.836491699339919E-002 
      8.48000000 -0.865018595150500E+003  0.834246781455574E-002 
      8.50000000 -0.865018619923706E+003  0.831769460815966E-002 
      8.52000000 -0.865018647007767E+003  0.829061054772233E-002 
      8.54000000 -0.865018676389288E+003  0.826122902639902E-002 
      8.56000000 -0.865018708054477E+003  0.822956383738312E-002 
      8.58000000 -0.865018741988774E+003  0.819562954030154E-002 
      8.60000000 -0.865018778176730E+003  0.815944158457108E-002 
      8.62000000 -0.865018816601715E+003  0.812101659971123E-002 
      8.64000000 -0.865018857245599E+003  0.808037271562598E-002 
      8.66000000 -0.865018900088703E+003  0.803752961171438E-002 
      8.68000000 -0.865018945109483E+003  0.799250883154522E-002 
      8.70000000 -0.865018992284406E+003  0.794533390872694E-002 
      8.72000000 -0.865019041587954E+003  0.789603036014040E-002 
      8.74000000 -0.865019092992251E+003  0.784462606325856E-002 
      8.76000000 -0.865019146467149E+003  0.779115116527265E-002 
      8.78000000 -0.865019201980026E+003  0.773563828862163E-002 
      8.80000000 -0.865019259495654E+003  0.767812266024573E-002 
      8.82000000 -0.865019318976272E+003  0.761864204285099E-002 
      8.84000000 -0.865019380381474E+003  0.755723684047759E-002 
      8.86000000 -0.865019443668300E+003  0.749395001468324E-002 
      8.88000000 -0.865019508791134E+003  0.742882718015407E-002 
      8.90000000 -0.865019575701937E+003  0.736191637781007E-002 
      8.92000000 -0.865019644350447E+003  0.729326786685884E-002 
      8.94000000 -0.865019714684138E+003  0.722293417651624E-002 
      8.96000000 -0.865019786648538E+003  0.715096977634721E-002 
      8.98000000 -0.865019860187403E+003  0.707743091172619E-002 
      9.00000000 -0.865019935242786E+003  0.700237552794779E-002 
      9.02000000 -0.865020011755379E+003  0.692586293525048E-002 
      9.04000000 -0.865020089664543E+003  0.684795377150037E-002 
      9.06000000 -0.865020168908499E+003  0.676870981551316E-002 
      9.08000000 -0.865020249424591E+003  0.668819372371351E-002 
      9.10000000 -0.865020331149428E+003  0.660646888638036E-002 
      9.12000000 -0.865020414019005E+003  0.652359930922100E-002 
      9.14000000 -0.865020497968933E+003  0.643964938154617E-002 
      9.16000000 -0.865020582934708E+003  0.635468360616223E-002 
      9.18000000 -0.865020668851759E+003  0.626876655586765E-002 
      9.20000000 -0.865020755655827E+003  0.618196248714276E-002 
      9.22000000 -0.865020843283040E+003  0.609433527489458E-002 
      9.24000000 -0.865020931670008E+003  0.600594830601845E-002 
      9.26000000 -0.865021020754099E+003  0.591686421567069E-002 
      9.28000000 -0.865021110473404E+003  0.582714491076039E-002 
      9.30000000 -0.865021200766956E+003  0.573685135842618E-002 
      9.32000000 -0.865021291574711E+003  0.564604360353426E-002 
      9.34000000 -0.865021382837565E+003  0.555478074895681E-002 
      9.36000000 -0.865021474497418E+003  0.546312089650408E-002 
      9.38000000 -0.865021566497116E+003  0.537112119825837E-002 
      9.40000000 -0.865021658780467E+003  0.527883784729334E-002 
      9.42000000 -0.865021751292248E+003  0.518632606597638E-002 
      9.44000000 -0.865021843978103E+003  0.509364021182699E-002 
      9.46000000 -0.865021936784565E+003  0.500083374890111E-002 
      9.48000000 -0.865022029659072E+003  0.490795924257082E-002 
      9.50000000 -0.865022122549720E+003  0.481506859415265E-002 
      9.52000000 -0.865022215405454E+003  0.472221286041683E-002 
      9.54000000 -0.865022308175877E+003  0.462944243707500E-002 
      9.56000000 -0.865022400811217E+003  0.453680709715988E-002 
      9.58000000 -0.865022493262472E+003  0.444435584224360E-002 
      9.60000000 -0.865022585481144E+003  0.435213717080545E-002 
      9.62000000 -0.865022677419343E+003  0.426019897092343E-002 
      9.64000000 -0.865022769029829E+003  0.416858848556820E-002 
      9.66000000 -0.865022860265952E+003  0.407735236219701E-002 
      9.68000000 -0.865022951081865E+003  0.398653644896429E-002 
      9.70000000 -0.865023041432453E+003  0.389618586181365E-002 
      9.72000000 -0.865023131273388E+003  0.380634492666665E-002 
      9.74000000 -0.865023220561319E+003  0.371705699535499E-002 
      9.76000000 -0.865023309253780E+003  0.362836453456086E-002 
      9.78000000 -0.865023397309376E+003  0.354030893875222E-002 
      9.80000000 -0.865023484687876E+003  0.345293043843896E-002 
      9.82000000 -0.865023571350123E+003  0.336626819124002E-002 
      9.84000000 -0.865023657258238E+003  0.328036007616059E-002 
      9.86000000 -0.865023742375612E+003  0.319524270219609E-002 
      9.88000000 -0.865023826666870E+003  0.311095144439171E-002 
      9.90000000 -0.865023910097998E+003  0.302752031623234E-002 
      9.92000000 -0.865023992636324E+003  0.294498199033090E-002 
      9.94000000 -0.865024074250474E+003  0.286336784086833E-002 
      9.96000000 -0.865024154910377E+003  0.278270793692304E-002 
      9.98000000 -0.865024234587228E+003  0.270303108636106E-002 
     10.00000000 -0.865024313253461E+003  0.262436485323741E-002 
     10.02000000 -0.865024390882745E+003  0.254673556910694E-002 
     10.04000000 -0.865024467449938E+003  0.247016837643111E-002 
     10.06000000 -0.865024542931068E+003  0.239468724675275E-002 
     10.08000000 -0.865024617303369E+003  0.232031494511994E-002 
     10.10000000 -0.865024690545202E+003  0.224707311254912E-002 
     10.12000000 -0.865024762636035E+003  0.217498227888279E-002 
     10.14000000 -0.865024833556529E+003  0.210406178506341E-002 
     10.16000000 -0.865024903288426E+003  0.203432988821830E-002 
     10.18000000 -0.865024971814593E+003  0.196580372182988E-002 
     10.20000000 -0.865025039119013E+003  0.189849930134273E-002 
     10.22000000 -0.865025105186738E+003  0.183243157617437E-002 
     10.24000000 -0.865025170003973E+003  0.176761434087163E-002 
     10.26000000 -0.865025233557988E+003  0.170406032675781E-002 
     10.28000000 -0.865025295837199E+003  0.164178111540925E-002 
     10.30000000 -0.865025356831237E+003  0.158078707755718E-002 
     10.32000000 -0.865025416530880E+003  0.152108743457254E-002 
     10.34000000 -0.865025474928131E+003  0.146269018393017E-002 
     10.36000000 -0.865025532016209E+003  0.140560210500920E-002 
     10.38000000 -0.865025587789577E+003  0.134982873782479E-002 
     10.40000000 -0.865025642243939E+003  0.129537437529411E-002 
     10.42000000 -0.865025695376237E+003  0.124224207793088E-002 
     10.44000000 -0.865025747184686E+003  0.119043362879515E-002 
     10.46000000 -0.865025797668749E+003  0.113994956558916E-002 
     10.48000000 -0.865025846829103E+003  0.109078921149641E-002 
     10.50000000 -0.865025894667668E+003  0.104295064627608E-002 
     10.52000000 -0.865025941187540E+003  0.996430774128340E-003 
     10.54000000 -0.865025986393025E+003  0.951225289665031E-003 
     10.56000000 -0.865026030289620E+003  0.907328694827643E-003 
     10.58000000 -0.865026072883930E+003  0.864734383960672E-003 
     10.60000000 -0.865026114183683E+003  0.823434631340639E-003 
     10.62000000 -0.865026154197678E+003  0.783420636032948E-003 
     10.64000000 -0.865026192935745E+003  0.744682569842315E-003 
     10.66000000 -0.865026230408741E+003  0.707209572962430E-003 
     10.68000000 -0.865026266628531E+003  0.670989783268258E-003 
     10.70000000 -0.865026301607884E+003  0.636010430476763E-003 
     10.72000000 -0.865026335360491E+003  0.602257823289237E-003 
     10.74000000 -0.865026367900983E+003  0.569717331313214E-003 
     10.76000000 -0.865026399244855E+003  0.538373459694992E-003 
     10.78000000 -0.865026429408483E+003  0.508209831718272E-003 
     10.80000000 -0.865026458409093E+003  0.479209220900011E-003 
     10.82000000 -0.865026486264735E+003  0.451353579412654E-003 
     10.84000000 -0.865026512994278E+003  0.424624036634018E-003 
     10.86000000 -0.865026538617344E+003  0.399000970396228E-003 
     10.88000000 -0.865026563154290E+003  0.374464024677097E-003 
     10.90000000 -0.865026586626184E+003  0.350992130288427E-003 
     10.92000000 -0.865026609054739E+003  0.328563575448213E-003 
     10.94000000 -0.865026630462270E+003  0.307156044740370E-003 
     10.96000000 -0.865026650871665E+003  0.286746649470454E-003 
     10.98000000 -0.865026670306339E+003  0.267311975712766E-003 
     11.00000000 -0.865026688790185E+003  0.248828129070535E-003 
     11.02000000 -0.865026706347552E+003  0.231270761938061E-003 
     11.04000000 -0.865026723003196E+003  0.214615118164220E-003 
     11.06000000 -0.865026738782245E+003  0.198836069595337E-003 
     11.08000000 -0.865026753710141E+003  0.183908173016324E-003 
     11.10000000 -0.865026767812585E+003  0.169805728928630E-003 
     11.12000000 -0.865026781115501E+003  0.156502813162724E-003 
     11.14000000 -0.865026793644968E+003  0.143973346483562E-003 
     11.16000000 -0.865026805427156E+003  0.132191158298924E-003 
     11.18000000 -0.865026816488296E+003  0.121130018561920E-003 
     11.20000000 -0.865026826854603E+003  0.110763711823476E-003 
     11.22000000 -0.865026836552237E+003  0.101066077738842E-003 
     11.24000000 -0.865026845607262E+003  0.920110522508343E-004 
     11.26000000 -0.865026854045584E+003  0.835727301380757E-004 
     11.28000000 -0.865026861892927E+003  0.757253871534049E-004 
     11.30000000 -0.865026869174785E+003  0.684435294244216E-004 
     11.32000000 -0.865026875916376E+003  0.617019387937146E-004 
     11.34000000 -0.865026882142625E+003  0.554756897368574E-004 
     11.36000000 -0.865026887878121E+003  0.497401938325679E-004 
     11.38000000 -0.865026893147095E+003  0.444712196776054E-004 
     11.40000000 -0.865026897973411E+003  0.396449032309172E-004 
     11.42000000 -0.865026902380540E+003  0.352377746890821E-004 
     11.44000000 -0.865026906391549E+003  0.312267652535090E-004 
     11.46000000 -0.865026910029091E+003  0.275892237584095E-004 
     11.48000000 -0.865026913315383E+003  0.243029310752626E-004 
     11.50000000 -0.865026916272207E+003  0.213461076534072E-004 
     11.52000000 -0.865026918920884E+003  0.186974306313856E-004 
     11.54000000 -0.865026921282260E+003  0.163360541385386E-004 
     11.56000000 -0.865026923376688E+003  0.142416264063492E-004 
     11.58000000 -0.865026925223996E+003  0.123943182873494E-004 
     11.60000000 -0.865026926843464E+003  0.107748504205870E-004 
     11.62000000 -0.865026928253794E+003  0.936452001039604E-005 
     11.64000000 -0.865026929473081E+003  0.814523350229610E-005 
     11.66000000 -0.865026930518780E+003  0.709953394180827E-005 
     11.68000000 -0.865026931407674E+003  0.621064041755296E-005 
     11.70000000 -0.865026932155838E+003  0.546247658015665E-005 
     11.72000000 -0.865026932778612E+003  0.483970273810615E-005 
     11.74000000 -0.865026933290565E+003  0.432774901701976E-005 
     11.76000000 -0.865026933705468E+003  0.391284619873612E-005 
     11.78000000 -0.865026934036260E+003  0.358205414354668E-005 
     11.80000000 -0.865026934295024E+003  0.332329040577661E-005 
     11.82000000 -0.865026934492959E+003  0.312535556244086E-005 
     11.84000000 -0.865026934640360E+003  0.297795419155859E-005 
     11.86000000 -0.865026934746600E+003  0.287171459370217E-005 
     11.88000000 -0.865026934820109E+003  0.279820551664412E-005 
     11.90000000 -0.865026934868370E+003  0.274994475936631E-005 
     11.92000000 -0.865026934897904E+003  0.272041057962255E-005 
     11.94000000 -0.865026934914268E+003  0.270404614095456E-005 
     11.96000000 -0.865026934922054E+003  0.269626057610888E-005 
     11.98000000 -0.865026934924885E+003  0.269342898703682E-005 
     12.00000000 -0.865026934925426E+003  0.269288819122701E-005 
     12.02000000 -0.865026934925447E+003  0.269286721291262E-005 
     12.04000000 -0.865026934925467E+003  0.269284710466656E-005 
     12.06000000 -0.865026934925486E+003  0.269282883323144E-005 
     12.08000000 -0.865026934925502E+003  0.269281239860726E-005 
     12.10000000 -0.865026934925516E+003  0.269279886421088E-005 
     12.12000000 -0.865026934925526E+003  0.269278842339081E-005 
     12.14000000 -0.865026934925534E+003  0.269278059277576E-005 
     12.16000000 -0.865026934925540E+003  0.269277488899443E-005 
     12.18000000 -0.865026934925544E+003  0.269277082867551E-005 
     12.20000000 -0.865026934925546E+003  0.269276812179623E-005 
     12.22000000 -0.865026934925549E+003  0.269276589828826E-005 
     12.24000000 -0.865026934925551E+003  0.269276377145454E-005 
     12.26000000 -0.865026934925553E+003  0.269276135459804E-005 
     12.28000000 -0.865026934925556E+003  0.269275806767321E-005 
     12.30000000 -0.865026934925561E+003  0.269275381400577E-005 
     12.32000000 -0.865026934925567E+003  0.269274782020166E-005 
     12.34000000 -0.865026934925575E+003  0.269273989291235E-005 
     12.36000000 -0.865026934925584E+003  0.269273041883488E-005 
     12.38000000 -0.865026934925595E+003  0.269271901127221E-005 
     12.40000000 -0.865026934925609E+003  0.269270567022435E-005 
     12.42000000 -0.865026934925624E+003  0.269269068571406E-005 
     12.44000000 -0.865026934925640E+003  0.269267434776414E-005 
     12.46000000 -0.865026934925658E+003  0.269265675304884E-005 
     12.48000000 -0.865026934925676E+003  0.269263838493947E-005 
     12.50000000 -0.865026934925695E+003  0.269261963013305E-005 
     12.52000000 -0.865026934925714E+003  0.269260039195533E-005 
     12.54000000 -0.865026934925733E+003  0.269258096042909E-005 
     12.56000000 -0.865026934925753E+003  0.269256162557712E-005 
     12.58000000 -0.865026934925772E+003  0.269254258074792E-005 
     12.60000000 -0.865026934925790E+003  0.269252430931280E-005 
     12.62000000 -0.865026934925808E+003  0.269250632790046E-005 
     12.64000000 -0.865026934925825E+003  0.269248892653368E-005 
     12.66000000 -0.865026934925842E+003  0.269247229856098E-005 
     12.68000000 -0.865026934925858E+003  0.269245625063384E-005 
     12.70000000 -0.865026934925874E+003  0.269244087942652E-005 
     12.72000000 -0.865026934925888E+003  0.269242608826476E-005 
     12.74000000 -0.865026934925903E+003  0.269241158712577E-005 
     12.76000000 -0.865026934925917E+003  0.269239785938087E-005 
     12.78000000 -0.865026934925931E+003  0.269238355159041E-005 
     12.80000000 -0.865026934925945E+003  0.269236963049698E-005 
     12.82000000 -0.865026934925959E+003  0.269235570940356E-005 
     12.84000000 -0.865026934925973E+003  0.269234120826458E-005 
     12.86000000 -0.865026934925988E+003  0.269232632042855E-005 
     12.88000000 -0.865026934926003E+003  0.269231152926679E-005 
     12.90000000 -0.865026934926019E+003  0.269229577136243E-005 
     12.92000000 -0.865026934926035E+003  0.269227982010955E-005 
     12.94000000 -0.865026934926051E+003  0.269226290211407E-005 
     12.96000000 -0.865026934926068E+003  0.269224598411859E-005 
     12.98000000 -0.865026934926086E+003  0.269222829272903E-005 
     13.00000000 -0.865026934926104E+003  0.269221002129391E-005 
     13.02000000 -0.865026934926123E+003  0.269219136316175E-005 
     13.04000000 -0.865026934926142E+003  0.269217241500681E-005 
     13.06000000 -0.865026934926161E+003  0.269215327350336E-005 
     13.08000000 -0.865026934926181E+003  0.269213374530286E-005 
     13.10000000 -0.865026934926200E+003  0.269211441045088E-005 
     13.12000000 -0.865026934926219E+003  0.269209488225039E-005 
     13.14000000 -0.865026934926239E+003  0.269207535404989E-005 
     13.16000000 -0.865026934926258E+003  0.269205601919791E-005 
     13.18000000 -0.865026934926277E+003  0.269203687769445E-005 
     13.20000000 -0.865026934926297E+003  0.269201773619100E-005 
     13.22000000 -0.865026934926316E+003  0.269199888471032E-005 
     13.24000000 -0.865026934926334E+003  0.269198012990390E-005 
     13.26000000 -0.865026934926353E+003  0.269196147177174E-005 
     13.28000000 -0.865026934926371E+003  0.269194310366236E-005 
     13.30000000 -0.865026934926390E+003  0.269192473555299E-005 
     13.32000000 -0.865026934926408E+003  0.269190627076935E-005 
     13.34000000 -0.865026934926426E+003  0.269188799933423E-005 
     13.36000000 -0.865026934926445E+003  0.269186963122485E-005 
     13.38000000 -0.865026934926463E+003  0.269185126311547E-005 
     13.40000000 -0.865026934926482E+003  0.269183289500609E-005 
     13.42000000 -0.865026934926500E+003  0.269181433354820E-005 
     13.44000000 -0.865026934926518E+003  0.269179586876456E-005 
     13.46000000 -0.865026934926537E+003  0.269177711395814E-005 
     13.48000000 -0.865026934926556E+003  0.269175806912894E-005 
     13.50000000 -0.865026934926575E+003  0.269173902429974E-005 
     13.52000000 -0.865026934926594E+003  0.269171997947055E-005 
     13.54000000 -0.865026934926614E+003  0.269170064461857E-005 
     13.56000000 -0.865026934926633E+003  0.269168130976659E-005 
     13.58000000 -0.865026934926653E+003  0.269166178156610E-005 
     13.60000000 -0.865026934926672E+003  0.269164225336560E-005 
     13.62000000 -0.865026934926692E+003  0.269162253181658E-005 
     13.64000000 -0.865026934926712E+003  0.269160281026756E-005 
     13.66000000 -0.865026934926731E+003  0.269158318539281E-005 
     13.68000000 -0.865026934926751E+003  0.269156317382101E-005 
     13.70000000 -0.865026934926771E+003  0.269154354894625E-005 
     13.72000000 -0.865026934926791E+003  0.269152344070020E-005 
     13.74000000 -0.865026934926811E+003  0.269150381582544E-005 
     13.76000000 -0.865026934926831E+003  0.269148370757938E-005 
     13.78000000 -0.865026934926850E+003  0.269146388935611E-005 
     13.80000000 -0.865026934926870E+003  0.269144397445857E-005 
     13.82000000 -0.865026934926890E+003  0.269142415623529E-005 
     13.84000000 -0.865026934926910E+003  0.269140443468628E-005 
     13.86000000 -0.865026934926930E+003  0.269138471313726E-005 
     13.88000000 -0.865026934926949E+003  0.269136499158824E-005 
     13.90000000 -0.865026934926969E+003  0.269134527003923E-005 
     13.92000000 -0.865026934926989E+003  0.269132554849021E-005 
     13.94000000 -0.865026934927009E+003  0.269130582694119E-005 
     13.96000000 -0.865026934927028E+003  0.269128610539218E-005 
     13.98000000 -0.865026934927048E+003  0.269126677054020E-005 
     14.00000000 -0.865026934927068E+003  0.269124666229414E-005 
     14.02000000 -0.865026934927087E+003  0.269122703741939E-005 
     14.04000000 -0.865026934927107E+003  0.269120721919611E-005 
     14.06000000 -0.865026934927127E+003  0.269118749764709E-005 
     14.08000000 -0.865026934927147E+003  0.269116767942382E-005 
     14.10000000 -0.865026934927166E+003  0.269114805454906E-005 
     14.12000000 -0.865026934927186E+003  0.269112804297726E-005 
     14.14000000 -0.865026934927206E+003  0.269110832142825E-005 
     14.16000000 -0.865026934927226E+003  0.269108850320497E-005 
     14.18000000 -0.865026934927246E+003  0.269106858830743E-005 
     14.20000000 -0.865026934927266E+003  0.269104848006138E-005 
     14.22000000 -0.865026934927286E+003  0.269102866183810E-005 
     14.24000000 -0.865026934927306E+003  0.269100865026630E-005 
     14.26000000 -0.865026934927326E+003  0.269098854202025E-005 
     14.28000000 -0.865026934927346E+003  0.269096882047123E-005 
     14.30000000 -0.865026934927366E+003  0.269094871222517E-005 
     14.32000000 -0.865026934927386E+003  0.269092860397912E-005 
     14.34000000 -0.865026934927406E+003  0.269090868908158E-005 
     14.36000000 -0.865026934927426E+003  0.269088848416127E-005 
     14.38000000 -0.865026934927446E+003  0.269086856926373E-005 
     14.40000000 -0.865026934927466E+003  0.269084865436619E-005 
     14.42000000 -0.865026934927486E+003  0.269082864279440E-005 
     14.44000000 -0.865026934927506E+003  0.269080872789686E-005 
     14.46000000 -0.865026934927526E+003  0.269078890967358E-005 
     14.48000000 -0.865026934927546E+003  0.269076870475327E-005 
     14.50000000 -0.865026934927565E+003  0.269074898320425E-005 
     14.52000000 -0.865026934927586E+003  0.269072887495819E-005 
     14.54000000 -0.865026934927605E+003  0.269070896006066E-005 
     14.56000000 -0.865026934927625E+003  0.269068923851164E-005 
     14.58000000 -0.865026934927645E+003  0.269066913026558E-005 
     14.60000000 -0.865026934927665E+003  0.269064960206509E-005 
     14.62000000 -0.865026934927685E+003  0.269062968716755E-005 
     14.64000000 -0.865026934927705E+003  0.269060977227001E-005 
     14.66000000 -0.865026934927725E+003  0.269058966402396E-005 
     14.68000000 -0.865026934927744E+003  0.269057003914920E-005 
     14.70000000 -0.865026934927764E+003  0.269055002757740E-005 
     14.72000000 -0.865026934927784E+003  0.269053020935413E-005 
     14.74000000 -0.865026934927804E+003  0.269051039113085E-005 
     14.76000000 -0.865026934927824E+003  0.269049028288479E-005 
     14.78000000 -0.865026934927844E+003  0.269047017463874E-005 
     14.80000000 -0.865026934927864E+003  0.269045045308972E-005 
     14.82000000 -0.865026934927884E+003  0.269043024816940E-005 
     14.84000000 -0.865026934927904E+003  0.269041023659761E-005 
     14.86000000 -0.865026934927924E+003  0.269039051504859E-005 
     14.88000000 -0.865026934927944E+003  0.269037050347679E-005 
     14.90000000 -0.865026934927964E+003  0.269035049190500E-005 
     14.92000000 -0.865026934927984E+003  0.269033038365894E-005 
     14.94000000 -0.865026934928004E+003  0.269031066210993E-005 
     14.96000000 -0.865026934928024E+003  0.269029055386387E-005 
     14.98000000 -0.865026934928044E+003  0.269027044561781E-005 
     15.00000000 -0.865026934928064E+003  0.269025072406880E-005 
     15.02000000 -0.865026934928084E+003  0.269023051914848E-005 
     15.04000000 -0.865026934928104E+003  0.269021079759946E-005 
     15.06000000 -0.865026934928123E+003  0.269019097937619E-005 
     15.08000000 -0.865026934928143E+003  0.269017106447865E-005 
     15.10000000 -0.865026934928163E+003  0.269015114958111E-005 
     15.12000000 -0.865026934928183E+003  0.269013123468358E-005 
     15.14000000 -0.865026934928203E+003  0.269011151313456E-005 
     15.16000000 -0.865026934928223E+003  0.269009150156276E-005 
     15.18000000 -0.865026934928243E+003  0.269007158666523E-005 
     15.20000000 -0.865026934928263E+003  0.269005176844195E-005 
     15.22000000 -0.865026934928283E+003  0.269003185354441E-005 
     15.24000000 -0.865026934928302E+003  0.269001203532114E-005 
     15.26000000 -0.865026934928322E+003  0.268999221709786E-005 
     15.28000000 -0.865026934928342E+003  0.268997230220032E-005 
     15.30000000 -0.865026934928362E+003  0.268995219395427E-005 
     15.32000000 -0.865026934928382E+003  0.268993227905673E-005 
     15.34000000 -0.865026934928402E+003  0.268991255750771E-005 
     15.36000000 -0.865026934928422E+003  0.268989264261018E-005 
     15.38000000 -0.865026934928442E+003  0.268987282438690E-005 
     15.40000000 -0.865026934928461E+003  0.268985300616362E-005 
     15.42000000 -0.865026934928481E+003  0.268983299459183E-005 
     15.44000000 -0.865026934928501E+003  0.268981298302003E-005 
     15.46000000 -0.865026934928521E+003  0.268979326147101E-005 
     15.48000000 -0.865026934928541E+003  0.268977334657348E-005 
     15.50000000 -0.865026934928561E+003  0.268975372169872E-005 
     15.52000000 -0.865026934928581E+003  0.268973390347544E-005 
     15.54000000 -0.865026934928600E+003  0.268971418192643E-005 
     15.56000000 -0.865026934928620E+003  0.268969426702889E-005 
     15.58000000 -0.865026934928640E+003  0.268967473882839E-005 
     15.60000000 -0.865026934928659E+003  0.268965492060512E-005 
     15.62000000 -0.865026934928679E+003  0.268963510238184E-005 
     15.64000000 -0.865026934928699E+003  0.268961557418134E-005 
     15.66000000 -0.865026934928718E+003  0.268959594930659E-005 
     15.68000000 -0.865026934928738E+003  0.268957613108331E-005 
     15.70000000 -0.865026934928758E+003  0.268955621618577E-005 
     15.72000000 -0.865026934928778E+003  0.268953649463676E-005 
     15.74000000 -0.865026934928798E+003  0.268951657973922E-005 
     15.76000000 -0.865026934928817E+003  0.268949695486446E-005 
     15.78000000 -0.865026934928837E+003  0.268947703996693E-005 
     15.80000000 -0.865026934928857E+003  0.268945702839513E-005 
     15.82000000 -0.865026934928877E+003  0.268943730684611E-005 
     15.84000000 -0.865026934928897E+003  0.268941719860006E-005 
     15.86000000 -0.865026934928917E+003  0.268939728370252E-005 
     15.88000000 -0.865026934928937E+003  0.268937746547924E-005 
     15.90000000 -0.865026934928957E+003  0.268935745390745E-005 
     15.92000000 -0.865026934928977E+003  0.268933773235843E-005 
     15.94000000 -0.865026934928997E+003  0.268931762411237E-005 
     15.96000000 -0.865026934929017E+003  0.268929751586632E-005 
     15.98000000 -0.865026934929037E+003  0.268927779431730E-005 
     16.00000000 -0.865026934929056E+003  0.268925807276828E-005 
     16.02000000 -0.865026934929076E+003  0.268923854456779E-005 
     16.04000000 -0.865026934929096E+003  0.268921862967025E-005 
     16.06000000 -0.865026934929115E+003  0.268919890812123E-005 
     16.08000000 -0.865026934929135E+003  0.268917937992074E-005 
     16.10000000 -0.865026934929155E+003  0.268915965837172E-005 
     16.12000000 -0.865026934929174E+003  0.268914022684548E-005 
     16.14000000 -0.865026934929194E+003  0.268912060197073E-005 
     16.16000000 -0.865026934929213E+003  0.268910097709597E-005 
     16.18000000 -0.865026934929233E+003  0.268908154556973E-005 
     16.20000000 -0.865026934929252E+003  0.268906201736923E-005 
     16.22000000 -0.865026934929272E+003  0.268904248916874E-005 
     16.24000000 -0.865026934929292E+003  0.268902267094546E-005 
     16.26000000 -0.865026934929311E+003  0.268900304607070E-005 
     16.28000000 -0.865026934929331E+003  0.268898361454447E-005 
     16.30000000 -0.865026934929351E+003  0.268896379632119E-005 
     16.32000000 -0.865026934929371E+003  0.268894388142365E-005 
     16.34000000 -0.865026934929390E+003  0.268892425654890E-005 
     16.36000000 -0.865026934929410E+003  0.268890414830284E-005 
     16.38000000 -0.865026934929430E+003  0.268888452342808E-005 
     16.40000000 -0.865026934929450E+003  0.268886460853055E-005 
     16.42000000 -0.865026934929470E+003  0.268884469363301E-005 
     16.44000000 -0.865026934929489E+003  0.268882487540973E-005 
     16.46000000 -0.865026934929509E+003  0.268880505718646E-005 
     16.48000000 -0.865026934929529E+003  0.268878485226614E-005 
     16.50000000 -0.865026934929549E+003  0.268876542073990E-005 
     16.52000000 -0.865026934929569E+003  0.268874531249385E-005 
     16.54000000 -0.865026934929589E+003  0.268872568761909E-005 
     16.56000000 -0.865026934929608E+003  0.268870596607007E-005 
     16.58000000 -0.865026934929628E+003  0.268868595449828E-005 
     16.60000000 -0.865026934929648E+003  0.268866642629778E-005 
     16.62000000 -0.865026934929668E+003  0.268864680142302E-005 
     16.64000000 -0.865026934929687E+003  0.268862717654827E-005 
     16.66000000 -0.865026934929707E+003  0.268860764834777E-005 
     16.68000000 -0.865026934929727E+003  0.268858792679875E-005 
     16.70000000 -0.865026934929746E+003  0.268856859194677E-005 
     16.72000000 -0.865026934929765E+003  0.268854896707202E-005 
     16.74000000 -0.865026934929785E+003  0.268852934219726E-005 
     16.76000000 -0.865026934929805E+003  0.268850981399676E-005 
     16.78000000 -0.865026934929824E+003  0.268849009244775E-005 
     16.80000000 -0.865026934929844E+003  0.268847056424725E-005 
     16.82000000 -0.865026934929863E+003  0.268845103604675E-005 
     16.84000000 -0.865026934929883E+003  0.268843150784626E-005 
     16.86000000 -0.865026934929903E+003  0.268841159294872E-005 
     16.88000000 -0.865026934929922E+003  0.268839206474822E-005 
     16.90000000 -0.865026934929942E+003  0.268837243987347E-005 
     16.92000000 -0.865026934929962E+003  0.268835262165019E-005 
     16.94000000 -0.865026934929982E+003  0.268833251340413E-005 
     16.96000000 -0.865026934930002E+003  0.268831279185512E-005 
     16.98000000 -0.865026934930021E+003  0.268829326365462E-005 
     17.00000000 -0.865026934930041E+003  0.268827334875708E-005 
     17.02000000 -0.865026934930061E+003  0.268825362720807E-005 
     17.04000000 -0.865026934930081E+003  0.268823390565905E-005 
     17.06000000 -0.865026934930100E+003  0.268821418411003E-005 
     17.08000000 -0.865026934930120E+003  0.268819426921250E-005 
     17.10000000 -0.865026934930140E+003  0.268817454766348E-005 
     17.12000000 -0.865026934930159E+003  0.268815492278872E-005 
     17.14000000 -0.865026934930179E+003  0.268813529791396E-005 
     17.16000000 -0.865026934930199E+003  0.268811547969069E-005 
     17.18000000 -0.865026934930218E+003  0.268809595149019E-005 
     17.20000000 -0.865026934930238E+003  0.268807632661543E-005 
     17.22000000 -0.865026934930258E+003  0.268805679841494E-005 
     17.24000000 -0.865026934930277E+003  0.268803727021444E-005 
     17.26000000 -0.865026934930296E+003  0.268801793536246E-005 
     17.28000000 -0.865026934930316E+003  0.268799821381345E-005 
     17.30000000 -0.865026934930336E+003  0.268797849226443E-005 
     17.32000000 -0.865026934930355E+003  0.268795915741245E-005 
     17.34000000 -0.865026934930375E+003  0.268793933918918E-005 
     17.36000000 -0.865026934930395E+003  0.268791990766294E-005 
     17.38000000 -0.865026934930414E+003  0.268789999276540E-005 
     17.40000000 -0.865026934930434E+003  0.268788027121638E-005 
     17.42000000 -0.865026934930454E+003  0.268786016297033E-005 
     17.44000000 -0.865026934930474E+003  0.268784044142131E-005 
     17.46000000 -0.865026934930494E+003  0.268782052652378E-005 
     17.48000000 -0.865026934930514E+003  0.268780061162624E-005 
     17.50000000 -0.865026934930533E+003  0.268778108342574E-005 
     17.52000000 -0.865026934930553E+003  0.268776116852821E-005 
     17.54000000 -0.865026934930573E+003  0.268774125363067E-005 
     17.56000000 -0.865026934930593E+003  0.268772162875591E-005 
     17.58000000 -0.865026934930612E+003  0.268770190720689E-005 
     17.60000000 -0.865026934930632E+003  0.268768228233214E-005 
     17.62000000 -0.865026934930652E+003  0.268766256078312E-005 
     17.64000000 -0.865026934930672E+003  0.268764283923410E-005 
     17.66000000 -0.865026934930691E+003  0.268762311768509E-005 
     17.68000000 -0.865026934930711E+003  0.268760358948459E-005 
     17.70000000 -0.865026934930731E+003  0.268758367458705E-005 
     17.72000000 -0.865026934930750E+003  0.268756414638656E-005 
     17.74000000 -0.865026934930770E+003  0.268754432816328E-005 
     17.76000000 -0.865026934930790E+003  0.268752460661426E-005 
     17.78000000 -0.865026934930810E+003  0.268750469171673E-005 
     17.80000000 -0.865026934930829E+003  0.268748497016771E-005 
     17.82000000 -0.865026934930849E+003  0.268746515194443E-005 
     17.84000000 -0.865026934930869E+003  0.268744504369838E-005 
     17.86000000 -0.865026934930889E+003  0.268742551549788E-005 
     17.88000000 -0.865026934930909E+003  0.268740579394886E-005 
     17.90000000 -0.865026934930929E+003  0.268738568570281E-005 
     17.92000000 -0.865026934930949E+003  0.268736586747953E-005 
     17.94000000 -0.865026934930969E+003  0.268734585590773E-005 
     17.96000000 -0.865026934930988E+003  0.268732603768446E-005 
     17.98000000 -0.865026934931008E+003  0.268730621946118E-005 
     18.00000000 -0.865026934931028E+003  0.268728640123790E-005 
     18.02000000 -0.865026934931048E+003  0.268726638966611E-005 
     18.04000000 -0.865026934931068E+003  0.268724647476857E-005 
     18.06000000 -0.865026934931088E+003  0.268722684989381E-005 
     18.08000000 -0.865026934931108E+003  0.268720674164776E-005 
     18.10000000 -0.865026934931127E+003  0.268718692342448E-005 
     18.12000000 -0.865026934931147E+003  0.268716729854972E-005 
     18.14000000 -0.865026934931167E+003  0.268714738365219E-005 
     18.16000000 -0.865026934931187E+003  0.268712746875465E-005 
     18.18000000 -0.865026934931207E+003  0.268710755385711E-005 
     18.20000000 -0.865026934931227E+003  0.268708783230810E-005 
     18.22000000 -0.865026934931246E+003  0.268706801408482E-005 
     18.24000000 -0.865026934931266E+003  0.268704809918728E-005 
     18.26000000 -0.865026934931286E+003  0.268702837763827E-005 
     18.28000000 -0.865026934931306E+003  0.268700846274073E-005 
     18.30000000 -0.865026934931326E+003  0.268698874119171E-005 
     18.32000000 -0.865026934931346E+003  0.268696882629418E-005 
     18.34000000 -0.865026934931365E+003  0.268694910474516E-005 
     18.36000000 -0.865026934931385E+003  0.268692918984762E-005 
     18.38000000 -0.865026934931405E+003  0.268690946829861E-005 
     18.40000000 -0.865026934931425E+003  0.268688955340107E-005 
     18.42000000 -0.865026934931445E+003  0.268686963850353E-005 
     18.44000000 -0.865026934931464E+003  0.268684991695452E-005 
     18.46000000 -0.865026934931484E+003  0.268683019540550E-005 
     18.48000000 -0.865026934931504E+003  0.268681028050796E-005 
     18.50000000 -0.865026934931524E+003  0.268679036561043E-005 
     18.52000000 -0.865026934931544E+003  0.268677083740993E-005 
     18.54000000 -0.865026934931563E+003  0.268675092251239E-005 
     18.56000000 -0.865026934931583E+003  0.268673120096338E-005 
     18.58000000 -0.865026934931603E+003  0.268671128606584E-005 
     18.60000000 -0.865026934931623E+003  0.268669156451682E-005 
     18.62000000 -0.865026934931643E+003  0.268667155294503E-005 
     18.64000000 -0.865026934931662E+003  0.268665192807027E-005 
     18.66000000 -0.865026934931683E+003  0.268663181982421E-005 
     18.68000000 -0.865026934931702E+003  0.268661209827520E-005 
     18.70000000 -0.865026934931722E+003  0.268659218337766E-005 
     18.72000000 -0.865026934931742E+003  0.268657236515438E-005 
     18.74000000 -0.865026934931762E+003  0.268655254693111E-005 
     18.76000000 -0.865026934931782E+003  0.268653272870783E-005 
     18.78000000 -0.865026934931802E+003  0.268651271713603E-005 
     18.80000000 -0.865026934931821E+003  0.268649299558702E-005 
     18.82000000 -0.865026934931842E+003  0.268647288734096E-005 
     18.84000000 -0.865026934931861E+003  0.268645297244342E-005 
     18.86000000 -0.865026934931881E+003  0.268643344424293E-005 
     18.88000000 -0.865026934931901E+003  0.268641343267113E-005 
     18.90000000 -0.865026934931921E+003  0.268639380779637E-005 
     18.92000000 -0.865026934931940E+003  0.268637398957310E-005 
     18.94000000 -0.865026934931960E+003  0.268635397800130E-005 
     18.96000000 -0.865026934931980E+003  0.268633425645228E-005 
     18.98000000 -0.865026934932000E+003  0.268631443822901E-005 
     19.00000000 -0.865026934932020E+003  0.268629462000573E-005 
     19.02000000 -0.865026934932040E+003  0.268627460843393E-005 
     19.04000000 -0.865026934932059E+003  0.268625498355918E-005 
     19.06000000 -0.865026934932079E+003  0.268623516533590E-005 
     19.08000000 -0.865026934932099E+003  0.268621534711262E-005 
     19.10000000 -0.865026934932119E+003  0.268619543221509E-005 
     19.12000000 -0.865026934932139E+003  0.268617580734033E-005 
     19.14000000 -0.865026934932158E+003  0.268615618246557E-005 
     19.16000000 -0.865026934932178E+003  0.268613626756804E-005 
     19.18000000 -0.865026934932198E+003  0.268611654601902E-005 
     19.20000000 -0.865026934932218E+003  0.268609663112148E-005 
     19.22000000 -0.865026934932238E+003  0.268607690957247E-005 
     19.24000000 -0.865026934932257E+003  0.268605718802345E-005 
     19.26000000 -0.865026934932277E+003  0.268603746647443E-005 
     19.28000000 -0.865026934932297E+003  0.268601764825116E-005 
     19.30000000 -0.865026934932316E+003  0.268599802337640E-005 
     19.32000000 -0.865026934932336E+003  0.268597801180460E-005 
     19.34000000 -0.865026934932356E+003  0.268595819358133E-005 
     19.36000000 -0.865026934932376E+003  0.268593827868379E-005 
     19.38000000 -0.865026934932396E+003  0.268591875048329E-005 
     19.40000000 -0.865026934932415E+003  0.268589902893428E-005 
     19.42000000 -0.865026934932435E+003  0.268587892068822E-005 
     19.44000000 -0.865026934932455E+003  0.268585919913920E-005 
     19.46000000 -0.865026934932475E+003  0.268583957426445E-005 
     19.48000000 -0.865026934932495E+003  0.268581956269265E-005 
     19.50000000 -0.865026934932514E+003  0.268580003449215E-005 
     19.52000000 -0.865026934932534E+003  0.268578011959462E-005 
     19.54000000 -0.865026934932554E+003  0.268576039804560E-005 
     19.56000000 -0.865026934932574E+003  0.268574048314806E-005 
     19.58000000 -0.865026934932593E+003  0.268572095494757E-005 
     19.60000000 -0.865026934932613E+003  0.268570104005003E-005 
     19.62000000 -0.865026934932633E+003  0.268568141517527E-005 
     19.64000000 -0.865026934932652E+003  0.268566188697478E-005 
     19.66000000 -0.865026934932672E+003  0.268564216542576E-005 
     19.68000000 -0.865026934932692E+003  0.268562254055100E-005 
     19.70000000 -0.865026934932712E+003  0.268560272232773E-005 
     19.72000000 -0.865026934932731E+003  0.268558309745297E-005 
     19.74000000 -0.865026934932751E+003  0.268556337590395E-005 
     19.76000000 -0.865026934932771E+003  0.268554384770345E-005 
     19.78000000 -0.865026934932791E+003  0.268552383613166E-005 
     19.80000000 -0.865026934932810E+003  0.268550440460542E-005 
     19.82000000 -0.865026934932830E+003  0.268548477973066E-005 
     19.84000000 -0.865026934932849E+003  0.268546486483313E-005 
     19.86000000 -0.865026934932869E+003  0.268544523995837E-005 
     19.88000000 -0.865026934932889E+003  0.268542532506083E-005 
     19.90000000 -0.865026934932909E+003  0.268540570018608E-005 
     19.92000000 -0.865026934932929E+003  0.268538578528854E-005 
     19.94000000 -0.865026934932948E+003  0.268536596706526E-005 
     19.96000000 -0.865026934932968E+003  0.268534643886477E-005 
     19.98000000 -0.865026934932988E+003  0.268532671731575E-005 
     20.00000000 -0.865026934933007E+003  0.268530718911525E-005 
     20.02000000 -0.865026934933027E+003  0.268528746756624E-005 
     20.04000000 -0.865026934933047E+003  0.268526793936574E-005 
     20.06000000 -0.865026934933066E+003  0.268524812114246E-005 
     20.08000000 -0.865026934933086E+003  0.268522868961623E-005 
     20.10000000 -0.865026934933106E+003  0.268520877471869E-005 
     20.12000000 -0.865026934933125E+003  0.268518943986671E-005 
     20.14000000 -0.865026934933145E+003  0.268516991166621E-005 
     20.16000000 -0.865026934933164E+003  0.268515019011720E-005 
     20.18000000 -0.865026934933184E+003  0.268513066191670E-005 
     20.20000000 -0.865026934933203E+003  0.268511132706472E-005 
     20.22000000 -0.865026934933223E+003  0.268509150884145E-005 
     20.24000000 -0.865026934933243E+003  0.268507188396669E-005 
     20.26000000 -0.865026934933262E+003  0.268505235576619E-005 
     20.28000000 -0.865026934933282E+003  0.268503244086866E-005 
     20.30000000 -0.865026934933302E+003  0.268501291266816E-005 
     20.32000000 -0.865026934933321E+003  0.268499319111914E-005 
     20.34000000 -0.865026934933341E+003  0.268497346957013E-005 
     20.36000000 -0.865026934933361E+003  0.268495365134685E-005 
     20.38000000 -0.865026934933380E+003  0.268493402647209E-005 
     20.40000000 -0.865026934933400E+003  0.268491411157456E-005 
     20.42000000 -0.865026934933420E+003  0.268489448669980E-005 
     20.44000000 -0.865026934933440E+003  0.268487447512800E-005 
     20.46000000 -0.865026934933459E+003  0.268485504360176E-005 
     20.48000000 -0.865026934933479E+003  0.268483512870423E-005 
     20.50000000 -0.865026934933499E+003  0.268481531048095E-005 
     20.52000000 -0.865026934933519E+003  0.268479578228045E-005 
     20.54000000 -0.865026934933538E+003  0.268477615740570E-005 
     20.56000000 -0.865026934933558E+003  0.268475653253094E-005 
     20.58000000 -0.865026934933577E+003  0.268473700433044E-005 
     20.60000000 -0.865026934933597E+003  0.268471757280421E-005 
     20.62000000 -0.865026934933617E+003  0.268469775458093E-005 
     20.64000000 -0.865026934933636E+003  0.268467841972895E-005 
     20.66000000 -0.865026934933656E+003  0.268465869817994E-005 
     20.68000000 -0.865026934933675E+003  0.268463936332796E-005 
     20.70000000 -0.865026934933695E+003  0.268461983512746E-005 
     20.72000000 -0.865026934933714E+003  0.268460030692696E-005 
     20.74000000 -0.865026934933734E+003  0.268458077872647E-005 
     20.76000000 -0.865026934933753E+003  0.268456125052597E-005 
     20.78000000 -0.865026934933773E+003  0.268454162565121E-005 
     20.80000000 -0.865026934933792E+003  0.268452219412498E-005 
     20.82000000 -0.865026934933812E+003  0.268450247257596E-005 
     20.84000000 -0.865026934933832E+003  0.268448265435268E-005 
     20.86000000 -0.865026934933852E+003  0.268446283612941E-005 
     20.88000000 -0.865026934933871E+003  0.268444330792891E-005 
     20.90000000 -0.865026934933891E+003  0.268442339303137E-005 
     20.92000000 -0.865026934933911E+003  0.268440367148236E-005 
     20.94000000 -0.865026934933931E+003  0.268438356323630E-005 
     20.96000000 -0.865026934933950E+003  0.268436403503580E-005 
     20.98000000 -0.865026934933970E+003  0.268434431348679E-005 
     21.00000000 -0.865026934933990E+003  0.268432459193777E-005 
     21.02000000 -0.865026934934010E+003  0.268430477371449E-005 
     21.04000000 -0.865026934934029E+003  0.268428495549122E-005 
     21.06000000 -0.865026934934049E+003  0.268426523394220E-005 
     21.08000000 -0.865026934934069E+003  0.268424551239318E-005 
     21.10000000 -0.865026934934088E+003  0.268422608086694E-005 
     21.12000000 -0.865026934934108E+003  0.268420645599219E-005 
     21.14000000 -0.865026934934128E+003  0.268418683111743E-005 
     21.16000000 -0.865026934934147E+003  0.268416749626545E-005 
     21.18000000 -0.865026934934167E+003  0.268414767804218E-005 
     21.20000000 -0.865026934934186E+003  0.268412834319020E-005 
     21.22000000 -0.865026934934206E+003  0.268410862164118E-005 
     21.24000000 -0.865026934934225E+003  0.268408909344069E-005 
     21.26000000 -0.865026934934245E+003  0.268406946856593E-005 
     21.28000000 -0.865026934934264E+003  0.268405003703969E-005 
     21.30000000 -0.865026934934284E+003  0.268403041216494E-005 
     21.32000000 -0.865026934934304E+003  0.268401078729018E-005 
     21.34000000 -0.865026934934324E+003  0.268399087239264E-005 
     21.36000000 -0.865026934934343E+003  0.268397134419214E-005 
     21.38000000 -0.865026934934363E+003  0.268395162264313E-005 
     21.40000000 -0.865026934934383E+003  0.268393180441985E-005 
     21.42000000 -0.865026934934402E+003  0.268391198619657E-005 
     21.44000000 -0.865026934934422E+003  0.268389236132182E-005 
     21.46000000 -0.865026934934442E+003  0.268387254309854E-005 
     21.48000000 -0.865026934934462E+003  0.268385282154952E-005 
     21.50000000 -0.865026934934481E+003  0.268383310000051E-005 
     21.52000000 -0.865026934934501E+003  0.268381318510297E-005 
     21.54000000 -0.865026934934521E+003  0.268379346355395E-005 
     21.56000000 -0.865026934934540E+003  0.268377393535346E-005 
     21.58000000 -0.865026934934560E+003  0.268375402045592E-005 
     21.60000000 -0.865026934934580E+003  0.268373439558116E-005 
     21.62000000 -0.865026934934600E+003  0.268371457735789E-005 
     21.64000000 -0.865026934934619E+003  0.268369504915739E-005 
     21.66000000 -0.865026934934639E+003  0.268367523093411E-005 
     21.68000000 -0.865026934934659E+003  0.268365570273362E-005 
     21.70000000 -0.865026934934678E+003  0.268363607785886E-005 
     21.72000000 -0.865026934934698E+003  0.268361635630984E-005 
     21.74000000 -0.865026934934718E+003  0.268359682810935E-005 
     21.76000000 -0.865026934934737E+003  0.268357710656033E-005 
     21.78000000 -0.865026934934757E+003  0.268355748168557E-005 
     21.80000000 -0.865026934934777E+003  0.268353756678804E-005 
     21.82000000 -0.865026934934796E+003  0.268351803858754E-005 
     21.84000000 -0.865026934934816E+003  0.268349841371278E-005 
     21.86000000 -0.865026934934836E+003  0.268347869216376E-005 
     21.88000000 -0.865026934934856E+003  0.268345877726623E-005 
     21.90000000 -0.865026934934875E+003  0.268343905571721E-005 
     21.92000000 -0.865026934934895E+003  0.268341952751671E-005 
     21.94000000 -0.865026934934915E+003  0.268339961261918E-005 
     21.96000000 -0.865026934934934E+003  0.268337998774442E-005 
     21.98000000 -0.865026934934954E+003  0.268335997617262E-005 
     22.00000000 -0.865026934934974E+003  0.268334025462361E-005 
     22.02000000 -0.865026934934994E+003  0.268332053307459E-005 
     22.04000000 -0.865026934935014E+003  0.268330081152557E-005 
     22.06000000 -0.865026934935034E+003  0.268328089662804E-005 
     22.08000000 -0.865026934935053E+003  0.268326127175328E-005 
     22.10000000 -0.865026934935073E+003  0.268324164687852E-005 
     22.12000000 -0.865026934935092E+003  0.268322192532951E-005 
     22.14000000 -0.865026934935112E+003  0.268320220378049E-005 
     22.16000000 -0.865026934935132E+003  0.268318248223147E-005 
     22.18000000 -0.865026934935152E+003  0.268316285735672E-005 
     22.20000000 -0.865026934935171E+003  0.268314323248196E-005 
     22.22000000 -0.865026934935191E+003  0.268312370428146E-005 
     22.24000000 -0.865026934935210E+003  0.268310417608097E-005 
     22.26000000 -0.865026934935230E+003  0.268308455120621E-005 
     22.28000000 -0.865026934935249E+003  0.268306492633145E-005 
     22.30000000 -0.865026934935269E+003  0.268304520478243E-005 
     22.32000000 -0.865026934935289E+003  0.268302548323342E-005 
     22.34000000 -0.865026934935309E+003  0.268300585835866E-005 
     22.36000000 -0.865026934935328E+003  0.268298623348390E-005 
     22.38000000 -0.865026934935348E+003  0.268296651193489E-005 
     22.40000000 -0.865026934935368E+003  0.268294659703735E-005 
     22.42000000 -0.865026934935387E+003  0.268292697216259E-005 
     22.44000000 -0.865026934935407E+003  0.268290715393932E-005 
     22.46000000 -0.865026934935427E+003  0.268288743239030E-005 
     22.48000000 -0.865026934935447E+003  0.268286771084128E-005 
     22.50000000 -0.865026934935467E+003  0.268284789261801E-005 
     22.52000000 -0.865026934935486E+003  0.268282826774325E-005 
     22.54000000 -0.865026934935506E+003  0.268280835284571E-005 
     22.56000000 -0.865026934935525E+003  0.268278901799374E-005 
     22.58000000 -0.865026934935545E+003  0.268276919977046E-005 
     22.60000000 -0.865026934935565E+003  0.268274957489570E-005 
     22.62000000 -0.865026934935584E+003  0.268272995002095E-005 
     22.64000000 -0.865026934935604E+003  0.268271022847193E-005 
     22.66000000 -0.865026934935624E+003  0.268269050692291E-005 
     22.68000000 -0.865026934935643E+003  0.268267126874519E-005 
     22.70000000 -0.865026934935663E+003  0.268265164387044E-005 
     22.72000000 -0.865026934935683E+003  0.268263182564716E-005 
     22.74000000 -0.865026934935702E+003  0.268261220077240E-005 
     22.76000000 -0.865026934935722E+003  0.268259286592043E-005 
     22.78000000 -0.865026934935741E+003  0.268257333771993E-005 
     22.80000000 -0.865026934935761E+003  0.268255351949665E-005 
     22.82000000 -0.865026934935780E+003  0.268253389462190E-005 
     22.84000000 -0.865026934935800E+003  0.268251388305010E-005 
     22.86000000 -0.865026934935820E+003  0.268249435484960E-005 
     22.88000000 -0.865026934935840E+003  0.268247482664911E-005 
     22.90000000 -0.865026934935859E+003  0.268245491175157E-005 
     22.92000000 -0.865026934935879E+003  0.268243519020255E-005 
     22.94000000 -0.865026934935899E+003  0.268241527530502E-005 
     22.96000000 -0.865026934935919E+003  0.268239555375600E-005 
     22.98000000 -0.865026934935939E+003  0.268237583220698E-005 
     23.00000000 -0.865026934935958E+003  0.268235601398371E-005 
     23.02000000 -0.865026934935978E+003  0.268233638910895E-005 
     23.04000000 -0.865026934935998E+003  0.268231666755993E-005 
     23.06000000 -0.865026934936018E+003  0.268229684933665E-005 
     23.08000000 -0.865026934936037E+003  0.268227722446190E-005 
     23.10000000 -0.865026934936057E+003  0.268225750291288E-005 
     23.12000000 -0.865026934936076E+003  0.268223787803812E-005 
     23.14000000 -0.865026934936096E+003  0.268221844651189E-005 
     23.16000000 -0.865026934936116E+003  0.268219872496287E-005 
     23.18000000 -0.865026934936135E+003  0.268217910008811E-005 
     23.20000000 -0.865026934936155E+003  0.268215928186484E-005 
     23.22000000 -0.865026934936175E+003  0.268213965699008E-005 
     23.24000000 -0.865026934936194E+003  0.268211993544106E-005 
     23.26000000 -0.865026934936214E+003  0.268210031056631E-005 
     23.28000000 -0.865026934936234E+003  0.268208058901729E-005 
     23.30000000 -0.865026934936253E+003  0.268206106081679E-005 
     23.32000000 -0.865026934936273E+003  0.268204114591926E-005 
     23.34000000 -0.865026934936293E+003  0.268202142437024E-005 
     23.36000000 -0.865026934936313E+003  0.268200170282122E-005 
     23.38000000 -0.865026934936332E+003  0.268198198127221E-005 
     23.40000000 -0.865026934936352E+003  0.268196225972319E-005 
     23.42000000 -0.865026934936372E+003  0.268194253817417E-005 
     23.44000000 -0.865026934936392E+003  0.268192281662516E-005 
     23.46000000 -0.865026934936412E+003  0.268190290172762E-005 
     23.48000000 -0.865026934936431E+003  0.268188327685286E-005 
     23.50000000 -0.865026934936451E+003  0.268186355530384E-005 
     23.52000000 -0.865026934936471E+003  0.268184373708057E-005 
     23.54000000 -0.865026934936490E+003  0.268182391885729E-005 
     23.56000000 -0.865026934936510E+003  0.268180429398253E-005 
     23.58000000 -0.865026934936530E+003  0.268178457243352E-005 
     23.60000000 -0.865026934936550E+003  0.268176465753598E-005 
     23.62000000 -0.865026934936569E+003  0.268174493598696E-005 
     23.64000000 -0.865026934936589E+003  0.268172521443795E-005 
     23.66000000 -0.865026934936609E+003  0.268170549288893E-005 
     23.68000000 -0.865026934936629E+003  0.268168557799139E-005 
     23.70000000 -0.865026934936648E+003  0.268166595311664E-005 
     23.72000000 -0.865026934936668E+003  0.268164632824188E-005 
     23.74000000 -0.865026934936688E+003  0.268162651001860E-005 
     23.76000000 -0.865026934936708E+003  0.268160688514385E-005 
     23.78000000 -0.865026934936727E+003  0.268158716359483E-005 
     23.80000000 -0.865026934936747E+003  0.268156744204581E-005 
     23.82000000 -0.865026934936767E+003  0.268154772049680E-005 
     23.84000000 -0.865026934936787E+003  0.268152780559926E-005 
     23.86000000 -0.865026934936806E+003  0.268150847074728E-005 
     23.88000000 -0.865026934936826E+003  0.268148845917549E-005 
     23.90000000 -0.865026934936846E+003  0.268146883430073E-005 
     23.92000000 -0.865026934936865E+003  0.268144930610023E-005 
     23.94000000 -0.865026934936885E+003  0.268142939120270E-005 
     23.96000000 -0.865026934936905E+003  0.268140966965368E-005 
     23.98000000 -0.865026934936924E+003  0.268139014145318E-005 
     24.00000000 -0.865026934936944E+003  0.268137022655565E-005 
     24.02000000 -0.865026934936964E+003  0.268135050500663E-005 
     24.04000000 -0.865026934936984E+003  0.268133078345761E-005 
     24.06000000 -0.865026934937003E+003  0.268131115858285E-005 
     24.08000000 -0.865026934937023E+003  0.268129134035958E-005 
     24.10000000 -0.865026934937043E+003  0.268127161881056E-005 
     24.12000000 -0.865026934937063E+003  0.268125170391302E-005 
     24.14000000 -0.865026934937082E+003  0.268123217571253E-005 
     24.16000000 -0.865026934937102E+003  0.268121226081499E-005 
     24.18000000 -0.865026934937122E+003  0.268119273261449E-005 
     24.20000000 -0.865026934937142E+003  0.268117281771696E-005 
     24.22000000 -0.865026934937161E+003  0.268115319284220E-005 
     24.24000000 -0.865026934937181E+003  0.268113356796744E-005 
     24.26000000 -0.865026934937201E+003  0.268111384641843E-005 
     24.28000000 -0.865026934937221E+003  0.268109393152089E-005 
     24.30000000 -0.865026934937240E+003  0.268107420997187E-005 
     24.32000000 -0.865026934937260E+003  0.268105448842286E-005 
     24.34000000 -0.865026934937280E+003  0.268103476687384E-005 
     24.36000000 -0.865026934937299E+003  0.268101504532482E-005 
     24.38000000 -0.865026934937319E+003  0.268099532377581E-005 
     24.40000000 -0.865026934937339E+003  0.268097550555253E-005 
     24.42000000 -0.865026934937358E+003  0.268095597735203E-005 
     24.44000000 -0.865026934937378E+003  0.268093625580302E-005 
     24.46000000 -0.865026934937398E+003  0.268091643757974E-005 
     24.48000000 -0.865026934937418E+003  0.268089690937924E-005 
     24.50000000 -0.865026934937437E+003  0.268087709115597E-005 
     24.52000000 -0.865026934937457E+003  0.268085727293269E-005 
     24.54000000 -0.865026934937477E+003  0.268083755138367E-005 
     24.56000000 -0.865026934937497E+003  0.268081782983466E-005 
     24.58000000 -0.865026934937516E+003  0.268079801161138E-005 
     24.60000000 -0.865026934937536E+003  0.268077829006236E-005 
     24.62000000 -0.865026934937556E+003  0.268075856851335E-005 
     24.64000000 -0.865026934937575E+003  0.268073894363859E-005 
     24.66000000 -0.865026934937595E+003  0.268071902874105E-005 
     24.68000000 -0.865026934937615E+003  0.268069930719203E-005 
     24.70000000 -0.865026934937635E+003  0.268067968231728E-005 
     24.72000000 -0.865026934937655E+003  0.268065986409400E-005 
     24.74000000 -0.865026934937674E+003  0.268064014254498E-005 
     24.76000000 -0.865026934937694E+003  0.268062042099597E-005 
     24.78000000 -0.865026934937714E+003  0.268060079612121E-005 
     24.80000000 -0.865026934937733E+003  0.268058117124645E-005 
     24.82000000 -0.865026934937753E+003  0.268056135302318E-005 
     24.84000000 -0.865026934937773E+003  0.268054153479990E-005 
     24.86000000 -0.865026934937792E+003  0.268052190992514E-005 
     24.88000000 -0.865026934937812E+003  0.268050228505039E-005 
     24.90000000 -0.865026934937832E+003  0.268048246682711E-005 
     24.92000000 -0.865026934937852E+003  0.268046284195235E-005 
     24.94000000 -0.865026934937871E+003  0.268044302372908E-005 
     24.96000000 -0.865026934937891E+003  0.268042320550580E-005 
     24.98000000 -0.865026934937911E+003  0.268040377397956E-005 
     25.00000000 -0.865026934937930E+003  0.268038395575629E-005 
     25.02000000 -0.865026934937950E+003  0.268036423420727E-005 
     25.04000000 -0.865026934937970E+003  0.268034451265825E-005 
     25.06000000 -0.865026934937989E+003  0.268032498445776E-005 
     25.08000000 -0.865026934938009E+003  0.268030497288596E-005 
     25.10000000 -0.865026934938029E+003  0.268028515466268E-005 
     25.12000000 -0.865026934938049E+003  0.268026552978793E-005 
     25.14000000 -0.865026934938069E+003  0.268024571156465E-005 
     25.16000000 -0.865026934938088E+003  0.268022618336415E-005 
     25.18000000 -0.865026934938108E+003  0.268020636514088E-005 
     25.20000000 -0.865026934938128E+003  0.268018674026612E-005 
     25.22000000 -0.865026934938147E+003  0.268016701871710E-005 
     25.24000000 -0.865026934938167E+003  0.268014749051660E-005 
     25.26000000 -0.865026934938187E+003  0.268012738227055E-005 
     25.28000000 -0.865026934938206E+003  0.268010804741857E-005 
     25.30000000 -0.865026934938226E+003  0.268008832586955E-005 
     25.32000000 -0.865026934938246E+003  0.268006831429776E-005 
     25.34000000 -0.865026934938266E+003  0.268004888277152E-005 
     25.36000000 -0.865026934938285E+003  0.268002916122250E-005 
     25.38000000 -0.865026934938305E+003  0.268000943967349E-005 
     25.40000000 -0.865026934938325E+003  0.267998971812447E-005 
     25.42000000 -0.865026934938344E+003  0.267997018992397E-005 
     25.44000000 -0.865026934938364E+003  0.267995046837496E-005 
     25.46000000 -0.865026934938384E+003  0.267993055347742E-005 
     25.48000000 -0.865026934938404E+003  0.267991083192840E-005 
     25.50000000 -0.865026934938423E+003  0.267989130372791E-005 
     25.52000000 -0.865026934938443E+003  0.267987158217889E-005 
     25.54000000 -0.865026934938463E+003  0.267985166728135E-005 
     25.56000000 -0.865026934938482E+003  0.267983213908086E-005 
     25.58000000 -0.865026934938502E+003  0.267981232085758E-005 
     25.60000000 -0.865026934938522E+003  0.267979250263430E-005 
     25.62000000 -0.865026934938542E+003  0.267977278108529E-005 
     25.64000000 -0.865026934938561E+003  0.267975315621053E-005 
     25.66000000 -0.865026934938581E+003  0.267973333798725E-005 
     25.68000000 -0.865026934938601E+003  0.267971380978675E-005 
     25.70000000 -0.865026934938620E+003  0.267969389488922E-005 
     25.72000000 -0.865026934938640E+003  0.267967427001446E-005 
     25.74000000 -0.865026934938660E+003  0.267965454846544E-005 
     25.76000000 -0.865026934938679E+003  0.267963492359069E-005 
     25.78000000 -0.865026934938699E+003  0.267961520204167E-005 
     25.80000000 -0.865026934938719E+003  0.267959557716691E-005 
     25.82000000 -0.865026934938738E+003  0.267957614564068E-005 
     25.84000000 -0.865026934938758E+003  0.267955603739462E-005 
     25.86000000 -0.865026934938778E+003  0.267953641251986E-005 
     25.88000000 -0.865026934938798E+003  0.267951678764511E-005 
     25.90000000 -0.865026934938817E+003  0.267949725944461E-005 
     25.92000000 -0.865026934938837E+003  0.267947734454707E-005 
     25.94000000 -0.865026934938857E+003  0.267945762299806E-005 
     25.96000000 -0.865026934938876E+003  0.267943819147182E-005 
     25.98000000 -0.865026934938896E+003  0.267941827657428E-005 
     26.00000000 -0.865026934938916E+003  0.267939865169953E-005 
     26.02000000 -0.865026934938936E+003  0.267937873680199E-005 
     26.04000000 -0.865026934938955E+003  0.267935920860149E-005 
     26.06000000 -0.865026934938975E+003  0.267933929370396E-005 
     26.08000000 -0.865026934938995E+003  0.267931976550346E-005 
     26.10000000 -0.865026934939014E+003  0.267929994728018E-005 
     26.12000000 -0.865026934939034E+003  0.267928032240542E-005 
     26.14000000 -0.865026934939054E+003  0.267926060085641E-005 
     26.16000000 -0.865026934939073E+003  0.267924087930739E-005 
     26.18000000 -0.865026934939093E+003  0.267922115775837E-005 
     26.20000000 -0.865026934939113E+003  0.267920153288362E-005 
     26.22000000 -0.865026934939133E+003  0.267918161798608E-005 
     26.24000000 -0.865026934939152E+003  0.267916199311132E-005 
     26.26000000 -0.865026934939172E+003  0.267914227156231E-005 
     26.28000000 -0.865026934939192E+003  0.267912264668755E-005 
     26.30000000 -0.865026934939212E+003  0.267910292513853E-005 
     26.32000000 -0.865026934939231E+003  0.267908330026378E-005 
     26.34000000 -0.865026934939251E+003  0.267906338536624E-005 
     26.36000000 -0.865026934939271E+003  0.267904376049148E-005 
     26.38000000 -0.865026934939290E+003  0.267902394226821E-005 
     26.40000000 -0.865026934939310E+003  0.267900422071919E-005 
     26.42000000 -0.865026934939330E+003  0.267898469251869E-005 
     26.44000000 -0.865026934939349E+003  0.267896497096968E-005 
     26.46000000 -0.865026934939369E+003  0.267894524942066E-005 
     26.48000000 -0.865026934939389E+003  0.267892572122016E-005 
     26.50000000 -0.865026934939409E+003  0.267890580632263E-005 
     26.52000000 -0.865026934939428E+003  0.267888608477361E-005 
     26.54000000 -0.865026934939448E+003  0.267886655657311E-005 
     26.56000000 -0.865026934939468E+003  0.267884664167558E-005 
     26.58000000 -0.865026934939487E+003  0.267882711347508E-005 
     26.60000000 -0.865026934939507E+003  0.267880729525180E-005 
     26.62000000 -0.865026934939527E+003  0.267878786372556E-005 
     26.64000000 -0.865026934939546E+003  0.267876794882803E-005 
     26.66000000 -0.865026934939566E+003  0.267874822727901E-005 
     26.68000000 -0.865026934939586E+003  0.267872840905573E-005 
     26.70000000 -0.865026934939605E+003  0.267870897752950E-005 
     26.72000000 -0.865026934939625E+003  0.267868906263196E-005 
     26.74000000 -0.865026934939645E+003  0.267866943775720E-005 
     26.76000000 -0.865026934939665E+003  0.267864961953393E-005 
     26.78000000 -0.865026934939684E+003  0.267863009133343E-005 
     26.80000000 -0.865026934939704E+003  0.267861036978441E-005 
     26.82000000 -0.865026934939724E+003  0.267859064823540E-005 
     26.84000000 -0.865026934939744E+003  0.267857073333786E-005 
     26.86000000 -0.865026934939763E+003  0.267855120513736E-005 
     26.88000000 -0.865026934939783E+003  0.267853129023983E-005 
     26.90000000 -0.865026934939803E+003  0.267851166536507E-005 
     26.92000000 -0.865026934939822E+003  0.267849204049031E-005 
     26.94000000 -0.865026934939842E+003  0.267847241561556E-005 
     26.96000000 -0.865026934939862E+003  0.267845240404376E-005 
     26.98000000 -0.865026934939881E+003  0.267843306919178E-005 
     27.00000000 -0.865026934939901E+003  0.267841325096851E-005 
     27.02000000 -0.865026934939921E+003  0.267839352941949E-005 
     27.04000000 -0.865026934939940E+003  0.267837390454473E-005 
     27.06000000 -0.865026934939960E+003  0.267835447301849E-005 
     27.08000000 -0.865026934939980E+003  0.267833465479522E-005 
     27.10000000 -0.865026934940000E+003  0.267831473989768E-005 
     27.12000000 -0.865026934940019E+003  0.267829540504570E-005 
     27.14000000 -0.865026934940039E+003  0.267827568349669E-005 
     27.16000000 -0.865026934940058E+003  0.267825586527341E-005 
     27.18000000 -0.865026934940078E+003  0.267823614372439E-005 
     27.20000000 -0.865026934940098E+003  0.267821671219816E-005 
     27.22000000 -0.865026934940117E+003  0.267819699064914E-005 
     27.24000000 -0.865026934940137E+003  0.267817726910012E-005 
     27.26000000 -0.865026934940157E+003  0.267815754755111E-005 
     27.28000000 -0.865026934940177E+003  0.267813782600209E-005 
     27.30000000 -0.865026934940196E+003  0.267811800777881E-005 
     27.32000000 -0.865026934940216E+003  0.267809838290406E-005 
     27.34000000 -0.865026934940236E+003  0.267807866135504E-005 
     27.36000000 -0.865026934940256E+003  0.267805893980602E-005 
     27.38000000 -0.865026934940275E+003  0.267803941160552E-005 
     27.40000000 -0.865026934940295E+003  0.267801930335947E-005 
     27.42000000 -0.865026934940314E+003  0.267799996850749E-005 
     27.44000000 -0.865026934940334E+003  0.267798005360995E-005 
     27.46000000 -0.865026934940354E+003  0.267796033206094E-005 
     27.48000000 -0.865026934940374E+003  0.267794080386044E-005 
     27.50000000 -0.865026934940394E+003  0.267792088896290E-005 
     27.52000000 -0.865026934940413E+003  0.267790136076241E-005 
     27.54000000 -0.865026934940433E+003  0.267788183256191E-005 
     27.56000000 -0.865026934940452E+003  0.267786211101289E-005 
     27.58000000 -0.865026934940472E+003  0.267784238946388E-005 
     27.60000000 -0.865026934940492E+003  0.267782286126338E-005 
     27.62000000 -0.865026934940511E+003  0.267780313971436E-005 
     27.64000000 -0.865026934940531E+003  0.267778341816535E-005 
     27.66000000 -0.865026934940550E+003  0.267776408331337E-005 
     27.68000000 -0.865026934940570E+003  0.267774445843861E-005 
     27.70000000 -0.865026934940590E+003  0.267772454354108E-005 
     27.72000000 -0.865026934940609E+003  0.267770511201484E-005 
     27.74000000 -0.865026934940629E+003  0.267768519711730E-005 
     27.76000000 -0.865026934940649E+003  0.267766566891680E-005 
     27.78000000 -0.865026934940669E+003  0.267764575401927E-005 
     27.80000000 -0.865026934940688E+003  0.267762622581877E-005 
     27.82000000 -0.865026934940708E+003  0.267760660094401E-005 
     27.84000000 -0.865026934940728E+003  0.267758678272074E-005 
     27.86000000 -0.865026934940747E+003  0.267756725452024E-005 
     27.88000000 -0.865026934940767E+003  0.267754724294844E-005 
     27.90000000 -0.865026934940787E+003  0.267752781142221E-005 
     27.92000000 -0.865026934940807E+003  0.267750789652467E-005 
     27.94000000 -0.865026934940826E+003  0.267748827164991E-005 
     27.96000000 -0.865026934940846E+003  0.267746874344942E-005 
     27.98000000 -0.865026934940865E+003  0.267744902190040E-005 
     28.00000000 -0.865026934940885E+003  0.267742939702564E-005 
     28.02000000 -0.865026934940905E+003  0.267740977215089E-005 
     28.04000000 -0.865026934940924E+003  0.267739014727613E-005 
     28.06000000 -0.865026934940944E+003  0.267737042572711E-005 
     28.08000000 -0.865026934940964E+003  0.267735089752662E-005 
     28.10000000 -0.865026934940983E+003  0.267733127265186E-005 
     28.12000000 -0.865026934941003E+003  0.267731155110284E-005 
     28.14000000 -0.865026934941022E+003  0.267729192622808E-005 
     28.16000000 -0.865026934941042E+003  0.267727220467907E-005 
     28.18000000 -0.865026934941062E+003  0.267725257980431E-005 
     28.20000000 -0.865026934941082E+003  0.267723285825529E-005 
     28.22000000 -0.865026934941101E+003  0.267721323338054E-005 
     28.24000000 -0.865026934941121E+003  0.267719351183152E-005 
     28.26000000 -0.865026934941141E+003  0.267717379028250E-005 
     28.28000000 -0.865026934941160E+003  0.267715406873349E-005 
     28.30000000 -0.865026934941180E+003  0.267713454053299E-005 
     28.32000000 -0.865026934941200E+003  0.267711462563545E-005 
     28.34000000 -0.865026934941219E+003  0.267709500076070E-005 
     28.36000000 -0.865026934941239E+003  0.267707547256020E-005 
     28.38000000 -0.865026934941259E+003  0.267705565433692E-005 
     28.40000000 -0.865026934941278E+003  0.267703612613643E-005 
     28.42000000 -0.865026934941298E+003  0.267701640458741E-005 
     28.44000000 -0.865026934941318E+003  0.267699668303839E-005 
     28.46000000 -0.865026934941337E+003  0.267697725151215E-005 
     28.48000000 -0.865026934941357E+003  0.267695762663740E-005 
     28.50000000 -0.865026934941376E+003  0.267693790508838E-005 
     28.52000000 -0.865026934941396E+003  0.267691837688788E-005 
     28.54000000 -0.865026934941416E+003  0.267689865533887E-005 
     28.56000000 -0.865026934941435E+003  0.267687903046411E-005 
     28.58000000 -0.865026934941455E+003  0.267685940558935E-005 
     28.60000000 -0.865026934941475E+003  0.267683968404034E-005 
     28.62000000 -0.865026934941494E+003  0.267681996249132E-005 
     28.64000000 -0.865026934941514E+003  0.267680024094230E-005 
     28.66000000 -0.865026934941534E+003  0.267678051939329E-005 
     28.68000000 -0.865026934941554E+003  0.267676079784427E-005 
     28.70000000 -0.865026934941573E+003  0.267674126964377E-005 
     28.72000000 -0.865026934941593E+003  0.267672154809476E-005 
     28.74000000 -0.865026934941612E+003  0.267670201989426E-005 
     28.76000000 -0.865026934941632E+003  0.267668191164820E-005 
     28.78000000 -0.865026934941652E+003  0.267666238344771E-005 
     28.80000000 -0.865026934941672E+003  0.267664275857295E-005 
     28.82000000 -0.865026934941691E+003  0.267662303702393E-005 
     28.84000000 -0.865026934941711E+003  0.267660341214917E-005 
     28.86000000 -0.865026934941731E+003  0.267658369060016E-005 
     28.88000000 -0.865026934941750E+003  0.267656396905114E-005 
     28.90000000 -0.865026934941770E+003  0.267654424750212E-005 
     28.92000000 -0.865026934941790E+003  0.267652471930163E-005 
     28.94000000 -0.865026934941809E+003  0.267650519110113E-005 
     28.96000000 -0.865026934941829E+003  0.267648546955211E-005 
     28.98000000 -0.865026934941848E+003  0.267646594135162E-005 
     29.00000000 -0.865026934941869E+003  0.267644583310556E-005 
     29.02000000 -0.865026934941888E+003  0.267642649825358E-005 
     29.04000000 -0.865026934941908E+003  0.267640668003031E-005 
     29.06000000 -0.865026934941927E+003  0.267638724850407E-005 
     29.08000000 -0.865026934941947E+003  0.267636743028079E-005 
     29.10000000 -0.865026934941967E+003  0.267634780540604E-005 
     29.12000000 -0.865026934941986E+003  0.267632808385702E-005 
     29.14000000 -0.865026934942006E+003  0.267630855565652E-005 
     29.16000000 -0.865026934942026E+003  0.267628873743324E-005 
     29.18000000 -0.865026934942045E+003  0.267626911255849E-005 
     29.20000000 -0.865026934942065E+003  0.267624948768373E-005 
     29.22000000 -0.865026934942084E+003  0.267622995948323E-005 
     29.24000000 -0.865026934942104E+003  0.267621014125996E-005 
     29.26000000 -0.865026934942124E+003  0.267619041971094E-005 
     29.28000000 -0.865026934942144E+003  0.267617079483618E-005 
     29.30000000 -0.865026934942163E+003  0.267615116996143E-005 
     29.32000000 -0.865026934942183E+003  0.267613144841241E-005 
     29.34000000 -0.865026934942203E+003  0.267611172686339E-005 
     29.36000000 -0.865026934942222E+003  0.267609200531438E-005 
     29.38000000 -0.865026934942242E+003  0.267607228376536E-005 
     29.40000000 -0.865026934942262E+003  0.267605275556486E-005 
     29.42000000 -0.865026934942281E+003  0.267603303401585E-005 
     29.44000000 -0.865026934942301E+003  0.267601340914109E-005 
     29.46000000 -0.865026934942321E+003  0.267599359091781E-005 
     29.48000000 -0.865026934942341E+003  0.267597386936880E-005 
     29.50000000 -0.865026934942360E+003  0.267595434116830E-005 
     29.52000000 -0.865026934942380E+003  0.267593452294502E-005 
     29.54000000 -0.865026934942400E+003  0.267591489807026E-005 
     29.56000000 -0.865026934942419E+003  0.267589536986977E-005 
     29.58000000 -0.865026934942439E+003  0.267587564832075E-005 
     29.60000000 -0.865026934942458E+003  0.267585592677173E-005 
     29.62000000 -0.865026934942478E+003  0.267583649524550E-005 
     29.64000000 -0.865026934942498E+003  0.267581667702222E-005 
     29.66000000 -0.865026934942517E+003  0.267579714882172E-005 
     29.68000000 -0.865026934942537E+003  0.267577762062123E-005 
     29.70000000 -0.865026934942557E+003  0.267575770572369E-005 
     29.72000000 -0.865026934942576E+003  0.267573817752319E-005 
     29.74000000 -0.865026934942596E+003  0.267571845597418E-005 
     29.76000000 -0.865026934942615E+003  0.267569892777368E-005 
     29.78000000 -0.865026934942635E+003  0.267567920622466E-005 
     29.80000000 -0.865026934942655E+003  0.267565948467565E-005 
     29.82000000 -0.865026934942674E+003  0.267563995647515E-005 
     29.84000000 -0.865026934942694E+003  0.267562023492613E-005 
     29.86000000 -0.865026934942714E+003  0.267560051337711E-005 
     29.88000000 -0.865026934942733E+003  0.267558098517662E-005 
     29.90000000 -0.865026934942753E+003  0.267556126362760E-005 
     29.92000000 -0.865026934942773E+003  0.267554134873006E-005 
     29.94000000 -0.865026934942793E+003  0.267552182052957E-005 
     29.96000000 -0.865026934942812E+003  0.267550209898055E-005 
     29.98000000 -0.865026934942832E+003  0.267548247410579E-005 
     30.00000000 -0.865026934942851E+003  0.267546294590530E-005 
