# Real time calculation: 
# Eall: Total energy
# Eall0: Initial total energy
# 1:Time[fs] 2:Eall[eV] 3:Eall-Eall0[eV] 
      0.00000000 -0.680672723730116E+004  0.000000000000000E+000 
      0.02000000 -0.680672723734179E+004 -0.406310313390691E-007 
      0.04000000 -0.680672723737575E+004 -0.745923121400665E-007 
      0.06000000 -0.680672723740416E+004 -0.102993662906486E-006 
      0.08000000 -0.680672723742792E+004 -0.126758516168762E-006 
      0.10000000 -0.680672723744782E+004 -0.146657172429667E-006 
      0.12000000 -0.680672723746449E+004 -0.163331548774846E-006 
      0.14000000 -0.680672723747848E+004 -0.177314513724792E-006 
      0.16000000 -0.680672723749022E+004 -0.189056956027615E-006 
      0.18000000 -0.680672723750009E+004 -0.198928558053119E-006 
      0.20000000 -0.680672723750840E+004 -0.207239450827019E-006 
      0.22000000 -0.680672723751541E+004 -0.214248721365811E-006 
      0.24000000 -0.680672723752133E+004 -0.220169826435324E-006 
      0.26000000 -0.680672723752635E+004 -0.225188380614539E-006 
      0.28000000 -0.680672723753061E+004 -0.229448235202166E-006 
      0.30000000 -0.680672723753424E+004 -0.233077773615335E-006 
      0.32000000 -0.680672723753735E+004 -0.236186044419198E-006 
      0.34000000 -0.680672723754001E+004 -0.238849613627583E-006 
      0.36000000 -0.680672723754231E+004 -0.241150461012876E-006 
      0.38000000 -0.680672723754431E+004 -0.243143497554691E-006 
      0.40000000 -0.680672723754604E+004 -0.244879767262248E-006 
      0.42000000 -0.680672723754757E+004 -0.246404126992134E-006 
      0.44000000 -0.680672723754892E+004 -0.247753699660146E-006 
      0.46000000 -0.680672723755012E+004 -0.248953233876814E-006 
      0.48000000 -0.680672723755119E+004 -0.250027478252670E-006 
      0.50000000 -0.680672723755216E+004 -0.250997314427849E-006 
      0.52000000 -0.680672723755305E+004 -0.251883624042486E-006 
      0.54000000 -0.680672723755386E+004 -0.252694141037372E-006 
      0.56000000 -0.680672723755461E+004 -0.253446653476327E-006 
      0.58000000 -0.680672723755531E+004 -0.254148121906061E-006 
      0.60000000 -0.680672723755597E+004 -0.254803960085130E-006 
      0.62000000 -0.680672723755659E+004 -0.255429635895113E-006 
      0.64000000 -0.680672723755719E+004 -0.256025922730092E-006 
      0.66000000 -0.680672723755775E+004 -0.256592047195986E-006 
      0.68000000 -0.680672723755831E+004 -0.257142703780298E-006 
      0.70000000 -0.680672723755883E+004 -0.257671705330395E-006 
      0.72000000 -0.680672723755935E+004 -0.258185238998911E-006 
      0.74000000 -0.680672723755985E+004 -0.258690265332557E-006 
      0.76000000 -0.680672723756035E+004 -0.259184464149095E-006 
      0.78000000 -0.680672723756084E+004 -0.259673249207080E-006 
      0.80000000 -0.680672723756131E+004 -0.260148886565720E-006 
      0.82000000 -0.680672723756178E+004 -0.260618336771728E-006 
      0.84000000 -0.680672723756225E+004 -0.261085466795498E-006 
      0.86000000 -0.680672723756271E+004 -0.261544089484399E-006 
      0.88000000 -0.680672723756316E+004 -0.262002712173299E-006 
      0.90000000 -0.680672723756362E+004 -0.262460561468120E-006 
      0.92000000 -0.680672723756407E+004 -0.262908356639913E-006 
      0.94000000 -0.680672723756452E+004 -0.263359245388023E-006 
      0.96000000 -0.680672723756497E+004 -0.263805493771657E-006 
      0.98000000 -0.680672723756541E+004 -0.264251742155292E-006 
      1.00000000 -0.680672723756585E+004 -0.264692576780374E-006 
      1.02000000 -0.680672723756630E+004 -0.265137278375850E-006 
      1.04000000 -0.680672723756674E+004 -0.265578886395011E-006 
      1.06000000 -0.680672723756718E+004 -0.266018947626013E-006 
      1.08000000 -0.680672723756762E+004 -0.266459008857015E-006 
      1.10000000 -0.680672723756806E+004 -0.266894429723543E-006 
      1.12000000 -0.680672723756850E+004 -0.267332944166387E-006 
      1.14000000 -0.680672723756893E+004 -0.267769138426993E-006 
      1.16000000 -0.680672723756937E+004 -0.268206879475758E-006 
      1.18000000 -0.680672723756980E+004 -0.268641526948207E-006 
      1.20000000 -0.680672723757024E+004 -0.269076174420655E-006 
      1.22000000 -0.680672723757067E+004 -0.269508501710867E-006 
      1.24000000 -0.680672723757111E+004 -0.269943922577394E-006 
      1.26000000 -0.680672723757154E+004 -0.270377023261685E-006 
      1.28000000 -0.680672723757197E+004 -0.270810123945975E-006 
      1.30000000 -0.680672723757240E+004 -0.271240131053949E-006 
      1.32000000 -0.680672723757283E+004 -0.271671684950081E-006 
      1.34000000 -0.680672723757327E+004 -0.272105559028451E-006 
      1.36000000 -0.680672723757370E+004 -0.272533245954187E-006 
      1.38000000 -0.680672723757412E+004 -0.272963253062161E-006 
      1.40000000 -0.680672723757455E+004 -0.273391713381977E-006 
      1.42000000 -0.680672723757499E+004 -0.273826360854426E-006 
      1.44000000 -0.680672723757541E+004 -0.274251727597925E-006 
      1.46000000 -0.680672723757584E+004 -0.274680187917741E-006 
      1.48000000 -0.680672723757627E+004 -0.275107101449399E-006 
      1.50000000 -0.680672723757670E+004 -0.275534014981056E-006 
      1.52000000 -0.680672723757712E+004 -0.275960928512714E-006 
      1.54000000 -0.680672723757755E+004 -0.276386295256214E-006 
      1.56000000 -0.680672723757797E+004 -0.276809341817476E-006 
      1.58000000 -0.680672723757839E+004 -0.277232388378738E-006 
      1.60000000 -0.680672723757882E+004 -0.277653888151842E-006 
      1.62000000 -0.680672723757923E+004 -0.278072294348630E-006 
      1.64000000 -0.680672723757965E+004 -0.278489927151338E-006 
      1.66000000 -0.680672723758007E+004 -0.278906786559968E-006 
      1.68000000 -0.680672723758048E+004 -0.279320552392281E-006 
      1.70000000 -0.680672723758089E+004 -0.279731224648278E-006 
      1.72000000 -0.680672723758130E+004 -0.280137256539800E-006 
      1.74000000 -0.680672723758170E+004 -0.280542515037243E-006 
      1.76000000 -0.680672723758211E+004 -0.280947773534686E-006 
      1.78000000 -0.680672723758251E+004 -0.281345298091338E-006 
      1.80000000 -0.680672723758290E+004 -0.281738955677595E-006 
      1.82000000 -0.680672723758329E+004 -0.282127972899377E-006 
      1.84000000 -0.680672723758368E+004 -0.282514669938922E-006 
      1.86000000 -0.680672723758406E+004 -0.282895179825834E-006 
      1.88000000 -0.680672723758443E+004 -0.283271049348272E-006 
      1.90000000 -0.680672723758480E+004 -0.283642278506235E-006 
      1.92000000 -0.680672723758517E+004 -0.284010414087882E-006 
      1.94000000 -0.680672723758553E+004 -0.284371589122817E-006 
      1.96000000 -0.680672723758589E+004 -0.284731217369594E-006 
      1.98000000 -0.680672723758625E+004 -0.285086978645975E-006 
      2.00000000 -0.680672723758660E+004 -0.285438099557882E-006 
      2.02000000 -0.680672723758695E+004 -0.285787673681631E-006 
      2.04000000 -0.680672723758730E+004 -0.286136474411300E-006 
      2.06000000 -0.680672723758765E+004 -0.286486821929128E-006 
      2.08000000 -0.680672723758800E+004 -0.286836396052877E-006 
      2.10000000 -0.680672723758835E+004 -0.287187516964784E-006 
      2.12000000 -0.680672723758870E+004 -0.287542504847086E-006 
      2.14000000 -0.680672723758907E+004 -0.287903679882021E-006 
      2.16000000 -0.680672723758943E+004 -0.288266401705114E-006 
      2.18000000 -0.680672723758981E+004 -0.288643044621631E-006 
      2.20000000 -0.680672723759019E+004 -0.289027421478939E-006 
      2.22000000 -0.680672723759058E+004 -0.289421852459275E-006 
      2.24000000 -0.680672723759099E+004 -0.289825564168559E-006 
      2.26000000 -0.680672723759140E+004 -0.290237783212714E-006 
      2.28000000 -0.680672723759182E+004 -0.290659282985818E-006 
      2.30000000 -0.680672723759225E+004 -0.291086969911555E-006 
      2.32000000 -0.680672723759268E+004 -0.291519297201766E-006 
      2.34000000 -0.680672723759311E+004 -0.291952397886057E-006 
      2.36000000 -0.680672723759354E+004 -0.292380084811793E-006 
      2.38000000 -0.680672723759396E+004 -0.292795397432265E-006 
      2.40000000 -0.680672723759435E+004 -0.293192148594838E-006 
      2.42000000 -0.680672723759472E+004 -0.293557190600168E-006 
      2.44000000 -0.680672723759504E+004 -0.293878149142991E-006 
      2.46000000 -0.680672723759530E+004 -0.294140329735802E-006 
      2.48000000 -0.680672723759549E+004 -0.294327491102942E-006 
      2.50000000 -0.680672723759558E+004 -0.294418751604275E-006 
      2.52000000 -0.680672723759556E+004 -0.294394002993744E-006 
      2.54000000 -0.680672723759539E+004 -0.294231590237135E-006 
      2.56000000 -0.680672723759506E+004 -0.293899804177205E-006 
      2.58000000 -0.680672723759454E+004 -0.293376216385661E-006 
      2.60000000 -0.680672723759379E+004 -0.292632211281577E-006 
      2.62000000 -0.680672723759279E+004 -0.291629892555076E-006 
      2.64000000 -0.680672723759151E+004 -0.290342964807471E-006 
      2.66000000 -0.680672723758990E+004 -0.288739718881517E-006 
      2.68000000 -0.680672723758794E+004 -0.286782258467340E-006 
      2.70000000 -0.680672723758561E+004 -0.284443514772173E-006 
      2.72000000 -0.680672723758286E+004 -0.281693325426929E-006 
      2.74000000 -0.680672723757966E+004 -0.278502301456604E-006 
      2.76000000 -0.680672723757601E+004 -0.274848787826983E-006 
      2.78000000 -0.680672723757187E+004 -0.270711129503852E-006 
      2.80000000 -0.680672723756723E+004 -0.266072311817470E-006 
      2.82000000 -0.680672723756208E+004 -0.260922280644810E-006 
      2.84000000 -0.680672723755642E+004 -0.255260262591793E-006 
      2.86000000 -0.680672723755026E+004 -0.249093218205130E-006 
      2.88000000 -0.680672723754359E+004 -0.242429654819691E-006 
      2.90000000 -0.680672723753646E+004 -0.235297414622323E-006 
      2.92000000 -0.680672723752889E+004 -0.227725886588033E-006 
      2.94000000 -0.680672723752092E+004 -0.219760700967485E-006 
      2.96000000 -0.680672723751262E+004 -0.211455221952139E-006 
      2.98000000 -0.680672723750404E+004 -0.202873641250557E-006 
      3.00000000 -0.680672723749525E+004 -0.194086337723937E-006 
      3.02000000 -0.680672723748635E+004 -0.185190759026244E-006 
      3.04000000 -0.680672723747743E+004 -0.176271978506179E-006 
      3.06000000 -0.680672723746860E+004 -0.167435951152576E-006 
      3.08000000 -0.680672723745995E+004 -0.158789405348351E-006 
      3.10000000 -0.680672723745162E+004 -0.150452990569841E-006 
      3.12000000 -0.680672723744371E+004 -0.142543489322988E-006 
      3.14000000 -0.680672723743634E+004 -0.135180004295972E-006 
      3.16000000 -0.680672723742965E+004 -0.128485505147370E-006 
      3.18000000 -0.680672723742373E+004 -0.122567493654174E-006 
      3.20000000 -0.680672723741870E+004 -0.117536565169694E-006 
      3.22000000 -0.680672723741465E+004 -0.113490167347895E-006 
      3.24000000 -0.680672723741166E+004 -0.110500999232212E-006 
      3.26000000 -0.680672723740980E+004 -0.108641759866080E-006 
      3.28000000 -0.680672723740912E+004 -0.107953439135690E-006 
      3.30000000 -0.680672723740961E+004 -0.108446864558150E-006 
      3.32000000 -0.680672723741127E+004 -0.110111208616351E-006 
      3.34000000 -0.680672723741406E+004 -0.112902387847787E-006 
      3.36000000 -0.680672723741791E+004 -0.116746929814943E-006 
      3.38000000 -0.680672723742268E+004 -0.121518771282928E-006 
      3.40000000 -0.680672723742823E+004 -0.127068647194477E-006 
      3.42000000 -0.680672723743436E+004 -0.133200115453502E-006 
      3.44000000 -0.680672723744083E+004 -0.139670330319169E-006 
      3.46000000 -0.680672723744737E+004 -0.146207057075637E-006 
      3.48000000 -0.680672723745364E+004 -0.152480829845214E-006 
      3.50000000 -0.680672723745930E+004 -0.158136660745599E-006 
      3.52000000 -0.680672723746394E+004 -0.162780892190534E-006 
      3.54000000 -0.680672723746714E+004 -0.165978103313492E-006 
      3.56000000 -0.680672723746844E+004 -0.167279725548600E-006 
      3.58000000 -0.680672723746736E+004 -0.166196200443795E-006 
      3.60000000 -0.680672723746339E+004 -0.162231782394380E-006 
      3.62000000 -0.680672723745605E+004 -0.154890725795659E-006 
      3.64000000 -0.680672723744481E+004 -0.143651763038324E-006 
      3.66000000 -0.680672723742919E+004 -0.128023015488074E-006 
      3.68000000 -0.680672723740869E+004 -0.107522658633637E-006 
      3.70000000 -0.680672723738286E+004 -0.816982569387449E-007 
      3.72000000 -0.680672723735129E+004 -0.501259904480563E-007 
      3.74000000 -0.680672723731361E+004 -0.124431373384780E-007 
      3.76000000 -0.680672723726950E+004  0.316596600216258E-007 
      3.78000000 -0.680672723721874E+004  0.824267941612476E-007 
      3.80000000 -0.680672723716114E+004  0.140022224625154E-006 
      3.82000000 -0.680672723709664E+004  0.204522517427176E-006 
      3.84000000 -0.680672723702525E+004  0.275909884503494E-006 
      3.86000000 -0.680672723694710E+004  0.354061356195533E-006 
      3.88000000 -0.680672723686241E+004  0.438753421614435E-006 
      3.90000000 -0.680672723677152E+004  0.529645013971322E-006 
      3.92000000 -0.680672723667488E+004  0.626286791306242E-006 
      3.94000000 -0.680672723657306E+004  0.728106442000670E-006 
      3.96000000 -0.680672723646673E+004  0.834431886599876E-006 
      3.98000000 -0.680672723635669E+004  0.944470396172792E-006 
      4.00000000 -0.680672723624382E+004  0.105734262165149E-005 
      4.02000000 -0.680672723612911E+004  0.117205707182659E-005 
      4.04000000 -0.680672723601361E+004  0.128755187662749E-005 
      4.06000000 -0.680672723589847E+004  0.140268782657568E-005 
      4.08000000 -0.680672723578489E+004  0.151626848103083E-005 
      4.10000000 -0.680672723567410E+004  0.162706259661902E-005 
      4.12000000 -0.680672723556735E+004  0.173381108777949E-005 
      4.14000000 -0.680672723546590E+004  0.183526105610411E-005 
      4.16000000 -0.680672723537100E+004  0.193016733712555E-005 
      4.18000000 -0.680672723528383E+004  0.201732884983899E-005 
      4.20000000 -0.680672723520555E+004  0.209561179852447E-005 
      4.22000000 -0.680672723513720E+004  0.216396127365813E-005 
      4.24000000 -0.680672723507973E+004  0.222143064088714E-005 
      4.26000000 -0.680672723503396E+004  0.226719855569953E-005 
      4.28000000 -0.680672723500057E+004  0.230059293864055E-005 
      4.30000000 -0.680672723498006E+004  0.232110721658841E-005 
      4.32000000 -0.680672723497274E+004  0.232841811081805E-005 
      4.34000000 -0.680672723497877E+004  0.232239259754786E-005 
      4.36000000 -0.680672723499805E+004  0.230311342994430E-005 
      4.38000000 -0.680672723503028E+004  0.227087991151599E-005 
      4.40000000 -0.680672723507496E+004  0.222620402914328E-005 
      4.42000000 -0.680672723513133E+004  0.216982978793026E-005 
      4.44000000 -0.680672723519845E+004  0.210271464974684E-005 
      4.46000000 -0.680672723527513E+004  0.202603417359323E-005 
      4.48000000 -0.680672723536000E+004  0.194116654771837E-005 
      4.50000000 -0.680672723545148E+004  0.184967789513243E-005 
      4.52000000 -0.680672723554785E+004  0.175331067269558E-005 
      4.54000000 -0.680672723564721E+004  0.165395041517266E-005 
      4.56000000 -0.680672723574755E+004  0.155361490771601E-005 
      4.58000000 -0.680672723584675E+004  0.145441628955561E-005 
      4.60000000 -0.680672723594263E+004  0.135852934484189E-005 
      4.62000000 -0.680672723603300E+004  0.126816598064102E-005 
      4.64000000 -0.680672723611563E+004  0.118553191686657E-005 
      4.66000000 -0.680672723618837E+004  0.111279575051632E-005 
      4.68000000 -0.680672723624910E+004  0.105206111348539E-005 
      4.70000000 -0.680672723629586E+004  0.100530248085769E-005 
      4.72000000 -0.680672723632680E+004  0.974358983753302E-006 
      4.74000000 -0.680672723634028E+004  0.960886458895555E-006 
      4.76000000 -0.680672723633484E+004  0.966320325695241E-006 
      4.78000000 -0.680672723630930E+004  0.991858571580870E-006 
      4.80000000 -0.680672723626274E+004  0.103842385568880E-005 
      4.82000000 -0.680672723619452E+004  0.110664726758756E-005 
      4.84000000 -0.680672723610433E+004  0.119683584472655E-005 
      4.86000000 -0.680672723599218E+004  0.130898572013538E-005 
      4.88000000 -0.680672723585842E+004  0.144274577290215E-005 
      4.90000000 -0.680672723570373E+004  0.159743077587277E-005 
      4.92000000 -0.680672723552915E+004  0.177201288831614E-005 
      4.94000000 -0.680672723533603E+004  0.196513248344121E-005 
      4.96000000 -0.680672723512604E+004  0.217511825664308E-005 
      4.98000000 -0.680672723490116E+004  0.239999959980822E-005 
      5.00000000 -0.680672723466364E+004  0.263752593616648E-005 
      5.02000000 -0.680672723441596E+004  0.288520616338911E-005 
      5.04000000 -0.680672723416083E+004  0.314033417559338E-005 
      5.06000000 -0.680672723390113E+004  0.340003681377546E-005 
      5.08000000 -0.680672723363986E+004  0.366129938781507E-005 
      5.10000000 -0.680672723338015E+004  0.392101594709058E-005 
      5.12000000 -0.680672723312511E+004  0.417605424558168E-005 
      5.14000000 -0.680672723287790E+004  0.442326502259830E-005 
      5.16000000 -0.680672723264159E+004  0.465956862291752E-005 
      5.18000000 -0.680672723241919E+004  0.488197433163549E-005 
      5.20000000 -0.680672723221351E+004  0.508764920624051E-005 
      5.22000000 -0.680672723202722E+004  0.527393895825314E-005 
      5.24000000 -0.680672723186272E+004  0.543843910548150E-005 
      5.26000000 -0.680672723172215E+004  0.557900811972057E-005 
      5.28000000 -0.680672723160735E+004  0.569381228360884E-005 
      5.30000000 -0.680672723151980E+004  0.578136126675590E-005 
      5.32000000 -0.680672723146064E+004  0.584052514041220E-005 
      5.34000000 -0.680672723143061E+004  0.587054984535063E-005 
      5.36000000 -0.680672723143008E+004  0.587108271387112E-005 
      5.38000000 -0.680672723145899E+004  0.584217092301250E-005 
      5.40000000 -0.680672723151690E+004  0.578425917437025E-005 
      5.42000000 -0.680672723160297E+004  0.569818892070241E-005 
      5.44000000 -0.680672723171598E+004  0.558518444483618E-005 
      5.46000000 -0.680672723185433E+004  0.544682888445146E-005 
      5.48000000 -0.680672723201611E+004  0.528504721741111E-005 
      5.50000000 -0.680672723219909E+004  0.510206759205699E-005 
      5.52000000 -0.680672723240077E+004  0.490039580520534E-005 
      5.54000000 -0.680672723261840E+004  0.468276425813759E-005 
      5.56000000 -0.680672723284907E+004  0.445209715386677E-005 
      5.58000000 -0.680672723308970E+004  0.421146486688689E-005 
      5.60000000 -0.680672723333713E+004  0.396403135237549E-005 
      5.62000000 -0.680672723358816E+004  0.371300619576079E-005 
      5.64000000 -0.680672723383956E+004  0.346159975586510E-005 
      5.66000000 -0.680672723408820E+004  0.321296284016664E-005 
      5.68000000 -0.680672723433101E+004  0.297015731582451E-005 
      5.70000000 -0.680672723456508E+004  0.273608186384715E-005 
      5.72000000 -0.680672723478769E+004  0.251347120569821E-005 
      5.74000000 -0.680672723499635E+004  0.230481025655383E-005 
      5.76000000 -0.680672723518883E+004  0.211233567209071E-005 
      5.78000000 -0.680672723536318E+004  0.193798248429476E-005 
      5.80000000 -0.680672723551779E+004  0.178337095376165E-005 
      5.82000000 -0.680672723565137E+004  0.164978878163308E-005 
      5.84000000 -0.680672723576299E+004  0.153816790777434E-005 
      5.86000000 -0.680672723585208E+004  0.144908219059213E-005 
      5.88000000 -0.680672723591842E+004  0.138274508685227E-005 
      5.90000000 -0.680672723596215E+004  0.133901583883237E-005 
      5.92000000 -0.680672723598375E+004  0.131741030183891E-005 
      5.94000000 -0.680672723598406E+004  0.131710558457175E-005 
      5.96000000 -0.680672723596418E+004  0.133697871882804E-005 
      5.98000000 -0.680672723592554E+004  0.137562522096017E-005 
      6.00000000 -0.680672723586979E+004  0.143137455975729E-005 
      6.02000000 -0.680672723579882E+004  0.150234429403090E-005 
      6.04000000 -0.680672723571470E+004  0.158646404783127E-005 
      6.06000000 -0.680672723561965E+004  0.168151650033366E-005 
      6.08000000 -0.680672723551598E+004  0.178518069590672E-005 
      6.10000000 -0.680672723540610E+004  0.189505833951119E-005 
      6.12000000 -0.680672723529243E+004  0.200873644162030E-005 
      6.14000000 -0.680672723517735E+004  0.212380974664809E-005 
      6.16000000 -0.680672723506324E+004  0.223791940265334E-005 
      6.18000000 -0.680672723495236E+004  0.234880555213694E-005 
      6.20000000 -0.680672723484685E+004  0.245431661277086E-005 
      6.22000000 -0.680672723474870E+004  0.255246496177185E-005 
      6.24000000 -0.680672723465972E+004  0.264143699002444E-005 
      6.26000000 -0.680672723458154E+004  0.271961862408556E-005 
      6.28000000 -0.680672723451553E+004  0.278562780873588E-005 
      6.30000000 -0.680672723446285E+004  0.283830831982717E-005 
      6.32000000 -0.680672723442441E+004  0.287675683307505E-005 
      6.34000000 -0.680672723440084E+004  0.290032524424124E-005 
      6.36000000 -0.680672723439256E+004  0.290860520125198E-005 
      6.38000000 -0.680672723439970E+004  0.290146522711382E-005 
      6.40000000 -0.680672723442217E+004  0.287899194196362E-005 
      6.42000000 -0.680672723445964E+004  0.284151790525540E-005 
      6.44000000 -0.680672723451157E+004  0.278958913320898E-005 
      6.46000000 -0.680672723457721E+004  0.272395659147517E-005 
      6.48000000 -0.680672723465562E+004  0.264554371258440E-005 
      6.50000000 -0.680672723474572E+004  0.255543943540003E-005 
      6.52000000 -0.680672723484631E+004  0.245485566844399E-005 
      6.54000000 -0.680672723495604E+004  0.234512342292639E-005 
      6.56000000 -0.680672723507352E+004  0.222764408891855E-005 
      6.58000000 -0.680672723519728E+004  0.210388092801810E-005 
      6.60000000 -0.680672723532584E+004  0.197532504400954E-005 
      6.62000000 -0.680672723545770E+004  0.184346290031286E-005 
      6.64000000 -0.680672723559139E+004  0.170976781264874E-005 
      6.66000000 -0.680672723572549E+004  0.157566746648718E-005 
      6.68000000 -0.680672723585864E+004  0.144252226201329E-005 
      6.70000000 -0.680672723598955E+004  0.131160829945758E-005 
      6.72000000 -0.680672723611705E+004  0.118411273873144E-005 
      6.74000000 -0.680672723624007E+004  0.106109358293508E-005 
      6.76000000 -0.680672723635767E+004  0.943490505874585E-006 
      6.78000000 -0.680672723646905E+004  0.832114797938922E-006 
      6.80000000 -0.680672723657353E+004  0.727633898218346E-006 
      6.82000000 -0.680672723667058E+004  0.630586862385982E-006 
      6.84000000 -0.680672723675981E+004  0.541348786570190E-006 
      6.86000000 -0.680672723684099E+004  0.460174890817068E-006 
      6.88000000 -0.680672723691398E+004  0.387181957632559E-006 
      6.90000000 -0.680672723697880E+004  0.322363026469952E-006 
      6.92000000 -0.680672723703558E+004  0.265579659789090E-006 
      6.94000000 -0.680672723708456E+004  0.216599839366245E-006 
      6.96000000 -0.680672723712607E+004  0.175090232353330E-006 
      6.98000000 -0.680672723716053E+004  0.140627792189082E-006 
      7.00000000 -0.680672723718844E+004  0.112726053997754E-006 
      7.02000000 -0.680672723721033E+004  0.908351345891134E-007 
      7.04000000 -0.680672723722680E+004  0.743649342808141E-007 
      7.06000000 -0.680672723723847E+004  0.626944176273469E-007 
      7.08000000 -0.680672723724598E+004  0.551832143312254E-007 
      7.10000000 -0.680672723724997E+004  0.511886339127258E-007 
      7.12000000 -0.680672723725109E+004  0.500726262565991E-007 
      7.14000000 -0.680672723724994E+004  0.512172494936522E-007 
      7.16000000 -0.680672723724713E+004  0.540293103652232E-007 
      7.18000000 -0.680672723724320E+004  0.579596990751583E-007 
      7.20000000 -0.680672723723868E+004  0.624840544378344E-007 
      7.22000000 -0.680672723723402E+004  0.671460739465886E-007 
      7.24000000 -0.680672723722963E+004  0.715296715868703E-007 
      7.26000000 -0.680672723722588E+004  0.752798594763775E-007 
      7.28000000 -0.680672723722306E+004  0.780973341065021E-007 
      7.30000000 -0.680672723722142E+004  0.797392497364100E-007 
      7.32000000 -0.680672723722114E+004  0.800199917871197E-007 
      7.34000000 -0.680672723722235E+004  0.788165906000557E-007 
      7.36000000 -0.680672723722512E+004  0.760439728265183E-007 
      7.38000000 -0.680672723722948E+004  0.716797100382138E-007 
      7.40000000 -0.680672723723543E+004  0.657369499344867E-007 
      7.42000000 -0.680672723724289E+004  0.582721502831106E-007 
      7.44000000 -0.680672723725178E+004  0.493781183735763E-007 
      7.46000000 -0.680672723726199E+004  0.391739568940636E-007 
      7.48000000 -0.680672723727336E+004  0.278011969610461E-007 
      7.50000000 -0.680672723728573E+004  0.154276650896861E-007 
      7.52000000 -0.680672723729894E+004  0.222196118922540E-008 
      7.54000000 -0.680672723731279E+004 -0.116303001613545E-007 
      7.56000000 -0.680672723732711E+004 -0.259442777771511E-007 
      7.58000000 -0.680672723734170E+004 -0.405359038673410E-007 
      7.60000000 -0.680672723735639E+004 -0.552242042174171E-007 
      7.62000000 -0.680672723737101E+004 -0.698475394648497E-007 
      7.64000000 -0.680672723738540E+004 -0.842411766707926E-007 
      7.66000000 -0.680672723739943E+004 -0.982682250832468E-007 
      7.68000000 -0.680672723741296E+004 -0.111797207708767E-006 
      7.70000000 -0.680672723742588E+004 -0.124722942952597E-006 
      7.72000000 -0.680672723743811E+004 -0.136949529948930E-006 
      7.74000000 -0.680672723744957E+004 -0.148412003595122E-006 
      7.76000000 -0.680672723746022E+004 -0.159053132729321E-006 
      7.78000000 -0.680672723747000E+004 -0.168836567829808E-006 
      7.80000000 -0.680672723747891E+004 -0.177745294226845E-006 
      7.82000000 -0.680672723748694E+004 -0.185776991738194E-006 
      7.84000000 -0.680672723749411E+004 -0.192944808063200E-006 
      7.86000000 -0.680672723750043E+004 -0.199270398236077E-006 
      7.88000000 -0.680672723750595E+004 -0.204791658566700E-006 
      7.90000000 -0.680672723751071E+004 -0.209552672517577E-006 
      7.92000000 -0.680672723751477E+004 -0.213608351068325E-006 
      7.94000000 -0.680672723751818E+004 -0.217013605198558E-006 
      7.96000000 -0.680672723752100E+004 -0.219832626616841E-006 
      7.98000000 -0.680672723752329E+004 -0.222129607031738E-006 
      8.00000000 -0.680672723752513E+004 -0.223965644575497E-006 
      8.02000000 -0.680672723752657E+004 -0.225410344715237E-006 
      8.04000000 -0.680672723752768E+004 -0.226519391824652E-006 
      8.06000000 -0.680672723752852E+004 -0.227353110641911E-006 
      8.08000000 -0.680672723752913E+004 -0.227968732328867E-006 
      8.10000000 -0.680672723752958E+004 -0.228412660530265E-006 
      8.12000000 -0.680672723752990E+004 -0.228734392467166E-006 
      8.14000000 -0.680672723753013E+004 -0.228971051055368E-006 
      8.16000000 -0.680672723753032E+004 -0.229154345452112E-006 
      8.18000000 -0.680672723753048E+004 -0.229319078390958E-006 
      8.20000000 -0.680672723753064E+004 -0.229481491147567E-006 
      8.22000000 -0.680672723753083E+004 -0.229664785544311E-006 
      8.24000000 -0.680672723753104E+004 -0.229882882674615E-006 
      8.26000000 -0.680672723753130E+004 -0.230135782538477E-006 
      8.28000000 -0.680672723753160E+004 -0.230440499805638E-006 
      8.30000000 -0.680672723753196E+004 -0.230793167505703E-006 
      8.32000000 -0.680672723753235E+004 -0.231192238850514E-006 
      8.34000000 -0.680672723753279E+004 -0.231633073475595E-006 
      8.36000000 -0.680672723753328E+004 -0.232112577804631E-006 
      8.38000000 -0.680672723753379E+004 -0.232623017896830E-006 
      8.40000000 -0.680672723753432E+004 -0.233158206599560E-006 
      8.42000000 -0.680672723753487E+004 -0.233710409972031E-006 
      8.44000000 -0.680672723753543E+004 -0.234268800497134E-006 
      8.46000000 -0.680672723753599E+004 -0.234828737810395E-006 
      8.48000000 -0.680672723753654E+004 -0.235382487971023E-006 
      8.50000000 -0.680672723753709E+004 -0.235924637220465E-006 
      8.52000000 -0.680672723753761E+004 -0.236445131435693E-006 
      8.54000000 -0.680672723753811E+004 -0.236943970616706E-006 
      8.56000000 -0.680672723753858E+004 -0.237417287793109E-006 
      8.58000000 -0.680672723753903E+004 -0.237864309570823E-006 
      8.60000000 -0.680672723753944E+004 -0.238279622191294E-006 
      8.62000000 -0.680672723753983E+004 -0.238665545836760E-006 
      8.64000000 -0.680672723754018E+004 -0.239021307113141E-006 
      8.66000000 -0.680672723754051E+004 -0.239349226202675E-006 
      8.68000000 -0.680672723754081E+004 -0.239652396681679E-006 
      8.70000000 -0.680672723754109E+004 -0.239930818550151E-006 
      8.72000000 -0.680672723754135E+004 -0.240189132172567E-006 
      8.74000000 -0.680672723754159E+004 -0.240429657731164E-006 
      8.76000000 -0.680672723754182E+004 -0.240657035590417E-006 
      8.78000000 -0.680672723754204E+004 -0.240873585932562E-006 
      8.80000000 -0.680672723754225E+004 -0.241083949122074E-006 
      8.82000000 -0.680672723754245E+004 -0.241289671947112E-006 
      8.84000000 -0.680672723754266E+004 -0.241494621378071E-006 
      8.86000000 -0.680672723754286E+004 -0.241699570809030E-006 
      8.88000000 -0.680672723754307E+004 -0.241913027574859E-006 
      8.90000000 -0.680672723754329E+004 -0.242131124705162E-006 
      8.92000000 -0.680672723754352E+004 -0.242358502564414E-006 
      8.94000000 -0.680672723754376E+004 -0.242595161152616E-006 
      8.96000000 -0.680672723754400E+004 -0.242842647257925E-006 
      8.98000000 -0.680672723754426E+004 -0.243101734274420E-006 
      9.00000000 -0.680672723754453E+004 -0.243372422202101E-006 
      9.02000000 -0.680672723754482E+004 -0.243654711040969E-006 
      9.04000000 -0.680672723754511E+004 -0.243947054002865E-006 
      9.06000000 -0.680672723754542E+004 -0.244256411634501E-006 
      9.08000000 -0.680672723754574E+004 -0.244572729812849E-006 
      9.10000000 -0.680672723754606E+004 -0.244898328720146E-006 
      9.12000000 -0.680672723754640E+004 -0.245233208356392E-006 
      9.14000000 -0.680672723754674E+004 -0.245576595327508E-006 
      9.16000000 -0.680672723754709E+004 -0.245926942845335E-006 
      9.18000000 -0.680672723754744E+004 -0.246282704121717E-006 
      9.20000000 -0.680672723754781E+004 -0.246644652550731E-006 
      9.22000000 -0.680672723754817E+004 -0.247012014738299E-006 
      9.24000000 -0.680672723754854E+004 -0.247380923714024E-006 
      9.26000000 -0.680672723754892E+004 -0.247756019842383E-006 
      9.28000000 -0.680672723754929E+004 -0.248129569182584E-006 
      9.30000000 -0.680672723754967E+004 -0.248505438705021E-006 
      9.32000000 -0.680672723755005E+004 -0.248882855015617E-006 
      9.34000000 -0.680672723755042E+004 -0.249262591508450E-006 
      9.36000000 -0.680672723755080E+004 -0.249640781213125E-006 
      9.38000000 -0.680672723755118E+004 -0.250019744311879E-006 
      9.40000000 -0.680672723755156E+004 -0.250394840440238E-006 
      9.42000000 -0.680672723755194E+004 -0.250776897115308E-006 
      9.44000000 -0.680672723755231E+004 -0.251151993243667E-006 
      9.46000000 -0.680672723755269E+004 -0.251527862766105E-006 
      9.48000000 -0.680672723755307E+004 -0.251905279076701E-006 
      9.50000000 -0.680672723755344E+004 -0.252281921993217E-006 
      9.52000000 -0.680672723755382E+004 -0.252658564909734E-006 
      9.54000000 -0.680672723755420E+004 -0.253032887644014E-006 
      9.56000000 -0.680672723755457E+004 -0.253407210378293E-006 
      9.58000000 -0.680672723755495E+004 -0.253783079900731E-006 
      9.60000000 -0.680672723755532E+004 -0.254160496211327E-006 
      9.62000000 -0.680672723755570E+004 -0.254534045551527E-006 
      9.64000000 -0.680672723755607E+004 -0.254909141679886E-006 
      9.66000000 -0.680672723755644E+004 -0.255281917626007E-006 
      9.68000000 -0.680672723755682E+004 -0.255657787148445E-006 
      9.70000000 -0.680672723755719E+004 -0.256030563094566E-006 
      9.72000000 -0.680672723755757E+004 -0.256405659222925E-006 
      9.74000000 -0.680672723755794E+004 -0.256780755351284E-006 
      9.76000000 -0.680672723755832E+004 -0.257156624873721E-006 
      9.78000000 -0.680672723755869E+004 -0.257530947608001E-006 
      9.80000000 -0.680672723755907E+004 -0.257903723554122E-006 
      9.82000000 -0.680672723755944E+004 -0.258281139864718E-006 
      9.84000000 -0.680672723755981E+004 -0.258653142416760E-006 
      9.86000000 -0.680672723756019E+004 -0.259031332121435E-006 
      9.88000000 -0.680672723756057E+004 -0.259406428249794E-006 
      9.90000000 -0.680672723756095E+004 -0.259784617954469E-006 
      9.92000000 -0.680672723756132E+004 -0.260156620506511E-006 
      9.94000000 -0.680672723756169E+004 -0.260532490028949E-006 
      9.96000000 -0.680672723756207E+004 -0.260909132945466E-006 
      9.98000000 -0.680672723756244E+004 -0.261280362103429E-006 
     10.00000000 -0.680672723756282E+004 -0.261659325202183E-006 
     10.02000000 -0.680672723756319E+004 -0.262032874542383E-006 
     10.04000000 -0.680672723756357E+004 -0.262409517458900E-006 
     10.06000000 -0.680672723756395E+004 -0.262784613587259E-006 
     10.08000000 -0.680672723756432E+004 -0.263158936321538E-006 
     10.10000000 -0.680672723756470E+004 -0.263534032449897E-006 
     10.12000000 -0.680672723756507E+004 -0.263908355184176E-006 
     10.14000000 -0.680672723756545E+004 -0.264285771494772E-006 
     10.16000000 -0.680672723756582E+004 -0.264658547440894E-006 
     10.18000000 -0.680672723756620E+004 -0.265033643569252E-006 
     10.20000000 -0.680672723756657E+004 -0.265411833273927E-006 
     10.22000000 -0.680672723756695E+004 -0.265787702796365E-006 
     10.24000000 -0.680672723756732E+004 -0.266160478742486E-006 
     10.26000000 -0.680672723756770E+004 -0.266534801476766E-006 
     10.28000000 -0.680672723756807E+004 -0.266910670999204E-006 
     10.30000000 -0.680672723756845E+004 -0.267284220339404E-006 
     10.32000000 -0.680672723756882E+004 -0.267657769679605E-006 
     10.34000000 -0.680672723756919E+004 -0.268032092413884E-006 
     10.36000000 -0.680672723756957E+004 -0.268408735330401E-006 
     10.38000000 -0.680672723756995E+004 -0.268785378246918E-006 
     10.40000000 -0.680672723757032E+004 -0.269158154193039E-006 
     10.42000000 -0.680672723757070E+004 -0.269534023715477E-006 
     10.44000000 -0.680672723757107E+004 -0.269906799661598E-006 
     10.46000000 -0.680672723757145E+004 -0.270283442578115E-006 
     10.48000000 -0.680672723757182E+004 -0.270658538706473E-006 
     10.50000000 -0.680672723757219E+004 -0.271029767864437E-006 
     10.52000000 -0.680672723757257E+004 -0.271405637386874E-006 
     10.54000000 -0.680672723757294E+004 -0.271779960121154E-006 
     10.56000000 -0.680672723757332E+004 -0.272154282855433E-006 
     10.58000000 -0.680672723757369E+004 -0.272528605589713E-006 
     10.60000000 -0.680672723757406E+004 -0.272902928323992E-006 
     10.62000000 -0.680672723757444E+004 -0.273279571240509E-006 
     10.64000000 -0.680672723757481E+004 -0.273651573792552E-006 
     10.66000000 -0.680672723757519E+004 -0.274025896526831E-006 
     10.68000000 -0.680672723757556E+004 -0.274400219261111E-006 
     10.70000000 -0.680672723757594E+004 -0.274775315389469E-006 
     10.72000000 -0.680672723757631E+004 -0.275147317941511E-006 
     10.74000000 -0.680672723757668E+004 -0.275521640675791E-006 
     10.76000000 -0.680672723757706E+004 -0.275896736804150E-006 
     10.78000000 -0.680672723757743E+004 -0.276268739356192E-006 
     10.80000000 -0.680672723757780E+004 -0.276643062090471E-006 
     10.82000000 -0.680672723757818E+004 -0.277018158218830E-006 
     10.84000000 -0.680672723757855E+004 -0.277391707559030E-006 
     10.86000000 -0.680672723757893E+004 -0.277766030293310E-006 
     10.88000000 -0.680672723757930E+004 -0.278140353027590E-006 
     10.90000000 -0.680672723757968E+004 -0.278516222550027E-006 
     10.92000000 -0.680672723758005E+004 -0.278888998496149E-006 
     10.94000000 -0.680672723758043E+004 -0.279263321230428E-006 
     10.96000000 -0.680672723758080E+004 -0.279637643964708E-006 
     10.98000000 -0.680672723758117E+004 -0.280010419910829E-006 
     11.00000000 -0.680672723758155E+004 -0.280383195856950E-006 
     11.02000000 -0.680672723758192E+004 -0.280757518591230E-006 
     11.04000000 -0.680672723758230E+004 -0.281133388113668E-006 
     11.06000000 -0.680672723758267E+004 -0.281504617271631E-006 
     11.08000000 -0.680672723758304E+004 -0.281880486794069E-006 
     11.10000000 -0.680672723758342E+004 -0.282253262740190E-006 
     11.12000000 -0.680672723758379E+004 -0.282626812080390E-006 
     11.14000000 -0.680672723758416E+004 -0.283001134814670E-006 
     11.16000000 -0.680672723758454E+004 -0.283374684154870E-006 
     11.18000000 -0.680672723758491E+004 -0.283748233495071E-006 
     11.20000000 -0.680672723758528E+004 -0.284121009441192E-006 
     11.22000000 -0.680672723758566E+004 -0.284494558781392E-006 
     11.24000000 -0.680672723758603E+004 -0.284868108121593E-006 
     11.26000000 -0.680672723758640E+004 -0.285242430855872E-006 
     11.28000000 -0.680672723758678E+004 -0.285615206801994E-006 
     11.30000000 -0.680672723758715E+004 -0.285989529536273E-006 
     11.32000000 -0.680672723758753E+004 -0.286363078876474E-006 
     11.34000000 -0.680672723758790E+004 -0.286735854822595E-006 
     11.36000000 -0.680672723758827E+004 -0.287109404162796E-006 
     11.38000000 -0.680672723758864E+004 -0.287482180108917E-006 
     11.40000000 -0.680672723758902E+004 -0.287855729449117E-006 
     11.42000000 -0.680672723758939E+004 -0.288229278789318E-006 
     11.44000000 -0.680672723758976E+004 -0.288602828129518E-006 
     11.46000000 -0.680672723759014E+004 -0.288974057287481E-006 
     11.48000000 -0.680672723759051E+004 -0.289349153415840E-006 
     11.50000000 -0.680672723759088E+004 -0.289721155967882E-006 
     11.52000000 -0.680672723759126E+004 -0.290095478702162E-006 
     11.54000000 -0.680672723759163E+004 -0.290468254648283E-006 
     11.56000000 -0.680672723759200E+004 -0.290841030594405E-006 
     11.58000000 -0.680672723759238E+004 -0.291213806540526E-006 
     11.60000000 -0.680672723759275E+004 -0.291586582486647E-006 
     11.62000000 -0.680672723759312E+004 -0.291959358432769E-006 
     11.64000000 -0.680672723759350E+004 -0.292332907772969E-006 
     11.66000000 -0.680672723759387E+004 -0.292704910325011E-006 
     11.68000000 -0.680672723759424E+004 -0.293079233059291E-006 
     11.70000000 -0.680672723759461E+004 -0.293451235611333E-006 
     11.72000000 -0.680672723759499E+004 -0.293825558345613E-006 
     11.74000000 -0.680672723759536E+004 -0.294195240715418E-006 
     11.76000000 -0.680672723759573E+004 -0.294571110237855E-006 
     11.78000000 -0.680672723759611E+004 -0.294943112789898E-006 
     11.80000000 -0.680672723759648E+004 -0.295317435524177E-006 
     11.82000000 -0.680672723759685E+004 -0.295688664682140E-006 
     11.84000000 -0.680672723759722E+004 -0.296062214022341E-006 
     11.86000000 -0.680672723759760E+004 -0.296434216574383E-006 
     11.88000000 -0.680672723759797E+004 -0.296806992520504E-006 
     11.90000000 -0.680672723759834E+004 -0.297178995072547E-006 
     11.92000000 -0.680672723759871E+004 -0.297552544412747E-006 
     11.94000000 -0.680672723759909E+004 -0.297926093752947E-006 
     11.96000000 -0.680672723759946E+004 -0.298298096304990E-006 
     11.98000000 -0.680672723759983E+004 -0.298669325462953E-006 
     12.00000000 -0.680672723760021E+004 -0.299043648197232E-006 
     12.02000000 -0.680672723760058E+004 -0.299414877355196E-006 
     12.04000000 -0.680672723760095E+004 -0.299786879907238E-006 
     12.06000000 -0.680672723760132E+004 -0.300161202641517E-006 
     12.08000000 -0.680672723760170E+004 -0.300533205193560E-006 
     12.10000000 -0.680672723760207E+004 -0.300905981139681E-006 
     12.12000000 -0.680672723760244E+004 -0.301277983691723E-006 
     12.14000000 -0.680672723760281E+004 -0.301649986243766E-006 
     12.16000000 -0.680672723760319E+004 -0.302022762189887E-006 
     12.18000000 -0.680672723760356E+004 -0.302393991347850E-006 
     12.20000000 -0.680672723760393E+004 -0.302768314082130E-006 
     12.22000000 -0.680672723760430E+004 -0.303141090028251E-006 
     12.24000000 -0.680672723760467E+004 -0.303512319186214E-006 
     12.26000000 -0.680672723760505E+004 -0.303883548344177E-006 
     12.28000000 -0.680672723760542E+004 -0.304254777502140E-006 
     12.30000000 -0.680672723760579E+004 -0.304627553448262E-006 
     12.32000000 -0.680672723760616E+004 -0.305000329394383E-006 
     12.34000000 -0.680672723760653E+004 -0.305371558552346E-006 
     12.36000000 -0.680672723760691E+004 -0.305745107892547E-006 
     12.38000000 -0.680672723760728E+004 -0.306116337050510E-006 
     12.40000000 -0.680672723760765E+004 -0.306489112996631E-006 
     12.42000000 -0.680672723760802E+004 -0.306861115548674E-006 
     12.44000000 -0.680672723760840E+004 -0.307233891494795E-006 
     12.46000000 -0.680672723760877E+004 -0.307606667440916E-006 
     12.48000000 -0.680672723760914E+004 -0.307978669992958E-006 
     12.50000000 -0.680672723760951E+004 -0.308349899150922E-006 
     12.52000000 -0.680672723760988E+004 -0.308721128308885E-006 
     12.54000000 -0.680672723761026E+004 -0.309093130860927E-006 
     12.56000000 -0.680672723761063E+004 -0.309465133412969E-006 
     12.58000000 -0.680672723761100E+004 -0.309837135965012E-006 
     12.60000000 -0.680672723761137E+004 -0.310208365122975E-006 
     12.62000000 -0.680672723761174E+004 -0.310581141069096E-006 
     12.64000000 -0.680672723761211E+004 -0.310952370227059E-006 
     12.66000000 -0.680672723761249E+004 -0.311325146173181E-006 
     12.68000000 -0.680672723761286E+004 -0.311697148725223E-006 
     12.70000000 -0.680672723761323E+004 -0.312067604489107E-006 
     12.72000000 -0.680672723761360E+004 -0.312440380435228E-006 
     12.74000000 -0.680672723761397E+004 -0.312810836199112E-006 
     12.76000000 -0.680672723761435E+004 -0.313184385539313E-006 
     12.78000000 -0.680672723761472E+004 -0.313556388091355E-006 
     12.80000000 -0.680672723761509E+004 -0.313926843855239E-006 
     12.82000000 -0.680672723761546E+004 -0.314298846407281E-006 
     12.84000000 -0.680672723761583E+004 -0.314669302171166E-006 
     12.86000000 -0.680672723761620E+004 -0.315042851511366E-006 
     12.88000000 -0.680672723761658E+004 -0.315413307275250E-006 
     12.90000000 -0.680672723761695E+004 -0.315785309827292E-006 
     12.92000000 -0.680672723761732E+004 -0.316155765591176E-006 
     12.94000000 -0.680672723761769E+004 -0.316526994749140E-006 
     12.96000000 -0.680672723761806E+004 -0.316900544089340E-006 
     12.98000000 -0.680672723761843E+004 -0.317271773247303E-006 
     13.00000000 -0.680672723761880E+004 -0.317642229011187E-006 
     13.02000000 -0.680672723761918E+004 -0.318014231563230E-006 
     13.04000000 -0.680672723761955E+004 -0.318387007509351E-006 
     13.06000000 -0.680672723761992E+004 -0.318755916485077E-006 
     13.08000000 -0.680672723762029E+004 -0.319130239219356E-006 
     13.10000000 -0.680672723762066E+004 -0.319499148195082E-006 
     13.12000000 -0.680672723762103E+004 -0.319871150747125E-006 
     13.14000000 -0.680672723762141E+004 -0.320243926693246E-006 
     13.16000000 -0.680672723762178E+004 -0.320614382457130E-006 
     13.18000000 -0.680672723762215E+004 -0.320985611615093E-006 
     13.20000000 -0.680672723762252E+004 -0.321358387561214E-006 
     13.22000000 -0.680672723762289E+004 -0.321728843325099E-006 
     13.24000000 -0.680672723762326E+004 -0.322098525694904E-006 
     13.26000000 -0.680672723762363E+004 -0.322471301641025E-006 
     13.28000000 -0.680672723762400E+004 -0.322842530798988E-006 
     13.30000000 -0.680672723762437E+004 -0.323211439774714E-006 
     13.32000000 -0.680672723762475E+004 -0.323584215720835E-006 
     13.34000000 -0.680672723762512E+004 -0.323957765061036E-006 
     13.36000000 -0.680672723762549E+004 -0.324327447430841E-006 
     13.38000000 -0.680672723762586E+004 -0.324698676588804E-006 
     13.40000000 -0.680672723762623E+004 -0.325069132352688E-006 
     13.42000000 -0.680672723762660E+004 -0.325441134904730E-006 
     13.44000000 -0.680672723762697E+004 -0.325811590668614E-006 
     13.46000000 -0.680672723762735E+004 -0.326183593220657E-006 
     13.48000000 -0.680672723762772E+004 -0.326554048984541E-006 
     13.50000000 -0.680672723762809E+004 -0.326926051536583E-006 
     13.52000000 -0.680672723762846E+004 -0.327296507300467E-006 
     13.54000000 -0.680672723762883E+004 -0.327666963064351E-006 
     13.56000000 -0.680672723762920E+004 -0.328038192222314E-006 
     13.58000000 -0.680672723762957E+004 -0.328407874592119E-006 
     13.60000000 -0.680672723762994E+004 -0.328779103750082E-006 
     13.62000000 -0.680672723763031E+004 -0.329149559513967E-006 
     13.64000000 -0.680672723763068E+004 -0.329520788671930E-006 
     13.66000000 -0.680672723763105E+004 -0.329892791223972E-006 
     13.68000000 -0.680672723763143E+004 -0.330264020381935E-006 
     13.70000000 -0.680672723763180E+004 -0.330633702751740E-006 
     13.72000000 -0.680672723763217E+004 -0.331004158515624E-006 
     13.74000000 -0.680672723763254E+004 -0.331376161067666E-006 
     13.76000000 -0.680672723763291E+004 -0.331745843437471E-006 
     13.78000000 -0.680672723763328E+004 -0.332117072595435E-006 
     13.80000000 -0.680672723763365E+004 -0.332487528359319E-006 
     13.82000000 -0.680672723763402E+004 -0.332857210729124E-006 
     13.84000000 -0.680672723763439E+004 -0.333227666493008E-006 
     13.86000000 -0.680672723763476E+004 -0.333600442439129E-006 
     13.88000000 -0.680672723763513E+004 -0.333970898203013E-006 
     13.90000000 -0.680672723763550E+004 -0.334341353966897E-006 
     13.92000000 -0.680672723763588E+004 -0.334712583124860E-006 
     13.94000000 -0.680672723763625E+004 -0.335083812282824E-006 
     13.96000000 -0.680672723763662E+004 -0.335453494652629E-006 
     13.98000000 -0.680672723763699E+004 -0.335823950416513E-006 
     14.00000000 -0.680672723763736E+004 -0.336195179574476E-006 
     14.02000000 -0.680672723763773E+004 -0.336565635338360E-006 
     14.04000000 -0.680672723763810E+004 -0.336936864496323E-006 
     14.06000000 -0.680672723763847E+004 -0.337306546866128E-006 
     14.08000000 -0.680672723763884E+004 -0.337676229235933E-006 
     14.10000000 -0.680672723763921E+004 -0.338049005182054E-006 
     14.12000000 -0.680672723763958E+004 -0.338418687551859E-006 
     14.14000000 -0.680672723763995E+004 -0.338789143315743E-006 
     14.16000000 -0.680672723764032E+004 -0.339158825685548E-006 
     14.18000000 -0.680672723764069E+004 -0.339530054843512E-006 
     14.20000000 -0.680672723764106E+004 -0.339900510607396E-006 
     14.22000000 -0.680672723764143E+004 -0.340272513159438E-006 
     14.24000000 -0.680672723764180E+004 -0.340642195529243E-006 
     14.26000000 -0.680672723764218E+004 -0.341012651293127E-006 
     14.28000000 -0.680672723764255E+004 -0.341383107057011E-006 
     14.30000000 -0.680672723764291E+004 -0.341752016032737E-006 
     14.32000000 -0.680672723764328E+004 -0.342121698402542E-006 
     14.34000000 -0.680672723764365E+004 -0.342492154166426E-006 
     14.36000000 -0.680672723764403E+004 -0.342864156718468E-006 
     14.38000000 -0.680672723764440E+004 -0.343233839088273E-006 
     14.40000000 -0.680672723764477E+004 -0.343604294852157E-006 
     14.42000000 -0.680672723764514E+004 -0.343973977221962E-006 
     14.44000000 -0.680672723764551E+004 -0.344343659591767E-006 
     14.46000000 -0.680672723764588E+004 -0.344715662143810E-006 
     14.48000000 -0.680672723764625E+004 -0.345085344513615E-006 
     14.50000000 -0.680672723764662E+004 -0.345456573671578E-006 
     14.52000000 -0.680672723764699E+004 -0.345824709253225E-006 
     14.54000000 -0.680672723764736E+004 -0.346196711805267E-006 
     14.56000000 -0.680672723764773E+004 -0.346566394175072E-006 
     14.58000000 -0.680672723764810E+004 -0.346936849938956E-006 
     14.60000000 -0.680672723764847E+004 -0.347305758914682E-006 
     14.62000000 -0.680672723764884E+004 -0.347676214678566E-006 
     14.64000000 -0.680672723764921E+004 -0.348046670442450E-006 
     14.66000000 -0.680672723764958E+004 -0.348417899600413E-006 
     14.68000000 -0.680672723764995E+004 -0.348788355364297E-006 
     14.70000000 -0.680672723765032E+004 -0.349156490945944E-006 
     14.72000000 -0.680672723765069E+004 -0.349526946709828E-006 
     14.74000000 -0.680672723765106E+004 -0.349897402473712E-006 
     14.76000000 -0.680672723765143E+004 -0.350267084843517E-006 
     14.78000000 -0.680672723765180E+004 -0.350638314001480E-006 
     14.80000000 -0.680672723765217E+004 -0.351007996371285E-006 
     14.82000000 -0.680672723765254E+004 -0.351376905347011E-006 
     14.84000000 -0.680672723765291E+004 -0.351748134504975E-006 
     14.86000000 -0.680672723765328E+004 -0.352117816874780E-006 
     14.88000000 -0.680672723765365E+004 -0.352486725850505E-006 
     14.90000000 -0.680672723765402E+004 -0.352857181614390E-006 
     14.92000000 -0.680672723765439E+004 -0.353227637378274E-006 
     14.94000000 -0.680672723765476E+004 -0.353596546353999E-006 
     14.96000000 -0.680672723765513E+004 -0.353966228723804E-006 
     14.98000000 -0.680672723765550E+004 -0.354336684487689E-006 
     15.00000000 -0.680672723765587E+004 -0.354705593463414E-006 
     15.02000000 -0.680672723765624E+004 -0.355077596015457E-006 
     15.04000000 -0.680672723765661E+004 -0.355447278385262E-006 
     15.06000000 -0.680672723765698E+004 -0.355816960755067E-006 
     15.08000000 -0.680672723765735E+004 -0.356185869730793E-006 
     15.10000000 -0.680672723765772E+004 -0.356557098888756E-006 
     15.12000000 -0.680672723765809E+004 -0.356925234470403E-006 
     15.14000000 -0.680672723765846E+004 -0.357297237022445E-006 
     15.16000000 -0.680672723765883E+004 -0.357665372604092E-006 
     15.18000000 -0.680672723765920E+004 -0.358035828367976E-006 
     15.20000000 -0.680672723765957E+004 -0.358404737343702E-006 
     15.22000000 -0.680672723765994E+004 -0.358774419713507E-006 
     15.24000000 -0.680672723766031E+004 -0.359144875477391E-006 
     15.26000000 -0.680672723766068E+004 -0.359513784453117E-006 
     15.28000000 -0.680672723766105E+004 -0.359884240217001E-006 
     15.30000000 -0.680672723766142E+004 -0.360253922586806E-006 
     15.32000000 -0.680672723766178E+004 -0.360622831562532E-006 
     15.34000000 -0.680672723766215E+004 -0.360992513932337E-006 
     15.36000000 -0.680672723766253E+004 -0.361362969696221E-006 
     15.38000000 -0.680672723766289E+004 -0.361731878671947E-006 
     15.40000000 -0.680672723766326E+004 -0.362101561041752E-006 
     15.42000000 -0.680672723766363E+004 -0.362470470017477E-006 
     15.44000000 -0.680672723766400E+004 -0.362840925781362E-006 
     15.46000000 -0.680672723766437E+004 -0.363210608151167E-006 
     15.48000000 -0.680672723766474E+004 -0.363580290520972E-006 
     15.50000000 -0.680672723766511E+004 -0.363949199496697E-006 
     15.52000000 -0.680672723766548E+004 -0.364319655260582E-006 
     15.54000000 -0.680672723766585E+004 -0.364689337630386E-006 
     15.56000000 -0.680672723766622E+004 -0.365055926423875E-006 
     15.58000000 -0.680672723766659E+004 -0.365427155581838E-006 
     15.60000000 -0.680672723766696E+004 -0.365797611345722E-006 
     15.62000000 -0.680672723766733E+004 -0.366166520321448E-006 
     15.64000000 -0.680672723766770E+004 -0.366534655903095E-006 
     15.66000000 -0.680672723766807E+004 -0.366905885061058E-006 
     15.68000000 -0.680672723766844E+004 -0.367274020642705E-006 
     15.70000000 -0.680672723766881E+004 -0.367645249800668E-006 
     15.72000000 -0.680672723766918E+004 -0.368013385382315E-006 
     15.74000000 -0.680672723766955E+004 -0.368383841146199E-006 
     15.76000000 -0.680672723766991E+004 -0.368751976727846E-006 
     15.78000000 -0.680672723767028E+004 -0.369122432491730E-006 
     15.80000000 -0.680672723767065E+004 -0.369490568073377E-006 
     15.82000000 -0.680672723767102E+004 -0.369860250443182E-006 
     15.84000000 -0.680672723767139E+004 -0.370231479601145E-006 
     15.86000000 -0.680672723767176E+004 -0.370598068394634E-006 
     15.88000000 -0.680672723767213E+004 -0.370969297552597E-006 
     15.90000000 -0.680672723767250E+004 -0.371338979922402E-006 
     15.92000000 -0.680672723767287E+004 -0.371707115504049E-006 
     15.94000000 -0.680672723767324E+004 -0.372076024479775E-006 
     15.96000000 -0.680672723767361E+004 -0.372444933455500E-006 
     15.98000000 -0.680672723767398E+004 -0.372816162613464E-006 
     16.00000000 -0.680672723767435E+004 -0.373184298195110E-006 
     16.02000000 -0.680672723767472E+004 -0.373553980564915E-006 
     16.04000000 -0.680672723767508E+004 -0.373922116146562E-006 
     16.06000000 -0.680672723767546E+004 -0.374293345304525E-006 
     16.08000000 -0.680672723767582E+004 -0.374661480886172E-006 
     16.10000000 -0.680672723767619E+004 -0.375031163255977E-006 
     16.12000000 -0.680672723767656E+004 -0.375399298837624E-006 
     16.14000000 -0.680672723767693E+004 -0.375770527995587E-006 
     16.16000000 -0.680672723767730E+004 -0.376137890183155E-006 
     16.18000000 -0.680672723767767E+004 -0.376506799158881E-006 
     16.20000000 -0.680672723767804E+004 -0.376875708134607E-006 
     16.22000000 -0.680672723767841E+004 -0.377244617110333E-006 
     16.24000000 -0.680672723767878E+004 -0.377614299480138E-006 
     16.26000000 -0.680672723767915E+004 -0.377984755244022E-006 
     16.28000000 -0.680672723767951E+004 -0.378350570643431E-006 
     16.30000000 -0.680672723767988E+004 -0.378721799801394E-006 
     16.32000000 -0.680672723768025E+004 -0.379089935383041E-006 
     16.34000000 -0.680672723768062E+004 -0.379461164541004E-006 
     16.36000000 -0.680672723768099E+004 -0.379828526728572E-006 
     16.38000000 -0.680672723768136E+004 -0.380198209098377E-006 
     16.40000000 -0.680672723768173E+004 -0.380567118074103E-006 
     16.42000000 -0.680672723768210E+004 -0.380935253655750E-006 
     16.44000000 -0.680672723768247E+004 -0.381304936025555E-006 
     16.46000000 -0.680672723768284E+004 -0.381675391789439E-006 
     16.48000000 -0.680672723768320E+004 -0.382041207188848E-006 
     16.50000000 -0.680672723768357E+004 -0.382410889558653E-006 
     16.52000000 -0.680672723768394E+004 -0.382782118716617E-006 
     16.54000000 -0.680672723768431E+004 -0.383150254298263E-006 
     16.56000000 -0.680672723768468E+004 -0.383519936668068E-006 
     16.58000000 -0.680672723768505E+004 -0.383888072249715E-006 
     16.60000000 -0.680672723768542E+004 -0.384257754619520E-006 
     16.62000000 -0.680672723768579E+004 -0.384625116807088E-006 
     16.64000000 -0.680672723768616E+004 -0.384994025782814E-006 
     16.66000000 -0.680672723768652E+004 -0.385362161364461E-006 
     16.68000000 -0.680672723768689E+004 -0.385730296946107E-006 
     16.70000000 -0.680672723768726E+004 -0.386099979315912E-006 
     16.72000000 -0.680672723768763E+004 -0.386469661685717E-006 
     16.74000000 -0.680672723768800E+004 -0.386839344055522E-006 
     16.76000000 -0.680672723768837E+004 -0.387207479637169E-006 
     16.78000000 -0.680672723768874E+004 -0.387575615218816E-006 
     16.80000000 -0.680672723768911E+004 -0.387945297588621E-006 
     16.82000000 -0.680672723768948E+004 -0.388314979958426E-006 
     16.84000000 -0.680672723768984E+004 -0.388681568751915E-006 
     16.86000000 -0.680672723769021E+004 -0.389052024515799E-006 
     16.88000000 -0.680672723769058E+004 -0.389419386703366E-006 
     16.90000000 -0.680672723769095E+004 -0.389789069073171E-006 
     16.92000000 -0.680672723769132E+004 -0.390157204654818E-006 
     16.94000000 -0.680672723769169E+004 -0.390526887024623E-006 
     16.96000000 -0.680672723769206E+004 -0.390895022606270E-006 
     16.98000000 -0.680672723769243E+004 -0.391263931581996E-006 
     17.00000000 -0.680672723769280E+004 -0.391633613951801E-006 
     17.02000000 -0.680672723769316E+004 -0.392000976139369E-006 
     17.04000000 -0.680672723769353E+004 -0.392369111721015E-006 
     17.06000000 -0.680672723769390E+004 -0.392738020696741E-006 
     17.08000000 -0.680672723769427E+004 -0.393106929672467E-006 
     17.10000000 -0.680672723769464E+004 -0.393475838648193E-006 
     17.12000000 -0.680672723769501E+004 -0.393845521017998E-006 
     17.14000000 -0.680672723769538E+004 -0.394213656599645E-006 
     17.16000000 -0.680672723769574E+004 -0.394582565575371E-006 
     17.18000000 -0.680672723769611E+004 -0.394949927762939E-006 
     17.20000000 -0.680672723769648E+004 -0.395319610132744E-006 
     17.22000000 -0.680672723769685E+004 -0.395686972320311E-006 
     17.24000000 -0.680672723769722E+004 -0.396055881296037E-006 
     17.26000000 -0.680672723769759E+004 -0.396426337059921E-006 
     17.28000000 -0.680672723769796E+004 -0.396792925853410E-006 
     17.30000000 -0.680672723769833E+004 -0.397163381617294E-006 
     17.32000000 -0.680672723769869E+004 -0.397530743804862E-006 
     17.34000000 -0.680672723769906E+004 -0.397898879386508E-006 
     17.36000000 -0.680672723769943E+004 -0.398267014968155E-006 
     17.38000000 -0.680672723769980E+004 -0.398635923943881E-006 
     17.40000000 -0.680672723770017E+004 -0.399004832919607E-006 
     17.42000000 -0.680672723770054E+004 -0.399373741895333E-006 
     17.44000000 -0.680672723770090E+004 -0.399739557294743E-006 
     17.46000000 -0.680672723770127E+004 -0.400110013058627E-006 
     17.48000000 -0.680672723770164E+004 -0.400478148640273E-006 
     17.50000000 -0.680672723770201E+004 -0.400847831010078E-006 
     17.52000000 -0.680672723770238E+004 -0.401215966591725E-006 
     17.54000000 -0.680672723770275E+004 -0.401583328779293E-006 
     17.56000000 -0.680672723770311E+004 -0.401953011149098E-006 
     17.58000000 -0.680672723770348E+004 -0.402321146730745E-006 
     17.60000000 -0.680672723770385E+004 -0.402687735524233E-006 
     17.62000000 -0.680672723770422E+004 -0.403057417894038E-006 
     17.64000000 -0.680672723770459E+004 -0.403427100263843E-006 
     17.66000000 -0.680672723770496E+004 -0.403795235845490E-006 
     17.68000000 -0.680672723770533E+004 -0.404164144821216E-006 
     17.70000000 -0.680672723770569E+004 -0.404530733614705E-006 
     17.72000000 -0.680672723770606E+004 -0.404899642590431E-006 
     17.74000000 -0.680672723770643E+004 -0.405268551566157E-006 
     17.76000000 -0.680672723770680E+004 -0.405637460541882E-006 
     17.78000000 -0.680672723770717E+004 -0.406004049335371E-006 
     17.80000000 -0.680672723770753E+004 -0.406372184917018E-006 
     17.82000000 -0.680672723770790E+004 -0.406741867286823E-006 
     17.84000000 -0.680672723770827E+004 -0.407110002868470E-006 
     17.86000000 -0.680672723770864E+004 -0.407477365056037E-006 
     17.88000000 -0.680672723770901E+004 -0.407846274031763E-006 
     17.90000000 -0.680672723770938E+004 -0.408214409613410E-006 
     17.92000000 -0.680672723770974E+004 -0.408582545195057E-006 
     17.94000000 -0.680672723771011E+004 -0.408950680776704E-006 
     17.96000000 -0.680672723771048E+004 -0.409320363146509E-006 
     17.98000000 -0.680672723771085E+004 -0.409686951939997E-006 
     18.00000000 -0.680672723771122E+004 -0.410055860915723E-006 
