# Real time calculation: 
# Eall: Total energy
# Eall0: Initial total energy
# 1:Time[fs] 2:Eall[eV] 3:Eall-Eall0[eV] 
      0.00000000 -0.233360469163758E+005  0.000000000000000E+000 
      0.02000000 -0.233360469165047E+005 -0.128909325102711E-006 
      0.04000000 -0.233360469165051E+005 -0.129348612939634E-006 
      0.06000000 -0.233360469164921E+005 -0.116352498834607E-006 
      0.08000000 -0.233360469164402E+005 -0.644206332118756E-007 
      0.10000000 -0.233360469162974E+005  0.783169780249636E-007 
      0.12000000 -0.233360469159745E+005  0.401261596842392E-006 
      0.14000000 -0.233360469153324E+005  0.104335192276076E-005 
      0.16000000 -0.233360469141703E+005  0.220550026964605E-005 
      0.18000000 -0.233360469122128E+005  0.416291737375425E-005 
      0.20000000 -0.233360469090986E+005  0.727713093772045E-005 
      0.22000000 -0.233360469043683E+005  0.120074782665740E-004 
      0.24000000 -0.233360468974542E+005  0.189215903978749E-004 
      0.26000000 -0.233360468876714E+005  0.287043882216415E-004 
      0.28000000 -0.233360468742101E+005  0.421656617423257E-004 
      0.30000000 -0.233360468561301E+005  0.602456787326744E-004 
      0.32000000 -0.233360468323568E+005  0.840189279610727E-004 
      0.34000000 -0.233360468016799E+005  0.114695904185078E-003 
      0.36000000 -0.233360467627529E+005  0.153622817355246E-003 
      0.38000000 -0.233360467140961E+005  0.202279643662052E-003 
      0.40000000 -0.233360466540997E+005  0.262276029640849E-003 
      0.42000000 -0.233360465810300E+005  0.335345751576682E-003 
      0.44000000 -0.233360464930360E+005  0.423339739489698E-003 
      0.46000000 -0.233360463881579E+005  0.528217857502872E-003 
      0.48000000 -0.233360462643364E+005  0.652039394188408E-003 
      0.50000000 -0.233360461194230E+005  0.796952782613646E-003 
      0.52000000 -0.233360459511913E+005  0.965184432530553E-003 
      0.54000000 -0.233360457573488E+005  0.115902697169215E-002 
      0.56000000 -0.233360455355489E+005  0.138082689010870E-002 
      0.58000000 -0.233360452834039E+005  0.163297185638482E-002 
      0.60000000 -0.233360449984979E+005  0.191787787319059E-002 
      0.62000000 -0.233360446783992E+005  0.223797659669228E-002 
      0.64000000 -0.233360443206729E+005  0.259570285087827E-002 
      0.66000000 -0.233360439228928E+005  0.299348292146635E-002 
      0.68000000 -0.233360434826521E+005  0.343372361392422E-002 
      0.70000000 -0.233360429975735E+005  0.391880226431158E-002 
      0.72000000 -0.233360424653176E+005  0.445105816388662E-002 
      0.74000000 -0.233360418835908E+005  0.503278496437612E-002 
      0.76000000 -0.233360412501512E+005  0.566622454960077E-002 
      0.78000000 -0.233360405628137E+005  0.635356206719165E-002 
      0.80000000 -0.233360398194537E+005  0.709692208946195E-002 
      0.82000000 -0.233360390180098E+005  0.789836593746353E-002 
      0.84000000 -0.233360381564859E+005  0.875988989289976E-002 
      0.86000000 -0.233360372329510E+005  0.968342470934047E-002 
      0.88000000 -0.233360362455398E+005  0.106708360051062E-001 
      0.90000000 -0.233360351924499E+005  0.117239258317112E-001 
      0.92000000 -0.233360340719405E+005  0.128444352910293E-001 
      0.94000000 -0.233360328823279E+005  0.140340478825433E-001 
      0.96000000 -0.233360316219818E+005  0.152943939457204E-001 
      0.98000000 -0.233360302893203E+005  0.166270554179330E-001 
      1.00000000 -0.233360288828045E+005  0.180335712296554E-001 
      1.02000000 -0.233360274009328E+005  0.195154429811765E-001 
      1.04000000 -0.233360258422348E+005  0.210741409101086E-001 
      1.06000000 -0.233360242052661E+005  0.227111097073106E-001 
      1.08000000 -0.233360224886015E+005  0.244277742647532E-001 
      1.10000000 -0.233360206908308E+005  0.262255449995634E-001 
      1.12000000 -0.233360188105530E+005  0.281058227635301E-001 
      1.14000000 -0.233360168463727E+005  0.300700030318069E-001 
      1.16000000 -0.233360147968962E+005  0.321194795502378E-001 
      1.18000000 -0.233360126607284E+005  0.342556473825307E-001 
      1.20000000 -0.233360104364705E+005  0.364799052118776E-001 
      1.22000000 -0.233360081227188E+005  0.387936569248659E-001 
      1.24000000 -0.233360057180631E+005  0.411983126632943E-001 
      1.26000000 -0.233360032210868E+005  0.436952889881324E-001 
      1.28000000 -0.233360006303672E+005  0.462860085454143E-001 
      1.30000000 -0.233359979444772E+005  0.489718985163571E-001 
      1.32000000 -0.233359951619868E+005  0.517543889653910E-001 
      1.34000000 -0.233359922814658E+005  0.546349099724141E-001 
      1.36000000 -0.233359893014874E+005  0.576148883659757E-001 
      1.38000000 -0.233359862206317E+005  0.606957440264528E-001 
      1.40000000 -0.233359830374907E+005  0.638788850941002E-001 
      1.42000000 -0.233359797506727E+005  0.671657030286093E-001 
      1.44000000 -0.233359763588088E+005  0.705575670004539E-001 
      1.46000000 -0.233359728605581E+005  0.740558176882703E-001 
      1.48000000 -0.233359692546149E+005  0.776617608101886E-001 
      1.50000000 -0.233359655397156E+005  0.813766601663799E-001 
      1.52000000 -0.233359617146452E+005  0.852017305578598E-001 
      1.54000000 -0.233359577782453E+005  0.891381304825554E-001 
      1.56000000 -0.233359537294208E+005  0.931869549179908E-001 
      1.58000000 -0.233359495671479E+005  0.973492278503011E-001 
      1.60000000 -0.233359452904803E+005  0.101625895440522E+000 
      1.62000000 -0.233359408985566E+005  0.106017819122821E+000 
      1.64000000 -0.233359363906070E+005  0.110525768792442E+000 
      1.66000000 -0.233359317659593E+005  0.115150416476250E+000 
      1.68000000 -0.233359270240455E+005  0.119892330247662E+000 
      1.70000000 -0.233359221644075E+005  0.124751968274613E+000 
      1.72000000 -0.233359171867020E+005  0.129729673742991E+000 
      1.74000000 -0.233359120907059E+005  0.134825669875983E+000 
      1.76000000 -0.233359068763198E+005  0.140040055918609E+000 
      1.78000000 -0.233359015435723E+005  0.145372803465653E+000 
      1.80000000 -0.233358960926224E+005  0.150823753315490E+000 
      1.82000000 -0.233358905237628E+005  0.156392612958104E+000 
      1.84000000 -0.233358848374206E+005  0.162078955114923E+000 
      1.86000000 -0.233358790341594E+005  0.167882216393109E+000 
      1.88000000 -0.233358731146789E+005  0.173801696836989E+000 
      1.90000000 -0.233358670798154E+005  0.179836560311665E+000 
      1.92000000 -0.233358609305406E+005  0.185985835109347E+000 
      1.94000000 -0.233358546679604E+005  0.192248415332186E+000 
      1.96000000 -0.233358482933128E+005  0.198623063002094E+000 
      1.98000000 -0.233358418079652E+005  0.205108410544880E+000 
      2.00000000 -0.233358352134121E+005  0.211702963654910E+000 
      2.02000000 -0.233358285112711E+005  0.218405104660911E+000 
      2.04000000 -0.233358217032793E+005  0.225213096408412E+000 
      2.06000000 -0.233358147912894E+005  0.232125086371108E+000 
      2.08000000 -0.233358077772645E+005  0.239139111232446E+000 
      2.10000000 -0.233358006632740E+005  0.246253101708507E+000 
      2.12000000 -0.233357934514884E+005  0.253464887404926E+000 
      2.14000000 -0.233357861441736E+005  0.260772202162589E+000 
      2.16000000 -0.233357787436866E+005  0.268172689134193E+000 
      2.18000000 -0.233357712524697E+005  0.275663906064977E+000 
      2.20000000 -0.233357636730453E+005  0.283243330421880E+000 
      2.22000000 -0.233357560080113E+005  0.290908364466995E+000 
      2.24000000 -0.233357482600357E+005  0.298656340034060E+000 
      2.26000000 -0.233357404318522E+005  0.306484523509113E+000 
      2.28000000 -0.233357325262560E+005  0.314390119784079E+000 
      2.30000000 -0.233357245460994E+005  0.322370276327921E+000 
      2.32000000 -0.233357164942890E+005  0.330422086750440E+000 
      2.34000000 -0.233357083737820E+005  0.338542593716419E+000 
      2.36000000 -0.233357001875841E+005  0.346728791612291E+000 
      2.38000000 -0.233356919387469E+005  0.354977628816822E+000 
      2.40000000 -0.233356836303660E+005  0.363286009742871E+000 
      2.42000000 -0.233356752655793E+005  0.371650796464611E+000 
      2.44000000 -0.233356668475659E+005  0.380068809859061E+000 
      2.46000000 -0.233356583795450E+005  0.388536830741424E+000 
      2.48000000 -0.233356498647757E+005  0.397051600084736E+000 
      2.50000000 -0.233356413065564E+005  0.405609819387999E+000 
      2.52000000 -0.233356327082256E+005  0.414208150150270E+000 
      2.54000000 -0.233356240731622E+005  0.422843213536563E+000 
      2.56000000 -0.233356154047865E+005  0.431511589267247E+000 
      2.58000000 -0.233356067065611E+005  0.440209814612636E+000 
      2.60000000 -0.233355979819930E+005  0.448934382793614E+000 
      2.62000000 -0.233355892346340E+005  0.457681741728731E+000 
      2.64000000 -0.233355804680835E+005  0.466448292252306E+000 
      2.66000000 -0.233355716859888E+005  0.475230387000739E+000 
      2.68000000 -0.233355628920473E+005  0.484024328494494E+000 
      2.70000000 -0.233355540900073E+005  0.492826368414201E+000 
      2.72000000 -0.233355452836695E+005  0.501632706301356E+000 
      2.74000000 -0.233355364768869E+005  0.510439488849890E+000 
      2.76000000 -0.233355276735660E+005  0.519242809739117E+000 
      2.78000000 -0.233355188776661E+005  0.528038709618266E+000 
      2.80000000 -0.233355100931992E+005  0.536823176607638E+000 
      2.82000000 -0.233355013242286E+005  0.545592147149345E+000 
      2.84000000 -0.233354925748681E+005  0.554341507640713E+000 
      2.86000000 -0.233354838492797E+005  0.563067096021289E+000 
      2.88000000 -0.233354751516718E+005  0.571764703950717E+000 
      2.90000000 -0.233354664862961E+005  0.580430079654832E+000 
      2.92000000 -0.233354578574449E+005  0.589058930839805E+000 
      2.94000000 -0.233354492694472E+005  0.597646928521991E+000 
      2.96000000 -0.233354407266651E+005  0.606189710616481E+000 
      2.98000000 -0.233354322334891E+005  0.614682886670268E+000 
      3.00000000 -0.233354237943331E+005  0.623122042694419E+000 
      3.02000000 -0.233354154136297E+005  0.631502746070483E+000 
      3.04000000 -0.233354070958244E+005  0.639820551329294E+000 
      3.06000000 -0.233353988453698E+005  0.648071005914301E+000 
      3.08000000 -0.233353906667193E+005  0.656249656421315E+000 
      3.10000000 -0.233353825643211E+005  0.664352054692851E+000 
      3.12000000 -0.233353745426114E+005  0.672373764330109E+000 
      3.14000000 -0.233353666060113E+005  0.680310364498069E+000 
      3.16000000 -0.233353587589187E+005  0.688157457062378E+000 
      3.18000000 -0.233353510056972E+005  0.695910678586230E+000 
      3.20000000 -0.233353433506624E+005  0.703565713385268E+000 
      3.22000000 -0.233353357980690E+005  0.711118306718584E+000 
      3.24000000 -0.233353283520973E+005  0.718564278428304E+000 
      3.26000000 -0.233353210168381E+005  0.725899537624793E+000 
      3.28000000 -0.233353137962765E+005  0.733120099258939E+000 
      3.30000000 -0.233353066942721E+005  0.740222103639533E+000 
      3.32000000 -0.233352997145346E+005  0.747201841160219E+000 
      3.34000000 -0.233352928605912E+005  0.754055784553124E+000 
      3.36000000 -0.233352861357440E+005  0.760780631762729E+000 
      3.38000000 -0.233352795430125E+005  0.767373363257468E+000 
      3.40000000 -0.233352730850577E+005  0.773831318057456E+000 
      3.42000000 -0.233352667640822E+005  0.780152293582758E+000 
      3.44000000 -0.233352605817037E+005  0.786334672050733E+000 
      3.46000000 -0.233352545387970E+005  0.792377578761960E+000 
      3.48000000 -0.233352486353034E+005  0.798281072398487E+000 
      3.50000000 -0.233352428700067E+005  0.804046369076100E+000 
      3.52000000 -0.233352372402788E+005  0.809676096992055E+000 
      3.54000000 -0.233352317418002E+005  0.815174575561565E+000 
      3.56000000 -0.233352263682649E+005  0.820548110863618E+000 
      3.58000000 -0.233352211110826E+005  0.825805293119273E+000 
      3.60000000 -0.233352159590963E+005  0.830957279447633E+000 
      3.62000000 -0.233352108983337E+005  0.836018042038721E+000 
      3.64000000 -0.233352059118198E+005  0.841004555967594E+000 
      3.66000000 -0.233352009794744E+005  0.845936901325670E+000 
      3.68000000 -0.233351960781241E+005  0.850838251672410E+000 
      3.70000000 -0.233351911816556E+005  0.855734720117516E+000 
      3.72000000 -0.233351862613379E+005  0.860655037870519E+000 
      3.74000000 -0.233351812863339E+005  0.865630041833162E+000 
      3.76000000 -0.233351762244215E+005  0.870691954223040E+000 
      3.78000000 -0.233351710429306E+005  0.875873445130259E+000 
      3.80000000 -0.233351657098989E+005  0.881206476853223E+000 
      3.82000000 -0.233351601954335E+005  0.886720942248649E+000 
      3.84000000 -0.233351544732550E+005  0.892443120777120E+000 
      3.86000000 -0.233351485223854E+005  0.898393990357054E+000 
      3.88000000 -0.233351423289283E+005  0.904587447487943E+000 
      3.90000000 -0.233351358878722E+005  0.911028503590179E+000 
      3.92000000 -0.233351292048367E+005  0.917711539033892E+000 
      3.94000000 -0.233351222976676E+005  0.924618708128123E+000 
      3.96000000 -0.233351151977738E+005  0.931718601959586E+000 
      3.98000000 -0.233351079510965E+005  0.938965279261824E+000 
      4.00000000 -0.233351006185920E+005  0.946297783780188E+000 
      4.02000000 -0.233350932761130E+005  0.953640262752709E+000 
      4.04000000 -0.233350860135771E+005  0.960902798627376E+000 
      4.06000000 -0.233350789333215E+005  0.967983054306452E+000 
      4.08000000 -0.233350721475606E+005  0.974768815169069E+000 
      4.10000000 -0.233350657748838E+005  0.981141491943160E+000 
      4.12000000 -0.233350599357568E+005  0.986980618954130E+000 
      4.14000000 -0.233350547470241E+005  0.992169351611054E+000 
      4.16000000 -0.233350503154467E+005  0.996600929014437E+000 
      4.18000000 -0.233350467303475E+005  0.100018602821001E+001 
      4.20000000 -0.233350440554819E+005  0.100286089385361E+001 
      4.22000000 -0.233350423202937E+005  0.100459608207782E+001 
      4.24000000 -0.233350415107603E+005  0.100540561547321E+001 
      4.26000000 -0.233350415600739E+005  0.100535630188684E+001 
      4.28000000 -0.233350423394411E+005  0.100457693461614E+001 
      4.30000000 -0.233350436493200E+005  0.100326705578671E+001 
      4.32000000 -0.233350452114352E+005  0.100170494059748E+001 
      4.34000000 -0.233350466619331E+005  0.100025444265643E+001 
      4.36000000 -0.233350475460431E+005  0.999370332624053E+000 
      4.38000000 -0.233350473146083E+005  0.999601767408568E+000 
      4.40000000 -0.233350453228329E+005  0.100159354288184E+001 
      4.42000000 -0.233350408315631E+005  0.100608481269330E+001 
      4.44000000 -0.233350330113777E+005  0.101390499806089E+001 
      4.46000000 -0.233350209497077E+005  0.102596666807224E+001 
      4.48000000 -0.233350036611363E+005  0.104325523946144E+001 
      4.50000000 -0.233349801009533E+005  0.106681542249730E+001 
      4.52000000 -0.233349491819455E+005  0.109773443026688E+001 
      4.54000000 -0.233349097943105E+005  0.113712206525979E+001 
      4.56000000 -0.233348608284748E+005  0.118608790096053E+001 
      4.58000000 -0.233348012004920E+005  0.124571588378808E+001 
      4.60000000 -0.233347298795915E+005  0.131703678423880E+001 
      4.62000000 -0.233346459173406E+005  0.140099903518416E+001 
      4.64000000 -0.233345484777881E+005  0.149843858767946E+001 
      4.66000000 -0.233344368678703E+005  0.161004850549537E+001 
      4.68000000 -0.233343105672837E+005  0.173634909201057E+001 
      4.70000000 -0.233341692569748E+005  0.187765940098490E+001 
      4.72000000 -0.233340128453558E+005  0.203407101994781E+001 
      4.74000000 -0.233338414913480E+005  0.220542502776331E+001 
      4.76000000 -0.233336556233566E+005  0.239129301914011E+001 
      4.78000000 -0.233334559533278E+005  0.259096304792513E+001 
      4.80000000 -0.233332434850985E+005  0.280343127724715E+001 
      4.82000000 -0.233330195163477E+005  0.302740002807025E+001 
      4.84000000 -0.233327856335803E+005  0.326128279544025E+001 
      4.86000000 -0.233325436997192E+005  0.350321665652538E+001 
      4.88000000 -0.233322958340578E+005  0.375108231796222E+001 
      4.90000000 -0.233320443845110E+005  0.400253186479902E+001 
      4.92000000 -0.233317918923111E+005  0.425502406462998E+001 
      4.94000000 -0.233315410495084E+005  0.450586686738794E+001 
      4.96000000 -0.233312946498519E+005  0.475226652387769E+001 
      4.98000000 -0.233310555338408E+005  0.499138253490865E+001 
      5.00000000 -0.233308265289369E+005  0.522038743887065E+001 
      5.02000000 -0.233306103861085E+005  0.543653026723320E+001 
      5.04000000 -0.233304097140405E+005  0.563720233521844E+001 
      5.06000000 -0.233302269124629E+005  0.582000391283176E+001 
      5.08000000 -0.233300641061453E+005  0.598281023048876E+001 
      5.10000000 -0.233299230811508E+005  0.612383522496428E+001 
      5.12000000 -0.233298052249501E+005  0.624169142570270E+001 
      5.14000000 -0.233297114719575E+005  0.633544441829939E+001 
      5.16000000 -0.233296422559729E+005  0.640466040287542E+001 
      5.18000000 -0.233295974708906E+005  0.644944548517888E+001 
      5.20000000 -0.233295764408830E+005  0.647047549270853E+001 
      5.22000000 -0.233295779010800E+005  0.646901529577155E+001 
      5.24000000 -0.233295999895532E+005  0.644692682259327E+001 
      5.26000000 -0.233296402511907E+005  0.640666518504902E+001 
      5.28000000 -0.233296956538054E+005  0.635126257039371E+001 
      5.30000000 -0.233297626165811E+005  0.628429979463041E+001 
      5.32000000 -0.233298370507203E+005  0.620986565545730E+001 
      5.34000000 -0.233299144119203E+005  0.613250445542535E+001 
      5.36000000 -0.233299897640857E+005  0.605715229001865E+001 
      5.38000000 -0.233300578534669E+005  0.598906290883584E+001 
      5.40000000 -0.233301131922179E+005  0.593372415790196E+001 
      5.42000000 -0.233301501501793E+005  0.589676619648577E+001 
      5.44000000 -0.233301630535172E+005  0.588386285855814E+001 
      5.46000000 -0.233301462886844E+005  0.590062769132229E+001 
      5.48000000 -0.233300944100193E+005  0.595250635642850E+001 
      5.50000000 -0.233300022491552E+005  0.604466722050920E+001 
      5.52000000 -0.233298650242848E+005  0.618189209096682E+001 
      5.54000000 -0.233296784472102E+005  0.636846916553721E+001 
      5.56000000 -0.233294388260174E+005  0.660809035837568E+001 
      5.58000000 -0.233291431611425E+005  0.690375523324558E+001 
      5.60000000 -0.233287892325696E+005  0.725768380617889E+001 
      5.62000000 -0.233283756758985E+005  0.767124047728682E+001 
      5.64000000 -0.233279020450872E+005  0.814487128860529E+001 
      5.66000000 -0.233273688597825E+005  0.867805659321252E+001 
      5.68000000 -0.233267776353406E+005  0.926928103518296E+001 
      5.70000000 -0.233261308938891E+005  0.991602248661202E+001 
      5.72000000 -0.233254321551178E+005  0.106147612579166E+002 
      5.74000000 -0.233246859058831E+005  0.113610104926863E+002 
      5.76000000 -0.233238975481948E+005  0.121493681809475E+002 
      5.78000000 -0.233230733256897E+005  0.129735906860940E+002 
      5.80000000 -0.233222202292866E+005  0.138266870891984E+002 
      5.82000000 -0.233213458833472E+005  0.147010330285430E+002 
      5.84000000 -0.233204584142998E+005  0.155885020759578E+002 
      5.86000000 -0.233195663043124E+005  0.164806120633823E+002 
      5.88000000 -0.233186782331908E+005  0.173686831849586E+002 
      5.90000000 -0.233178029121993E+005  0.182440041765017E+002 
      5.92000000 -0.233169489139257E+005  0.190980024500148E+002 
      5.94000000 -0.233161245026232E+005  0.199224137525168E+002 
      5.96000000 -0.233153374696161E+005  0.207094467596932E+002 
      5.98000000 -0.233145949783553E+005  0.214519380204409E+002 
      6.00000000 -0.233139034235307E+005  0.221434928450371E+002 
      6.02000000 -0.233132683082868E+005  0.227786080889454E+002 
      6.04000000 -0.233126941430578E+005  0.233527733179090E+002 
      6.06000000 -0.233121843688464E+005  0.238625475293205E+002 
      6.08000000 -0.233117413069494E+005  0.243056094263180E+002 
      6.10000000 -0.233113661362147E+005  0.246807801610552E+002 
      6.12000000 -0.233110588979295E+005  0.249880184462327E+002 
      6.14000000 -0.233108185274688E+005  0.252283889069704E+002 
      6.16000000 -0.233106429108752E+005  0.254040055005931E+002 
      6.18000000 -0.233105289637079E+005  0.255179526678697E+002 
      6.20000000 -0.233104727287751E+005  0.255741876007070E+002 
      6.22000000 -0.233104694888398E+005  0.255774275359998E+002 
      6.24000000 -0.233105138900586E+005  0.255330263171901E+002 
      6.26000000 -0.233106000718021E+005  0.254468445736923E+002 
      6.28000000 -0.233107217986233E+005  0.253251177524106E+002 
      6.30000000 -0.233108725904552E+005  0.251743259205521E+002 
      6.32000000 -0.233110458476098E+005  0.250010687659418E+002 
      6.34000000 -0.233112349677891E+005  0.248119485866342E+002 
      6.36000000 -0.233114334530251E+005  0.246134633507014E+002 
      6.38000000 -0.233116350052191E+005  0.244119111566779E+002 
      6.40000000 -0.233118336096768E+005  0.242133066989666E+002 
      6.42000000 -0.233120236066849E+005  0.240233096908257E+002 
      6.44000000 -0.233121997517196E+005  0.238471646561254E+002 
      6.46000000 -0.233123572652696E+005  0.236896511061479E+002 
      6.48000000 -0.233124918734940E+005  0.235550428817527E+002 
      6.50000000 -0.233125998410071E+005  0.234470753686174E+002 
      6.52000000 -0.233126779970057E+005  0.233689193700488E+002 
      6.54000000 -0.233127237557498E+005  0.233231606259144E+002 
      6.56000000 -0.233127351321120E+005  0.233117842637655E+002 
      6.58000000 -0.233127107525568E+005  0.233361638189821E+002 
      6.60000000 -0.233126498615485E+005  0.233970548272471E+002 
      6.62000000 -0.233125523230441E+005  0.234945933316262E+002 
      6.64000000 -0.233124186164510E+005  0.236282999247894E+002 
      6.66000000 -0.233122498262348E+005  0.237970901409961E+002 
      6.68000000 -0.233120476242794E+005  0.239992920964000E+002 
      6.70000000 -0.233118142441232E+005  0.242326722525171E+002 
      6.72000000 -0.233115524463377E+005  0.244944700380344E+002 
      6.74000000 -0.233112654745508E+005  0.247814418249497E+002 
      6.76000000 -0.233109570019429E+005  0.250899144328315E+002 
      6.78000000 -0.233106310684240E+005  0.254158479517093E+002 
      6.80000000 -0.233102920091198E+005  0.257549072559497E+002 
      6.82000000 -0.233099443752161E+005  0.261025411596612E+002 
      6.84000000 -0.233095928486198E+005  0.264540677559148E+002 
      6.86000000 -0.233092421522453E+005  0.268047641304598E+002 
      6.88000000 -0.233088969580360E+005  0.271499583397615E+002 
      6.90000000 -0.233085617950367E+005  0.274851213390938E+002 
      6.92000000 -0.233082409599477E+005  0.278059564280665E+002 
      6.94000000 -0.233079384326102E+005  0.281084837655590E+002 
      6.96000000 -0.233076577987830E+005  0.283891175927603E+002 
      6.98000000 -0.233074021823858E+005  0.286447339899798E+002 
      7.00000000 -0.233071741891117E+005  0.288727272640177E+002 
      7.02000000 -0.233069758629565E+005  0.290710534192478E+002 
      7.04000000 -0.233068086568017E+005  0.292382595740636E+002 
      7.06000000 -0.233066734177292E+005  0.293734986465118E+002 
      7.08000000 -0.233065703872685E+005  0.294765291072209E+002 
      7.10000000 -0.233064992162936E+005  0.295477000821915E+002 
      7.12000000 -0.233064589938238E+005  0.295879225519165E+002 
      7.14000000 -0.233064482885580E+005  0.295986278177369E+002 
      7.16000000 -0.233064652015919E+005  0.295817147838273E+002 
      7.18000000 -0.233065074284690E+005  0.295394879067959E+002 
      7.20000000 -0.233065723284786E+005  0.294745878971527E+002 
      7.22000000 -0.233066569989722E+005  0.293899174035942E+002 
      7.24000000 -0.233067583524007E+005  0.292885639750764E+002 
      7.26000000 -0.233068731938025E+005  0.291737225732563E+002 
      7.28000000 -0.233069982965641E+005  0.290486198117042E+002 
      7.30000000 -0.233071304744504E+005  0.289164419254076E+002 
      7.32000000 -0.233072666481286E+005  0.287802682471429E+002 
      7.34000000 -0.233074039046867E+005  0.286430116890469E+002 
      7.36000000 -0.233075395489607E+005  0.285073674150448E+002 
      7.38000000 -0.233076711458162E+005  0.283757705595126E+002 
      7.40000000 -0.233077965528703E+005  0.282503635055063E+002 
      7.42000000 -0.233079139434646E+005  0.281329729111311E+002 
      7.44000000 -0.233080218200229E+005  0.280250963528549E+002 
      7.46000000 -0.233081190181974E+005  0.279278981783655E+002 
      7.48000000 -0.233082047024599E+005  0.278422139158388E+002 
      7.50000000 -0.233082783539916E+005  0.277685623842070E+002 
      7.52000000 -0.233083397518762E+005  0.277071644995971E+002 
      7.54000000 -0.233083889487097E+005  0.276579676660640E+002 
      7.56000000 -0.233084262417931E+005  0.276206745826670E+002 
      7.58000000 -0.233084521410895E+005  0.275947752862536E+002 
      7.60000000 -0.233084673351016E+005  0.275795812742066E+002 
      7.62000000 -0.233084726557649E+005  0.275742606108926E+002 
      7.64000000 -0.233084690433661E+005  0.275778730096122E+002 
      7.66000000 -0.233084575123902E+005  0.275894039855284E+002 
      7.68000000 -0.233084391190782E+005  0.276077972975213E+002 
      7.70000000 -0.233084149313506E+005  0.276319850251997E+002 
      7.72000000 -0.233083860016205E+005  0.276609147552990E+002 
      7.74000000 -0.233083533428902E+005  0.276935734855600E+002 
      7.76000000 -0.233083179084016E+005  0.277290079741622E+002 
      7.78000000 -0.233082805749929E+005  0.277663413828122E+002 
      7.80000000 -0.233082421302081E+005  0.278047861676757E+002 
      7.82000000 -0.233082032631054E+005  0.278436532703529E+002 
      7.84000000 -0.233081645586277E+005  0.278823577480572E+002 
      7.86000000 -0.233081264953203E+005  0.279204210554776E+002 
      7.88000000 -0.233080894461198E+005  0.279574702559350E+002 
      7.90000000 -0.233080536818866E+005  0.279932344891988E+002 
      7.92000000 -0.233080193773114E+005  0.280275390643863E+002 
      7.94000000 -0.233079866188023E+005  0.280602975734410E+002 
      7.96000000 -0.233079554139386E+005  0.280915024371223E+002 
      7.98000000 -0.233079257020754E+005  0.281212143003630E+002 
      8.00000000 -0.233078973656870E+005  0.281495506887368E+002 
      8.02000000 -0.233078702420556E+005  0.281766743201258E+002 
      8.04000000 -0.233078441349350E+005  0.282027814407904E+002 
      8.06000000 -0.233078188258548E+005  0.282280905209401E+002 
      8.08000000 -0.233077940847719E+005  0.282528316038284E+002 
      8.10000000 -0.233077696798207E+005  0.282772365550606E+002 
      8.12000000 -0.233077453859647E+005  0.283015304110393E+002 
      8.14000000 -0.233077209924063E+005  0.283259239694126E+002 
      8.16000000 -0.233076963086600E+005  0.283506077157255E+002 
      8.18000000 -0.233076711692483E+005  0.283757471274910E+002 
      8.20000000 -0.233076454370250E+005  0.284014793507276E+002 
      8.22000000 -0.233076190051762E+005  0.284279111995197E+002 
      8.24000000 -0.233075917979817E+005  0.284551183940663E+002 
      8.26000000 -0.233075637704561E+005  0.284831459196073E+002 
      8.28000000 -0.233075349070088E+005  0.285120093669199E+002 
      8.30000000 -0.233075052192792E+005  0.285416970965407E+002 
      8.32000000 -0.233074747433154E+005  0.285721730603303E+002 
      8.34000000 -0.233074435362658E+005  0.286033801099296E+002 
      8.36000000 -0.233074116727508E+005  0.286352436249244E+002 
      8.38000000 -0.233073792410747E+005  0.286676753010720E+002 
      8.40000000 -0.233073463394246E+005  0.287005769511186E+002 
      8.42000000 -0.233073130721880E+005  0.287338441877698E+002 
      8.44000000 -0.233072795464995E+005  0.287673698762397E+002 
      8.46000000 -0.233072458691109E+005  0.288010472648662E+002 
      8.48000000 -0.233072121436513E+005  0.288347727244854E+002 
      8.50000000 -0.233071784683265E+005  0.288684480492912E+002 
      8.52000000 -0.233071449340815E+005  0.289019822943055E+002 
      8.54000000 -0.233071116232312E+005  0.289352931445545E+002 
      8.56000000 -0.233070786085454E+005  0.289683078303221E+002 
      8.58000000 -0.233070459527554E+005  0.290009636203646E+002 
      8.60000000 -0.233070137084388E+005  0.290332079369520E+002 
      8.62000000 -0.233069819182271E+005  0.290649981486722E+002 
      8.64000000 -0.233069506152735E+005  0.290963011022185E+002 
      8.66000000 -0.233069198239175E+005  0.291270924583038E+002 
      8.68000000 -0.233068895604794E+005  0.291573558963332E+002 
      8.70000000 -0.233068598341277E+005  0.291870822480726E+002 
      8.72000000 -0.233068306477613E+005  0.292162686144820E+002 
      8.74000000 -0.233068019988644E+005  0.292449175114000E+002 
      8.76000000 -0.233067738802970E+005  0.292730360787266E+002 
      8.78000000 -0.233067462809989E+005  0.293006353768199E+002 
      8.80000000 -0.233067191865915E+005  0.293277297843010E+002 
      8.82000000 -0.233066925798765E+005  0.293543364992638E+002 
      8.84000000 -0.233066664412364E+005  0.293804751393628E+002 
      8.86000000 -0.233066407489493E+005  0.294061674264101E+002 
      8.88000000 -0.233066154794370E+005  0.294314369387566E+002 
      8.90000000 -0.233065906074657E+005  0.294563089101009E+002 
      8.92000000 -0.233065661063276E+005  0.294808100481970E+002 
      8.94000000 -0.233065419480828E+005  0.295049682930072E+002 
      8.96000000 -0.233065181038809E+005  0.295288124948284E+002 
      8.98000000 -0.233064945442865E+005  0.295523720892433E+002 
      9.00000000 -0.233064712396163E+005  0.295756767594910E+002 
      9.02000000 -0.233064481602872E+005  0.295987560885386E+002 
      9.04000000 -0.233064252771686E+005  0.296216392071123E+002 
      9.06000000 -0.233064025619312E+005  0.296443544445692E+002 
      9.08000000 -0.233063799873867E+005  0.296669289890708E+002 
      9.10000000 -0.233063575278121E+005  0.296893885636176E+002 
      9.12000000 -0.233063351592525E+005  0.297117571232497E+002 
      9.14000000 -0.233063128597960E+005  0.297340565797373E+002 
      9.16000000 -0.233062906098177E+005  0.297563065580602E+002 
      9.18000000 -0.233062683921859E+005  0.297785241898563E+002 
      9.20000000 -0.233062461924297E+005  0.298007239460776E+002 
      9.22000000 -0.233062239988645E+005  0.298229175112668E+002 
      9.24000000 -0.233062018026768E+005  0.298451136989117E+002 
      9.26000000 -0.233061795979687E+005  0.298673184070793E+002 
      9.28000000 -0.233061573817655E+005  0.298895346102495E+002 
      9.30000000 -0.233061351539904E+005  0.299117623853379E+002 
      9.32000000 -0.233061129174102E+005  0.299339989655148E+002 
      9.34000000 -0.233060906775552E+005  0.299562388205300E+002 
      9.36000000 -0.233060684426165E+005  0.299784737592708E+002 
      9.38000000 -0.233060462233217E+005  0.300006930540714E+002 
      9.40000000 -0.233060240327891E+005  0.300228835866278E+002 
      9.42000000 -0.233060018863595E+005  0.300450300162353E+002 
      9.44000000 -0.233059798014033E+005  0.300671149724875E+002 
      9.46000000 -0.233059577971035E+005  0.300891192722168E+002 
      9.48000000 -0.233059358942144E+005  0.301110221613126E+002 
      9.50000000 -0.233059141147975E+005  0.301328015782849E+002 
      9.52000000 -0.233058924819396E+005  0.301544344361481E+002 
      9.54000000 -0.233058710194597E+005  0.301758969160134E+002 
      9.56000000 -0.233058497516112E+005  0.301971647645116E+002 
      9.58000000 -0.233058287027885E+005  0.302182135872931E+002 
      9.60000000 -0.233058078972454E+005  0.302390191303080E+002 
      9.62000000 -0.233057873588331E+005  0.302595575426771E+002 
      9.64000000 -0.233057671107593E+005  0.302798056164742E+002 
      9.66000000 -0.233057471753743E+005  0.302997410014952E+002 
      9.68000000 -0.233057275739807E+005  0.303193423950117E+002 
      9.70000000 -0.233057083266665E+005  0.303385897092881E+002 
      9.72000000 -0.233056894521564E+005  0.303574642193895E+002 
      9.74000000 -0.233056709676799E+005  0.303759486958127E+002 
      9.76000000 -0.233056528888510E+005  0.303940275247924E+002 
      9.78000000 -0.233056352295581E+005  0.304116868176249E+002 
      9.80000000 -0.233056180018656E+005  0.304289145101607E+002 
      9.82000000 -0.233056012159263E+005  0.304457004494124E+002 
      9.84000000 -0.233055848799111E+005  0.304620364646786E+002 
      9.86000000 -0.233055689999575E+005  0.304779164182792E+002 
      9.88000000 -0.233055535801447E+005  0.304933362310246E+002 
      9.90000000 -0.233055386224977E+005  0.305082938780390E+002 
      9.92000000 -0.233055241270242E+005  0.305227893515576E+002 
      9.94000000 -0.233055100917868E+005  0.305368245889141E+002 
      9.96000000 -0.233054965130087E+005  0.305504033670185E+002 
      9.98000000 -0.233054833852110E+005  0.305635311647958E+002 
     10.00000000 -0.233054707013757E+005  0.305762150000576E+002 
     10.02000000 -0.233054584531303E+005  0.305884632454942E+002 
     10.04000000 -0.233054466309433E+005  0.306002854324450E+002 
     10.06000000 -0.233054352243259E+005  0.306116920498477E+002 
     10.08000000 -0.233054242220301E+005  0.306226943456302E+002 
     10.10000000 -0.233054136122381E+005  0.306333041376159E+002 
     10.12000000 -0.233054033827364E+005  0.306435336393215E+002 
     10.14000000 -0.233053935210718E+005  0.306533953039322E+002 
     10.16000000 -0.233053840146866E+005  0.306629016891900E+002 
     10.18000000 -0.233053748510323E+005  0.306720653434449E+002 
     10.20000000 -0.233053660176638E+005  0.306808987120058E+002 
     10.22000000 -0.233053575023135E+005  0.306894140622578E+002 
     10.24000000 -0.233053492929508E+005  0.306976234249397E+002 
     10.26000000 -0.233053413778269E+005  0.307055385488234E+002 
     10.28000000 -0.233053337455093E+005  0.307131708664552E+002 
     10.30000000 -0.233053263849075E+005  0.307205314682196E+002 
     10.32000000 -0.233053192852924E+005  0.307276310833167E+002 
     10.34000000 -0.233053124363095E+005  0.307344800662961E+002 
     10.36000000 -0.233053058279876E+005  0.307410883881224E+002 
     10.38000000 -0.233052994507443E+005  0.307474656314420E+002 
     10.40000000 -0.233052932953860E+005  0.307536209897637E+002 
     10.42000000 -0.233052873531055E+005  0.307595632702827E+002 
     10.44000000 -0.233052816154764E+005  0.307653008993780E+002 
     10.46000000 -0.233052760744450E+005  0.307708419307456E+002 
     10.48000000 -0.233052707223214E+005  0.307761940543943E+002 
     10.50000000 -0.233052655517694E+005  0.307813646063229E+002 
     10.52000000 -0.233052605557992E+005  0.307863605765474E+002 
     10.54000000 -0.233052557277601E+005  0.307911886156412E+002 
     10.56000000 -0.233052510613371E+005  0.307958550386795E+002 
     10.58000000 -0.233052465505494E+005  0.308003658263589E+002 
     10.60000000 -0.233052421897513E+005  0.308047266244469E+002 
     10.62000000 -0.233052379736340E+005  0.308089427417216E+002 
     10.64000000 -0.233052338972272E+005  0.308130191485670E+002 
     10.66000000 -0.233052299558984E+005  0.308169604773507E+002 
     10.68000000 -0.233052261453494E+005  0.308207710263990E+002 
     10.70000000 -0.233052224616067E+005  0.308244547690303E+002 
     10.72000000 -0.233052189010076E+005  0.308280153681471E+002 
     10.74000000 -0.233052154601787E+005  0.308314561970438E+002 
     10.76000000 -0.233052121360096E+005  0.308347803661629E+002 
     10.78000000 -0.233052089256210E+005  0.308379907547144E+002 
     10.80000000 -0.233052058263298E+005  0.308410900459119E+002 
     10.82000000 -0.233052028356117E+005  0.308440807640454E+002 
     10.84000000 -0.233051999510640E+005  0.308469653117597E+002 
     10.86000000 -0.233051971703705E+005  0.308497460052770E+002 
     10.88000000 -0.233051944912696E+005  0.308524251061751E+002 
     10.90000000 -0.233051919115278E+005  0.308550048479696E+002 
     10.92000000 -0.233051894289190E+005  0.308574874567453E+002 
     10.94000000 -0.233051870412110E+005  0.308598751647250E+002 
     10.96000000 -0.233051847461586E+005  0.308621702171303E+002 
     10.98000000 -0.233051825415037E+005  0.308643748720740E+002 
     11.00000000 -0.233051804249811E+005  0.308664913946387E+002 
     11.02000000 -0.233051783943297E+005  0.308685220460523E+002 
     11.04000000 -0.233051764473064E+005  0.308704690693804E+002 
     11.06000000 -0.233051745817023E+005  0.308723346734766E+002 
     11.08000000 -0.233051727953592E+005  0.308741210165869E+002 
     11.10000000 -0.233051710861845E+005  0.308758301912929E+002 
     11.12000000 -0.233051694521634E+005  0.308774642123512E+002 
     11.14000000 -0.233051678913677E+005  0.308790250080775E+002 
     11.16000000 -0.233051664019595E+005  0.308805144162326E+002 
     11.18000000 -0.233051649821909E+005  0.308819341848232E+002 
     11.20000000 -0.233051636303985E+005  0.308832859772652E+002 
     11.22000000 -0.233051623449939E+005  0.308845713818781E+002 
     11.24000000 -0.233051611244509E+005  0.308857919248593E+002 
     11.26000000 -0.233051599672902E+005  0.308869490855506E+002 
     11.28000000 -0.233051588720623E+005  0.308880443134226E+002 
     11.30000000 -0.233051578373305E+005  0.308890790452868E+002 
     11.32000000 -0.233051568616537E+005  0.308900547220536E+002 
     11.34000000 -0.233051559435716E+005  0.308909728041262E+002 
     11.36000000 -0.233051550815912E+005  0.308918347845791E+002 
     11.38000000 -0.233051542741759E+005  0.308926421998275E+002 
     11.40000000 -0.233051535197382E+005  0.308933966375166E+002 
     11.42000000 -0.233051528166347E+005  0.308940997410623E+002 
     11.44000000 -0.233051521631641E+005  0.308947532116810E+002 
     11.46000000 -0.233051515575685E+005  0.308953588072974E+002 
     11.48000000 -0.233051509980367E+005  0.308959183390459E+002 
     11.50000000 -0.233051504827099E+005  0.308964336658689E+002 
     11.52000000 -0.233051500096883E+005  0.308969066874355E+002 
     11.54000000 -0.233051495770399E+005  0.308973393358142E+002 
     11.56000000 -0.233051491828090E+005  0.308977335667577E+002 
     11.58000000 -0.233051488250253E+005  0.308980913504410E+002 
     11.60000000 -0.233051485017132E+005  0.308984146625829E+002 
     11.62000000 -0.233051482108999E+005  0.308987054758826E+002 
     11.64000000 -0.233051479506238E+005  0.308989657519833E+002 
     11.66000000 -0.233051477189415E+005  0.308991974342260E+002 
     11.68000000 -0.233051475139348E+005  0.308994024410026E+002 
     11.70000000 -0.233051473337159E+005  0.308995826598679E+002 
     11.72000000 -0.233051471764336E+005  0.308997399421385E+002 
     11.74000000 -0.233051470402779E+005  0.308998760978815E+002 
     11.76000000 -0.233051469234843E+005  0.308999928914068E+002 
     11.78000000 -0.233051468243387E+005  0.309000920370103E+002 
     11.80000000 -0.233051467411808E+005  0.309001751949744E+002 
     11.82000000 -0.233051466724076E+005  0.309002439681333E+002 
     11.84000000 -0.233051466164769E+005  0.309002998988856E+002 
     11.86000000 -0.233051465719085E+005  0.309003444672477E+002 
     11.88000000 -0.233051465372859E+005  0.309003790898485E+002 
     11.90000000 -0.233051465112554E+005  0.309004051203813E+002 
     11.92000000 -0.233051464925238E+005  0.309004238519117E+002 
     11.94000000 -0.233051464798549E+005  0.309004365209018E+002 
     11.96000000 -0.233051464720624E+005  0.309004443133142E+002 
     11.98000000 -0.233051464680030E+005  0.309004483727298E+002 
     12.00000000 -0.233051464665655E+005  0.309004498102343E+002 
     12.02000000 -0.233051464661468E+005  0.309004502289127E+002 
     12.04000000 -0.233051464657315E+005  0.309004506443089E+002 
     12.06000000 -0.233051464653163E+005  0.309004510594390E+002 
     12.08000000 -0.233051464649023E+005  0.309004514734894E+002 
     12.10000000 -0.233051464644902E+005  0.309004518855259E+002 
     12.12000000 -0.233051464640811E+005  0.309004522947009E+002 
     12.14000000 -0.233051464636756E+005  0.309004527001574E+002 
     12.16000000 -0.233051464632746E+005  0.309004531011993E+002 
     12.18000000 -0.233051464628785E+005  0.309004534972637E+002 
     12.20000000 -0.233051464624877E+005  0.309004538880103E+002 
     12.22000000 -0.233051464621024E+005  0.309004542733771E+002 
     12.24000000 -0.233051464617222E+005  0.309004546535343E+002 
     12.26000000 -0.233051464613468E+005  0.309004550289769E+002 
     12.28000000 -0.233051464609753E+005  0.309004554004319E+002 
     12.30000000 -0.233051464606069E+005  0.309004557688211E+002 
     12.32000000 -0.233051464602406E+005  0.309004561351625E+002 
     12.34000000 -0.233051464598752E+005  0.309004565005200E+002 
     12.36000000 -0.233051464595100E+005  0.309004568657662E+002 
     12.38000000 -0.233051464591442E+005  0.309004572315909E+002 
     12.40000000 -0.233051464587774E+005  0.309004575983374E+002 
     12.42000000 -0.233051464584098E+005  0.309004579659347E+002 
     12.44000000 -0.233051464580418E+005  0.309004583340023E+002 
     12.46000000 -0.233051464576739E+005  0.309004587018223E+002 
     12.48000000 -0.233051464573072E+005  0.309004590685596E+002 
     12.50000000 -0.233051464569425E+005  0.309004594332613E+002 
     12.52000000 -0.233051464565806E+005  0.309004597951169E+002 
     12.54000000 -0.233051464562223E+005  0.309004601534768E+002 
     12.56000000 -0.233051464558677E+005  0.309004605080409E+002 
     12.58000000 -0.233051464555170E+005  0.309004608587534E+002 
     12.60000000 -0.233051464551699E+005  0.309004612059053E+002 
     12.62000000 -0.233051464548258E+005  0.309004615499914E+002 
     12.64000000 -0.233051464544841E+005  0.309004618916707E+002 
     12.66000000 -0.233051464541442E+005  0.309004622315805E+002 
     12.68000000 -0.233051464538054E+005  0.309004625703395E+002 
     12.70000000 -0.233051464534674E+005  0.309004629083684E+002 
     12.72000000 -0.233051464531299E+005  0.309004632458868E+002 
     12.74000000 -0.233051464527929E+005  0.309004635829010E+002 
     12.76000000 -0.233051464524566E+005  0.309004639191790E+002 
     12.78000000 -0.233051464521214E+005  0.309004642544051E+002 
     12.80000000 -0.233051464517876E+005  0.309004645881741E+002 
     12.82000000 -0.233051464514557E+005  0.309004649200468E+002 
     12.84000000 -0.233051464511260E+005  0.309004652497354E+002 
     12.86000000 -0.233051464507987E+005  0.309004655770946E+002 
     12.88000000 -0.233051464504736E+005  0.309004659021521E+002 
     12.90000000 -0.233051464501507E+005  0.309004662250967E+002 
     12.92000000 -0.233051464498295E+005  0.309004665462966E+002 
     12.94000000 -0.233051464495096E+005  0.309004668661538E+002 
     12.96000000 -0.233051464491907E+005  0.309004671850675E+002 
     12.98000000 -0.233051464488724E+005  0.309004675033501E+002 
     13.00000000 -0.233051464485546E+005  0.309004678211717E+002 
     13.02000000 -0.233051464482372E+005  0.309004681385232E+002 
     13.04000000 -0.233051464479206E+005  0.309004684551816E+002 
     13.06000000 -0.233051464476049E+005  0.309004687708564E+002 
     13.08000000 -0.233051464472907E+005  0.309004690851018E+002 
     13.10000000 -0.233051464469782E+005  0.309004693975159E+002 
     13.12000000 -0.233051464466680E+005  0.309004697077398E+002 
     13.14000000 -0.233051464463602E+005  0.309004700155320E+002 
     13.16000000 -0.233051464460550E+005  0.309004703207721E+002 
     13.18000000 -0.233051464457523E+005  0.309004706234755E+002 
     13.20000000 -0.233051464454520E+005  0.309004709237163E+002 
     13.22000000 -0.233051464451541E+005  0.309004712216710E+002 
     13.24000000 -0.233051464448582E+005  0.309004715175438E+002 
     13.26000000 -0.233051464445643E+005  0.309004718114645E+002 
     13.28000000 -0.233051464442721E+005  0.309004721036280E+002 
     13.30000000 -0.233051464439816E+005  0.309004723941705E+002 
     13.32000000 -0.233051464436925E+005  0.309004726832776E+002 
     13.34000000 -0.233051464434046E+005  0.309004729711596E+002 
     13.36000000 -0.233051464431176E+005  0.309004732581259E+002 
     13.38000000 -0.233051464428312E+005  0.309004735445540E+002 
     13.40000000 -0.233051464425449E+005  0.309004738308676E+002 
     13.42000000 -0.233051464422582E+005  0.309004741175833E+002 
     13.44000000 -0.233051464419706E+005  0.309004744051745E+002 
     13.46000000 -0.233051464416817E+005  0.309004746940929E+002 
     13.48000000 -0.233051464413911E+005  0.309004749846694E+002 
     13.50000000 -0.233051464410986E+005  0.309004752771485E+002 
     13.52000000 -0.233051464408041E+005  0.309004755716199E+002 
     13.54000000 -0.233051464405077E+005  0.309004758680154E+002 
     13.56000000 -0.233051464402096E+005  0.309004761661928E+002 
     13.58000000 -0.233051464399099E+005  0.309004764658243E+002 
     13.60000000 -0.233051464396092E+005  0.309004767665570E+002 
     13.62000000 -0.233051464393078E+005  0.309004770679147E+002 
     13.64000000 -0.233051464390063E+005  0.309004773694641E+002 
     13.66000000 -0.233051464387050E+005  0.309004776707227E+002 
     13.68000000 -0.233051464384045E+005  0.309004779712699E+002 
     13.70000000 -0.233051464381050E+005  0.309004782707250E+002 
     13.72000000 -0.233051464378069E+005  0.309004785688622E+002 
     13.74000000 -0.233051464375103E+005  0.309004788654805E+002 
     13.76000000 -0.233051464372152E+005  0.309004791605396E+002 
     13.78000000 -0.233051464369217E+005  0.309004794540519E+002 
     13.80000000 -0.233051464366297E+005  0.309004797460732E+002 
     13.82000000 -0.233051464363390E+005  0.309004800367147E+002 
     13.84000000 -0.233051464360497E+005  0.309004803261064E+002 
     13.86000000 -0.233051464357615E+005  0.309004806142977E+002 
     13.88000000 -0.233051464354744E+005  0.309004809013878E+002 
     13.90000000 -0.233051464351883E+005  0.309004811874199E+002 
     13.92000000 -0.233051464349033E+005  0.309004814724311E+002 
     13.94000000 -0.233051464346193E+005  0.309004817564863E+002 
     13.96000000 -0.233051464343361E+005  0.309004820396537E+002 
     13.98000000 -0.233051464340537E+005  0.309004823220447E+002 
     14.00000000 -0.233051464337720E+005  0.309004826037798E+002 
     14.02000000 -0.233051464334908E+005  0.309004828849425E+002 
     14.04000000 -0.233051464332101E+005  0.309004831656103E+002 
     14.06000000 -0.233051464329300E+005  0.309004834457337E+002 
     14.08000000 -0.233051464326505E+005  0.309004837252321E+002 
     14.10000000 -0.233051464323719E+005  0.309004840038798E+002 
     14.12000000 -0.233051464320943E+005  0.309004842814107E+002 
     14.14000000 -0.233051464318182E+005  0.309004845575495E+002 
     14.16000000 -0.233051464315437E+005  0.309004848320611E+002 
     14.18000000 -0.233051464312709E+005  0.309004851048094E+002 
     14.20000000 -0.233051464309999E+005  0.309004853758159E+002 
     14.22000000 -0.233051464307305E+005  0.309004856452572E+002 
     14.24000000 -0.233051464304623E+005  0.309004859134578E+002 
     14.26000000 -0.233051464301949E+005  0.309004861808171E+002 
     14.28000000 -0.233051464299280E+005  0.309004864477803E+002 
     14.30000000 -0.233051464296610E+005  0.309004867147436E+002 
     14.32000000 -0.233051464293938E+005  0.309004869819791E+002 
     14.34000000 -0.233051464291261E+005  0.309004872496508E+002 
     14.36000000 -0.233051464288580E+005  0.309004875177308E+002 
     14.38000000 -0.233051464285897E+005  0.309004877860646E+002 
     14.40000000 -0.233051464283213E+005  0.309004880544106E+002 
     14.42000000 -0.233051464280532E+005  0.309004883225278E+002 
     14.44000000 -0.233051464277856E+005  0.309004885901871E+002 
     14.46000000 -0.233051464275185E+005  0.309004888572494E+002 
     14.48000000 -0.233051464272520E+005  0.309004891237362E+002 
     14.50000000 -0.233051464269860E+005  0.309004893897962E+002 
     14.52000000 -0.233051464267201E+005  0.309004896556952E+002 
     14.54000000 -0.233051464264540E+005  0.309004899217583E+002 
     14.56000000 -0.233051464261874E+005  0.309004901883256E+002 
     14.58000000 -0.233051464259201E+005  0.309004904556662E+002 
     14.60000000 -0.233051464256518E+005  0.309004907239319E+002 
     14.62000000 -0.233051464253826E+005  0.309004909931658E+002 
     14.64000000 -0.233051464251125E+005  0.309004912632134E+002 
     14.66000000 -0.233051464248419E+005  0.309004915338518E+002 
     14.68000000 -0.233051464245710E+005  0.309004918047532E+002 
     14.70000000 -0.233051464243002E+005  0.309004920755556E+002 
     14.72000000 -0.233051464240299E+005  0.309004923459032E+002 
     14.74000000 -0.233051464237603E+005  0.309004926154775E+002 
     14.76000000 -0.233051464234917E+005  0.309004928840154E+002 
     14.78000000 -0.233051464232244E+005  0.309004931513344E+002 
     14.80000000 -0.233051464229584E+005  0.309004934173170E+002 
     14.82000000 -0.233051464226938E+005  0.309004936819601E+002 
     14.84000000 -0.233051464224304E+005  0.309004939453286E+002 
     14.86000000 -0.233051464221682E+005  0.309004942075711E+002 
     14.88000000 -0.233051464219069E+005  0.309004944688731E+002 
     14.90000000 -0.233051464216463E+005  0.309004947294760E+002 
     14.92000000 -0.233051464213862E+005  0.309004949896055E+002 
     14.94000000 -0.233051464211263E+005  0.309004952494288E+002 
     14.96000000 -0.233051464208666E+005  0.309004955091129E+002 
     14.98000000 -0.233051464206071E+005  0.309004957687010E+002 
     15.00000000 -0.233051464203476E+005  0.309004960281840E+002 
     15.02000000 -0.233051464200882E+005  0.309004962875185E+002 
     15.04000000 -0.233051464198292E+005  0.309004965465746E+002 
     15.06000000 -0.233051464195705E+005  0.309004968052347E+002 
     15.08000000 -0.233051464193124E+005  0.309004970633565E+002 
     15.10000000 -0.233051464190549E+005  0.309004973208102E+002 
     15.12000000 -0.233051464187982E+005  0.309004975775275E+002 
     15.14000000 -0.233051464185423E+005  0.309004978334962E+002 
     15.16000000 -0.233051464182871E+005  0.309004980886977E+002 
     15.18000000 -0.233051464180325E+005  0.309004983433052E+002 
     15.20000000 -0.233051464177783E+005  0.309004985974270E+002 
     15.22000000 -0.233051464175245E+005  0.309004988512952E+002 
     15.24000000 -0.233051464172707E+005  0.309004991051045E+002 
     15.26000000 -0.233051464170168E+005  0.309004993589727E+002 
     15.28000000 -0.233051464167628E+005  0.309004996130017E+002 
     15.30000000 -0.233051464165086E+005  0.309004998671576E+002 
     15.32000000 -0.233051464162544E+005  0.309005001213289E+002 
     15.34000000 -0.233051464160004E+005  0.309005003753301E+002 
     15.36000000 -0.233051464157468E+005  0.309005006289631E+002 
     15.38000000 -0.233051464154937E+005  0.309005008820207E+002 
     15.40000000 -0.233051464152414E+005  0.309005011343235E+002 
     15.42000000 -0.233051464149900E+005  0.309005013857632E+002 
     15.44000000 -0.233051464147394E+005  0.309005016363089E+002 
     15.46000000 -0.233051464144898E+005  0.309005018859945E+002 
     15.48000000 -0.233051464142408E+005  0.309005021349222E+002 
     15.50000000 -0.233051464139925E+005  0.309005023832189E+002 
     15.52000000 -0.233051464137447E+005  0.309005026310607E+002 
     15.54000000 -0.233051464134971E+005  0.309005028786304E+002 
     15.56000000 -0.233051464132496E+005  0.309005031261288E+002 
     15.58000000 -0.233051464130021E+005  0.309005033737078E+002 
     15.60000000 -0.233051464127542E+005  0.309005036215094E+002 
     15.62000000 -0.233051464125061E+005  0.309005038696514E+002 
     15.64000000 -0.233051464122575E+005  0.309005041182078E+002 
     15.66000000 -0.233051464120086E+005  0.309005043671727E+002 
     15.68000000 -0.233051464117592E+005  0.309005046165830E+002 
     15.70000000 -0.233051464115094E+005  0.309005048663676E+002 
     15.72000000 -0.233051464112593E+005  0.309005051164492E+002 
     15.74000000 -0.233051464110090E+005  0.309005053667196E+002 
     15.76000000 -0.233051464107587E+005  0.309005056170703E+002 
     15.78000000 -0.233051464105085E+005  0.309005058672880E+002 
     15.80000000 -0.233051464102586E+005  0.309005061171964E+002 
     15.82000000 -0.233051464100092E+005  0.309005063665263E+002 
     15.84000000 -0.233051464097608E+005  0.309005066149962E+002 
     15.86000000 -0.233051464095135E+005  0.309005068622781E+002 
     15.88000000 -0.233051464092677E+005  0.309005071080318E+002 
     15.90000000 -0.233051464090238E+005  0.309005073519603E+002 
     15.92000000 -0.233051464087820E+005  0.309005075937666E+002 
     15.94000000 -0.233051464085425E+005  0.309005078332589E+002 
     15.96000000 -0.233051464083054E+005  0.309005080703320E+002 
     15.98000000 -0.233051464080707E+005  0.309005083050355E+002 
     16.00000000 -0.233051464078382E+005  0.309005085375487E+002 
     16.02000000 -0.233051464076075E+005  0.309005087682366E+002 
     16.04000000 -0.233051464073781E+005  0.309005089976253E+002 
     16.06000000 -0.233051464071494E+005  0.309005092263210E+002 
     16.08000000 -0.233051464069207E+005  0.309005094550230E+002 
     16.10000000 -0.233051464066914E+005  0.309005096843529E+002 
     16.12000000 -0.233051464064609E+005  0.309005099148243E+002 
     16.14000000 -0.233051464062289E+005  0.309005101468332E+002 
     16.16000000 -0.233051464059953E+005  0.309005103804725E+002 
     16.18000000 -0.233051464057601E+005  0.309005106156276E+002 
     16.20000000 -0.233051464055238E+005  0.309005108519954E+002 
     16.22000000 -0.233051464052867E+005  0.309005110890747E+002 
     16.24000000 -0.233051464050494E+005  0.309005113263273E+002 
     16.26000000 -0.233051464048126E+005  0.309005115631715E+002 
     16.28000000 -0.233051464045766E+005  0.309005117991216E+002 
     16.30000000 -0.233051464043420E+005  0.309005120337911E+002 
     16.32000000 -0.233051464041088E+005  0.309005122669106E+002 
     16.34000000 -0.233051464038774E+005  0.309005124983967E+002 
     16.36000000 -0.233051464036475E+005  0.309005127282371E+002 
     16.38000000 -0.233051464034192E+005  0.309005129565244E+002 
     16.40000000 -0.233051464031924E+005  0.309005131833888E+002 
     16.42000000 -0.233051464029668E+005  0.309005134089940E+002 
     16.44000000 -0.233051464027423E+005  0.309005136334608E+002 
     16.46000000 -0.233051464025189E+005  0.309005138568665E+002 
     16.48000000 -0.233051464022965E+005  0.309005140792699E+002 
     16.50000000 -0.233051464020750E+005  0.309005143007236E+002 
     16.52000000 -0.233051464018545E+005  0.309005145212801E+002 
     16.54000000 -0.233051464016347E+005  0.309005147410323E+002 
     16.56000000 -0.233051464014156E+005  0.309005149601719E+002 
     16.58000000 -0.233051464011968E+005  0.309005151789682E+002 
     16.60000000 -0.233051464009779E+005  0.309005153978480E+002 
     16.62000000 -0.233051464007585E+005  0.309005156172506E+002 
     16.64000000 -0.233051464005381E+005  0.309005158376896E+002 
     16.66000000 -0.233051464003162E+005  0.309005160595733E+002 
     16.68000000 -0.233051464000925E+005  0.309005162832327E+002 
     16.70000000 -0.233051463998670E+005  0.309005165087915E+002 
     16.72000000 -0.233051463996396E+005  0.309005167361879E+002 
     16.74000000 -0.233051463994106E+005  0.309005169651435E+002 
     16.76000000 -0.233051463991804E+005  0.309005171953118E+002 
     16.78000000 -0.233051463989496E+005  0.309005174261699E+002 
     16.80000000 -0.233051463987184E+005  0.309005176573931E+002 
     16.82000000 -0.233051463984871E+005  0.309005178886627E+002 
     16.84000000 -0.233051463982558E+005  0.309005181199075E+002 
     16.86000000 -0.233051463980245E+005  0.309005183512142E+002 
     16.88000000 -0.233051463977929E+005  0.309005185828736E+002 
     16.90000000 -0.233051463975605E+005  0.309005188152692E+002 
     16.92000000 -0.233051463973269E+005  0.309005190488064E+002 
     16.94000000 -0.233051463970919E+005  0.309005192838315E+002 
     16.96000000 -0.233051463968553E+005  0.309005195204870E+002 
     16.98000000 -0.233051463966170E+005  0.309005197587605E+002 
     17.00000000 -0.233051463963774E+005  0.309005199983487E+002 
     17.02000000 -0.233051463961370E+005  0.309005202387907E+002 
     17.04000000 -0.233051463958963E+005  0.309005204794648E+002 
     17.06000000 -0.233051463956560E+005  0.309005207197150E+002 
     17.08000000 -0.233051463954169E+005  0.309005209589010E+002 
     17.10000000 -0.233051463951792E+005  0.309005211965929E+002 
     17.12000000 -0.233051463949433E+005  0.309005214324997E+002 
     17.14000000 -0.233051463947092E+005  0.309005216666030E+002 
     17.16000000 -0.233051463944767E+005  0.309005218990327E+002 
     17.18000000 -0.233051463942456E+005  0.309005221301661E+002 
     17.20000000 -0.233051463940154E+005  0.309005223603870E+002 
     17.22000000 -0.233051463937856E+005  0.309005225901191E+002 
     17.24000000 -0.233051463935560E+005  0.309005228197336E+002 
     17.26000000 -0.233051463933263E+005  0.309005230494378E+002 
     17.28000000 -0.233051463930964E+005  0.309005232793338E+002 
     17.30000000 -0.233051463928664E+005  0.309005235093351E+002 
     17.32000000 -0.233051463926365E+005  0.309005237392713E+002 
     17.34000000 -0.233051463924069E+005  0.309005239688765E+002 
     17.36000000 -0.233051463921779E+005  0.309005241978507E+002 
     17.38000000 -0.233051463919498E+005  0.309005244259370E+002 
     17.40000000 -0.233051463917228E+005  0.309005246529189E+002 
     17.42000000 -0.233051463914971E+005  0.309005248786571E+002 
     17.44000000 -0.233051463912726E+005  0.309005251031363E+002 
     17.46000000 -0.233051463910493E+005  0.309005253264554E+002 
     17.48000000 -0.233051463908270E+005  0.309005255487845E+002 
     17.50000000 -0.233051463906053E+005  0.309005257704393E+002 
     17.52000000 -0.233051463903840E+005  0.309005259917723E+002 
     17.54000000 -0.233051463901626E+005  0.309005262131919E+002 
     17.56000000 -0.233051463899406E+005  0.309005264351313E+002 
     17.58000000 -0.233051463897178E+005  0.309005266579925E+002 
     17.60000000 -0.233051463894936E+005  0.309005268821747E+002 
     17.62000000 -0.233051463892678E+005  0.309005271079903E+002 
     17.64000000 -0.233051463890401E+005  0.309005273356930E+002 
     17.66000000 -0.233051463888104E+005  0.309005275653570E+002 
     17.68000000 -0.233051463885787E+005  0.309005277970411E+002 
     17.70000000 -0.233051463883452E+005  0.309005280305628E+002 
     17.72000000 -0.233051463881101E+005  0.309005282656375E+002 
     17.74000000 -0.233051463878739E+005  0.309005285018599E+002 
     17.76000000 -0.233051463876371E+005  0.309005287387072E+002 
     17.78000000 -0.233051463874002E+005  0.309005289755885E+002 
     17.80000000 -0.233051463871638E+005  0.309005292119346E+002 
     17.82000000 -0.233051463869285E+005  0.309005294472228E+002 
     17.84000000 -0.233051463866948E+005  0.309005296809858E+002 
     17.86000000 -0.233051463864628E+005  0.309005299129576E+002 
     17.88000000 -0.233051463862328E+005  0.309005301429990E+002 
     17.90000000 -0.233051463860046E+005  0.309005303711132E+002 
     17.92000000 -0.233051463857783E+005  0.309005305974640E+002 
     17.94000000 -0.233051463855534E+005  0.309005308223329E+002 
     17.96000000 -0.233051463853298E+005  0.309005310460047E+002 
     17.98000000 -0.233051463851069E+005  0.309005312688628E+002 
     18.00000000 -0.233051463848846E+005  0.309005314911858E+002 
     18.02000000 -0.233051463846626E+005  0.309005317131994E+002 
     18.04000000 -0.233051463844407E+005  0.309005319350676E+002 
     18.06000000 -0.233051463842189E+005  0.309005321568182E+002 
     18.08000000 -0.233051463839974E+005  0.309005323783802E+002 
     18.10000000 -0.233051463837761E+005  0.309005325996977E+002 
     18.12000000 -0.233051463835551E+005  0.309005328206471E+002 
     18.14000000 -0.233051463833346E+005  0.309005330411077E+002 
     18.16000000 -0.233051463831147E+005  0.309005332610579E+002 
     18.18000000 -0.233051463828953E+005  0.309005334804884E+002 
     18.20000000 -0.233051463826762E+005  0.309005336995290E+002 
     18.22000000 -0.233051463824574E+005  0.309005339183253E+002 
     18.24000000 -0.233051463822387E+005  0.309005341370814E+002 
     18.26000000 -0.233051463820198E+005  0.309005343559983E+002 
     18.28000000 -0.233051463818005E+005  0.309005345752586E+002 
     18.30000000 -0.233051463815808E+005  0.309005347949273E+002 
     18.32000000 -0.233051463813608E+005  0.309005350150074E+002 
     18.34000000 -0.233051463811403E+005  0.309005352354154E+002 
     18.36000000 -0.233051463809198E+005  0.309005354559751E+002 
     18.38000000 -0.233051463806993E+005  0.309005356764759E+002 
     18.40000000 -0.233051463804791E+005  0.309005358966797E+002 
     18.42000000 -0.233051463802593E+005  0.309005361164536E+002 
     18.44000000 -0.233051463800400E+005  0.309005363357634E+002 
     18.46000000 -0.233051463798210E+005  0.309005365547329E+002 
     18.48000000 -0.233051463796022E+005  0.309005367736035E+002 
     18.50000000 -0.233051463793830E+005  0.309005369927307E+002 
     18.52000000 -0.233051463791633E+005  0.309005372124953E+002 
     18.54000000 -0.233051463789425E+005  0.309005374332220E+002 
     18.56000000 -0.233051463787206E+005  0.309005376551180E+002 
     18.58000000 -0.233051463784976E+005  0.309005378781803E+002 
     18.60000000 -0.233051463782735E+005  0.309005381022079E+002 
     18.62000000 -0.233051463780490E+005  0.309005383267984E+002 
     18.64000000 -0.233051463778244E+005  0.309005385513580E+002 
     18.66000000 -0.233051463776005E+005  0.309005387752154E+002 
     18.68000000 -0.233051463773781E+005  0.309005389977054E+002 
     18.70000000 -0.233051463771575E+005  0.309005392182155E+002 
     18.72000000 -0.233051463769395E+005  0.309005394363003E+002 
     18.74000000 -0.233051463767241E+005  0.309005396516503E+002 
     18.76000000 -0.233051463765115E+005  0.309005398642471E+002 
     18.78000000 -0.233051463763015E+005  0.309005400742761E+002 
     18.80000000 -0.233051463760937E+005  0.309005402821026E+002 
     18.82000000 -0.233051463758875E+005  0.309005404882926E+002 
     18.84000000 -0.233051463756822E+005  0.309005406935699E+002 
     18.86000000 -0.233051463754771E+005  0.309005408986740E+002 
     18.88000000 -0.233051463752713E+005  0.309005411044432E+002 
     18.90000000 -0.233051463750641E+005  0.309005413116139E+002 
     18.92000000 -0.233051463748549E+005  0.309005415208108E+002 
     18.94000000 -0.233051463746432E+005  0.309005417325135E+002 
     18.96000000 -0.233051463744288E+005  0.309005419469416E+002 
     18.98000000 -0.233051463742116E+005  0.309005421641726E+002 
     19.00000000 -0.233051463739918E+005  0.309005423839340E+002 
     19.02000000 -0.233051463737699E+005  0.309005426058208E+002 
     19.04000000 -0.233051463735465E+005  0.309005428292234E+002 
     19.06000000 -0.233051463733223E+005  0.309005430534427E+002 
     19.08000000 -0.233051463730980E+005  0.309005432777796E+002 
     19.10000000 -0.233051463728742E+005  0.309005435015875E+002 
     19.12000000 -0.233051463726514E+005  0.309005437243466E+002 
     19.14000000 -0.233051463724300E+005  0.309005439457415E+002 
     19.16000000 -0.233051463722101E+005  0.309005441656669E+002 
     19.18000000 -0.233051463719915E+005  0.309005443842529E+002 
     19.20000000 -0.233051463717739E+005  0.309005446018303E+002 
     19.22000000 -0.233051463715569E+005  0.309005448188694E+002 
     19.24000000 -0.233051463713398E+005  0.309005450359456E+002 
     19.26000000 -0.233051463711222E+005  0.309005452535911E+002 
     19.28000000 -0.233051463709035E+005  0.309005454722636E+002 
     19.30000000 -0.233051463706835E+005  0.309005456922974E+002 
     19.32000000 -0.233051463704620E+005  0.309005459137943E+002 
     19.34000000 -0.233051463702391E+005  0.309005461366648E+002 
     19.36000000 -0.233051463700151E+005  0.309005463606831E+002 
     19.38000000 -0.233051463697903E+005  0.309005465854438E+002 
     19.40000000 -0.233051463695652E+005  0.309005468105262E+002 
     19.42000000 -0.233051463693402E+005  0.309005470355653E+002 
     19.44000000 -0.233051463691155E+005  0.309005472602425E+002 
     19.46000000 -0.233051463688913E+005  0.309005474844370E+002 
     19.48000000 -0.233051463686676E+005  0.309005477081336E+002 
     19.50000000 -0.233051463684442E+005  0.309005479315083E+002 
     19.52000000 -0.233051463682209E+005  0.309005481548522E+002 
     19.54000000 -0.233051463679972E+005  0.309005483785239E+002 
     19.56000000 -0.233051463677728E+005  0.309005486029319E+002 
     19.58000000 -0.233051463675473E+005  0.309005488284165E+002 
     19.60000000 -0.233051463673204E+005  0.309005490553365E+002 
     19.62000000 -0.233051463670919E+005  0.309005492838528E+002 
     19.64000000 -0.233051463668617E+005  0.309005495140397E+002 
     19.66000000 -0.233051463666300E+005  0.309005497457423E+002 
     19.68000000 -0.233051463663971E+005  0.309005499786453E+002 
     19.70000000 -0.233051463661635E+005  0.309005502122227E+002 
     19.72000000 -0.233051463659300E+005  0.309005504457568E+002 
     19.74000000 -0.233051463656974E+005  0.309005506783721E+002 
     19.76000000 -0.233051463654665E+005  0.309005509092333E+002 
     19.78000000 -0.233051463652383E+005  0.309005511374805E+002 
     19.80000000 -0.233051463650133E+005  0.309005513624329E+002 
     19.82000000 -0.233051463647921E+005  0.309005515836639E+002 
     19.84000000 -0.233051463645747E+005  0.309005518010093E+002 
     19.86000000 -0.233051463643611E+005  0.309005520146455E+002 
     19.88000000 -0.233051463641508E+005  0.309005522250025E+002 
     19.90000000 -0.233051463639431E+005  0.309005524326959E+002 
     19.92000000 -0.233051463637372E+005  0.309005526385270E+002 
     19.94000000 -0.233051463635325E+005  0.309005528432599E+002 
     19.96000000 -0.233051463633281E+005  0.309005530476215E+002 
     19.98000000 -0.233051463631235E+005  0.309005532522678E+002 
     20.00000000 -0.233051463629181E+005  0.309005534576194E+002 
     20.02000000 -0.233051463627117E+005  0.309005536640414E+002 
     20.04000000 -0.233051463625040E+005  0.309005538717131E+002 
     20.06000000 -0.233051463622951E+005  0.309005540806904E+002 
     20.08000000 -0.233051463620848E+005  0.309005542909608E+002 
     20.10000000 -0.233051463618734E+005  0.309005545024005E+002 
     20.12000000 -0.233051463616609E+005  0.309005547148890E+002 
     20.14000000 -0.233051463614475E+005  0.309005549282932E+002 
     20.16000000 -0.233051463612333E+005  0.309005551424182E+002 
     20.18000000 -0.233051463610186E+005  0.309005553571835E+002 
     20.20000000 -0.233051463608033E+005  0.309005555724376E+002 
     20.22000000 -0.233051463605876E+005  0.309005557881465E+002 
     20.24000000 -0.233051463603716E+005  0.309005560042050E+002 
     20.26000000 -0.233051463601552E+005  0.309005562205419E+002 
     20.28000000 -0.233051463599387E+005  0.309005564370365E+002 
     20.30000000 -0.233051463597222E+005  0.309005566535219E+002 
     20.32000000 -0.233051463595059E+005  0.309005568698279E+002 
     20.34000000 -0.233051463592900E+005  0.309005570857409E+002 
     20.36000000 -0.233051463590747E+005  0.309005573010477E+002 
     20.38000000 -0.233051463588602E+005  0.309005575155748E+002 
     20.40000000 -0.233051463586466E+005  0.309005577291646E+002 
     20.42000000 -0.233051463584340E+005  0.309005579417459E+002 
     20.44000000 -0.233051463582225E+005  0.309005581532784E+002 
     20.46000000 -0.233051463580120E+005  0.309005583637747E+002 
     20.48000000 -0.233051463578025E+005  0.309005585732747E+002 
     20.50000000 -0.233051463575939E+005  0.309005587818684E+002 
     20.52000000 -0.233051463573861E+005  0.309005589897041E+002 
     20.54000000 -0.233051463571788E+005  0.309005591969985E+002 
     20.56000000 -0.233051463569717E+005  0.309005594040175E+002 
     20.58000000 -0.233051463567646E+005  0.309005596111201E+002 
     20.60000000 -0.233051463565570E+005  0.309005598187424E+002 
     20.62000000 -0.233051463563485E+005  0.309005600272649E+002 
     20.64000000 -0.233051463561386E+005  0.309005602371176E+002 
     20.66000000 -0.233051463559272E+005  0.309005604485945E+002 
     20.68000000 -0.233051463557138E+005  0.309005606619152E+002 
     20.70000000 -0.233051463554986E+005  0.309005608771105E+002 
     20.72000000 -0.233051463552817E+005  0.309005610940816E+002 
     20.74000000 -0.233051463550632E+005  0.309005613125623E+002 
     20.76000000 -0.233051463548435E+005  0.309005615322093E+002 
     20.78000000 -0.233051463546232E+005  0.309005617525741E+002 
     20.80000000 -0.233051463544025E+005  0.309005619732729E+002 
     20.82000000 -0.233051463541818E+005  0.309005621939593E+002 
     20.84000000 -0.233051463539613E+005  0.309005624144354E+002 
     20.86000000 -0.233051463537411E+005  0.309005626346702E+002 
     20.88000000 -0.233051463535210E+005  0.309005628547287E+002 
     20.90000000 -0.233051463533009E+005  0.309005630748552E+002 
     20.92000000 -0.233051463530804E+005  0.309005632953591E+002 
     20.94000000 -0.233051463528593E+005  0.309005635164911E+002 
     20.96000000 -0.233051463526373E+005  0.309005637384799E+002 
     20.98000000 -0.233051463524144E+005  0.309005639613226E+002 
     21.00000000 -0.233051463521909E+005  0.309005641848861E+002 
     21.02000000 -0.233051463519669E+005  0.309005644088424E+002 
     21.04000000 -0.233051463517430E+005  0.309005646327245E+002 
     21.06000000 -0.233051463515197E+005  0.309005648560158E+002 
     21.08000000 -0.233051463512976E+005  0.309005650781377E+002 
     21.10000000 -0.233051463510772E+005  0.309005652986045E+002 
     21.12000000 -0.233051463508587E+005  0.309005655170357E+002 
     21.14000000 -0.233051463506426E+005  0.309005657331591E+002 
     21.16000000 -0.233051463504289E+005  0.309005659469005E+002 
     21.18000000 -0.233051463502175E+005  0.309005661582939E+002 
     21.20000000 -0.233051463500083E+005  0.309005663674598E+002 
     21.22000000 -0.233051463498011E+005  0.309005665746676E+002 
     21.24000000 -0.233051463495956E+005  0.309005667801862E+002 
     21.26000000 -0.233051463493914E+005  0.309005669843313E+002 
     21.28000000 -0.233051463491883E+005  0.309005671874370E+002 
     21.30000000 -0.233051463489859E+005  0.309005673898311E+002 
     21.32000000 -0.233051463487839E+005  0.309005675918293E+002 
     21.34000000 -0.233051463485820E+005  0.309005677937408E+002 
     21.36000000 -0.233051463483799E+005  0.309005679958998E+002 
     21.38000000 -0.233051463481771E+005  0.309005681986188E+002 
     21.40000000 -0.233051463479735E+005  0.309005684022225E+002 
     21.42000000 -0.233051463477687E+005  0.309005686070111E+002 
     21.44000000 -0.233051463475625E+005  0.309005688132227E+002 
     21.46000000 -0.233051463473548E+005  0.309005690209873E+002 
     21.48000000 -0.233051463471455E+005  0.309005692302801E+002 
     21.50000000 -0.233051463469348E+005  0.309005694409774E+002 
     21.52000000 -0.233051463467230E+005  0.309005696527884E+002 
     21.54000000 -0.233051463465105E+005  0.309005698652676E+002 
     21.56000000 -0.233051463462978E+005  0.309005700779200E+002 
     21.58000000 -0.233051463460855E+005  0.309005702902847E+002 
     21.60000000 -0.233051463458739E+005  0.309005705018452E+002 
     21.62000000 -0.233051463456635E+005  0.309005707122145E+002 
     21.64000000 -0.233051463454546E+005  0.309005709211237E+002 
     21.66000000 -0.233051463452474E+005  0.309005711283903E+002 
     21.68000000 -0.233051463450419E+005  0.309005713338687E+002 
     21.70000000 -0.233051463448382E+005  0.309005715375095E+002 
     21.72000000 -0.233051463446364E+005  0.309005717393097E+002 
     21.74000000 -0.233051463444366E+005  0.309005719392011E+002 
     21.76000000 -0.233051463442386E+005  0.309005721372024E+002 
     21.78000000 -0.233051463440424E+005  0.309005723333846E+002 
     21.80000000 -0.233051463438479E+005  0.309005725278407E+002 
     21.82000000 -0.233051463436549E+005  0.309005727208551E+002 
     21.84000000 -0.233051463434629E+005  0.309005729128362E+002 
     21.86000000 -0.233051463432714E+005  0.309005731043441E+002 
     21.88000000 -0.233051463430796E+005  0.309005732961180E+002 
     21.90000000 -0.233051463428869E+005  0.309005734888911E+002 
     21.92000000 -0.233051463426924E+005  0.309005736833780E+002 
     21.94000000 -0.233051463424956E+005  0.309005738801790E+002 
     21.96000000 -0.233051463422961E+005  0.309005740796404E+002 
     21.98000000 -0.233051463420939E+005  0.309005742818489E+002 
     22.00000000 -0.233051463418892E+005  0.309005744865323E+002 
     22.02000000 -0.233051463416826E+005  0.309005746931646E+002 
     22.04000000 -0.233051463414748E+005  0.309005749009354E+002 
     22.06000000 -0.233051463412668E+005  0.309005751089568E+002 
     22.08000000 -0.233051463410595E+005  0.309005753162604E+002 
     22.10000000 -0.233051463408537E+005  0.309005755220482E+002 
     22.12000000 -0.233051463406501E+005  0.309005757256457E+002 
     22.14000000 -0.233051463404490E+005  0.309005759267653E+002 
     22.16000000 -0.233051463402504E+005  0.309005761253729E+002 
     22.18000000 -0.233051463400539E+005  0.309005763218212E+002 
     22.20000000 -0.233051463398590E+005  0.309005765167784E+002 
     22.22000000 -0.233051463396647E+005  0.309005767110921E+002 
     22.24000000 -0.233051463394699E+005  0.309005769058327E+002 
     22.26000000 -0.233051463392737E+005  0.309005771020830E+002 
     22.28000000 -0.233051463390749E+005  0.309005773008824E+002 
     22.30000000 -0.233051463388727E+005  0.309005775030198E+002 
     22.32000000 -0.233051463386667E+005  0.309005777090675E+002 
     22.34000000 -0.233051463384565E+005  0.309005779192141E+002 
     22.36000000 -0.233051463382424E+005  0.309005781333205E+002 
     22.38000000 -0.233051463380249E+005  0.309005783508299E+002 
     22.40000000 -0.233051463378049E+005  0.309005785708914E+002 
     22.42000000 -0.233051463375834E+005  0.309005787924069E+002 
     22.44000000 -0.233051463373616E+005  0.309005790142040E+002 
     22.46000000 -0.233051463371407E+005  0.309005792350606E+002 
     22.48000000 -0.233051463369219E+005  0.309005794538878E+002 
     22.50000000 -0.233051463367059E+005  0.309005796698566E+002 
     22.52000000 -0.233051463364933E+005  0.309005798824162E+002 
     22.54000000 -0.233051463362844E+005  0.309005800913749E+002 
     22.56000000 -0.233051463360789E+005  0.309005802968317E+002 
     22.58000000 -0.233051463358766E+005  0.309005804992072E+002 
     22.60000000 -0.233051463356767E+005  0.309005806990956E+002 
     22.62000000 -0.233051463354786E+005  0.309005808971896E+002 
     22.64000000 -0.233051463352815E+005  0.309005810942505E+002 
     22.66000000 -0.233051463350848E+005  0.309005812909772E+002 
     22.68000000 -0.233051463348878E+005  0.309005814879854E+002 
     22.70000000 -0.233051463346899E+005  0.309005816858289E+002 
     22.72000000 -0.233051463344908E+005  0.309005818849407E+002 
     22.74000000 -0.233051463342901E+005  0.309005820856829E+002 
     22.76000000 -0.233051463340874E+005  0.309005822883554E+002 
     22.78000000 -0.233051463338826E+005  0.309005824931564E+002 
     22.80000000 -0.233051463336756E+005  0.309005827001692E+002 
     22.82000000 -0.233051463334664E+005  0.309005829094033E+002 
     22.84000000 -0.233051463332551E+005  0.309005831206605E+002 
     22.86000000 -0.233051463330422E+005  0.309005833335883E+002 
     22.88000000 -0.233051463328281E+005  0.309005835476483E+002 
     22.90000000 -0.233051463326136E+005  0.309005837621878E+002 
     22.92000000 -0.233051463323993E+005  0.309005839764180E+002 
     22.94000000 -0.233051463321862E+005  0.309005841895344E+002 
     22.96000000 -0.233051463319749E+005  0.309005844008319E+002 
     22.98000000 -0.233051463317661E+005  0.309005846097040E+002 
     23.00000000 -0.233051463315600E+005  0.309005848157949E+002 
     23.02000000 -0.233051463313567E+005  0.309005850190120E+002 
     23.04000000 -0.233051463311562E+005  0.309005852195159E+002 
     23.06000000 -0.233051463309581E+005  0.309005854176811E+002 
     23.08000000 -0.233051463307616E+005  0.309005856141109E+002 
     23.10000000 -0.233051463305663E+005  0.309005858094485E+002 
     23.12000000 -0.233051463303714E+005  0.309005860043624E+002 
     23.14000000 -0.233051463301763E+005  0.309005861994372E+002 
     23.16000000 -0.233051463299806E+005  0.309005863951739E+002 
     23.18000000 -0.233051463297839E+005  0.309005865918511E+002 
     23.20000000 -0.233051463295861E+005  0.309005867896420E+002 
     23.22000000 -0.233051463293872E+005  0.309005869885652E+002 
     23.24000000 -0.233051463291872E+005  0.309005871885525E+002 
     23.26000000 -0.233051463289863E+005  0.309005873894246E+002 
     23.28000000 -0.233051463287848E+005  0.309005875910051E+002 
     23.30000000 -0.233051463285827E+005  0.309005877930992E+002 
     23.32000000 -0.233051463283802E+005  0.309005879955242E+002 
     23.34000000 -0.233051463281777E+005  0.309005881980793E+002 
     23.36000000 -0.233051463279751E+005  0.309005884006281E+002 
     23.38000000 -0.233051463277727E+005  0.309005886030562E+002 
     23.40000000 -0.233051463275705E+005  0.309005888052586E+002 
     23.42000000 -0.233051463273685E+005  0.309005890072134E+002 
     23.44000000 -0.233051463271669E+005  0.309005892088898E+002 
     23.46000000 -0.233051463269654E+005  0.309005894103281E+002 
     23.48000000 -0.233051463267642E+005  0.309005896115776E+002 
     23.50000000 -0.233051463265630E+005  0.309005898127219E+002 
     23.52000000 -0.233051463263619E+005  0.309005900138322E+002 
     23.54000000 -0.233051463261608E+005  0.309005902149116E+002 
     23.56000000 -0.233051463259597E+005  0.309005904160219E+002 
     23.58000000 -0.233051463257587E+005  0.309005906170920E+002 
     23.60000000 -0.233051463255577E+005  0.309005908180631E+002 
     23.62000000 -0.233051463253569E+005  0.309005910188578E+002 
     23.64000000 -0.233051463251563E+005  0.309005912194391E+002 
     23.66000000 -0.233051463249560E+005  0.309005914197234E+002 
     23.68000000 -0.233051463247560E+005  0.309005916197479E+002 
     23.70000000 -0.233051463245562E+005  0.309005918195558E+002 
     23.72000000 -0.233051463243566E+005  0.309005920191967E+002 
     23.74000000 -0.233051463241570E+005  0.309005922187756E+002 
     23.76000000 -0.233051463239574E+005  0.309005924183608E+002 
     23.78000000 -0.233051463237577E+005  0.309005926180635E+002 
     23.80000000 -0.233051463235578E+005  0.309005928179828E+002 
     23.82000000 -0.233051463233575E+005  0.309005930182486E+002 
     23.84000000 -0.233051463231567E+005  0.309005932190402E+002 
     23.86000000 -0.233051463229552E+005  0.309005934205187E+002 
     23.88000000 -0.233051463227528E+005  0.309005936229128E+002 
     23.90000000 -0.233051463225494E+005  0.309005938264021E+002 
     23.92000000 -0.233051463223447E+005  0.309005940310669E+002 
     23.94000000 -0.233051463221388E+005  0.309005942369661E+002 
     23.96000000 -0.233051463219317E+005  0.309005944440284E+002 
     23.98000000 -0.233051463217238E+005  0.309005946520033E+002 
     24.00000000 -0.233051463215151E+005  0.309005948606094E+002 
     24.02000000 -0.233051463213063E+005  0.309005950694815E+002 
     24.04000000 -0.233051463210976E+005  0.309005952782051E+002 
     24.06000000 -0.233051463208893E+005  0.309005954864522E+002 
     24.08000000 -0.233051463206819E+005  0.309005956938982E+002 
     24.10000000 -0.233051463204755E+005  0.309005959002799E+002 
     24.12000000 -0.233051463202703E+005  0.309005961054305E+002 
     24.14000000 -0.233051463200665E+005  0.309005963092507E+002 
     24.16000000 -0.233051463198640E+005  0.309005965117129E+002 
     24.18000000 -0.233051463196630E+005  0.309005967128047E+002 
     24.20000000 -0.233051463194632E+005  0.309005969125291E+002 
     24.22000000 -0.233051463192648E+005  0.309005971109449E+002 
     24.24000000 -0.233051463190676E+005  0.309005973081542E+002 
     24.26000000 -0.233051463188715E+005  0.309005975042931E+002 
     24.28000000 -0.233051463186762E+005  0.309005976995751E+002 
     24.30000000 -0.233051463184814E+005  0.309005978943405E+002 
     24.32000000 -0.233051463182867E+005  0.309005980890594E+002 
     24.34000000 -0.233051463180915E+005  0.309005982842084E+002 
     24.36000000 -0.233051463178953E+005  0.309005984804154E+002 
     24.38000000 -0.233051463176975E+005  0.309005986782156E+002 
     24.40000000 -0.233051463174976E+005  0.309005988781132E+002 
     24.42000000 -0.233051463172954E+005  0.309005990804022E+002 
     24.44000000 -0.233051463170906E+005  0.309005992852031E+002 
     24.46000000 -0.233051463168834E+005  0.309005994923242E+002 
     24.48000000 -0.233051463166744E+005  0.309005997013139E+002 
     24.50000000 -0.233051463164643E+005  0.309005999114543E+002 
     24.52000000 -0.233051463162539E+005  0.309006001218979E+002 
     24.54000000 -0.233051463160441E+005  0.309006003316919E+002 
     24.56000000 -0.233051463158358E+005  0.309006005399329E+002 
     24.58000000 -0.233051463156299E+005  0.309006007458908E+002 
     24.60000000 -0.233051463154267E+005  0.309006009490831E+002 
     24.62000000 -0.233051463152264E+005  0.309006011493953E+002 
     24.64000000 -0.233051463150288E+005  0.309006013469944E+002 
     24.66000000 -0.233051463148333E+005  0.309006015424311E+002 
     24.68000000 -0.233051463146392E+005  0.309006017365313E+002 
     24.70000000 -0.233051463144455E+005  0.309006019302170E+002 
     24.72000000 -0.233051463142513E+005  0.309006021244751E+002 
     24.74000000 -0.233051463140555E+005  0.309006023202737E+002 
     24.76000000 -0.233051463138574E+005  0.309006025183554E+002 
     24.78000000 -0.233051463136565E+005  0.309006027192894E+002 
     24.80000000 -0.233051463134524E+005  0.309006029233478E+002 
     24.82000000 -0.233051463132452E+005  0.309006031305710E+002 
     24.84000000 -0.233051463130350E+005  0.309006033407888E+002 
     24.86000000 -0.233051463128222E+005  0.309006035535712E+002 
     24.88000000 -0.233051463126074E+005  0.309006037683861E+002 
     24.90000000 -0.233051463123912E+005  0.309006039845404E+002 
     24.92000000 -0.233051463121744E+005  0.309006042013413E+002 
     24.94000000 -0.233051463119578E+005  0.309006044179876E+002 
     24.96000000 -0.233051463117420E+005  0.309006046337676E+002 
     24.98000000 -0.233051463115277E+005  0.309006048480225E+002 
     25.00000000 -0.233051463113155E+005  0.309006050602233E+002 
     25.02000000 -0.233051463111058E+005  0.309006052699802E+002 
     25.04000000 -0.233051463108986E+005  0.309006054771136E+002 
     25.06000000 -0.233051463106941E+005  0.309006056816485E+002 
     25.08000000 -0.233051463104920E+005  0.309006058837581E+002 
     25.10000000 -0.233051463102920E+005  0.309006060837825E+002 
     25.12000000 -0.233051463100936E+005  0.309006062821736E+002 
     25.14000000 -0.233051463098963E+005  0.309006064794138E+002 
     25.16000000 -0.233051463096997E+005  0.309006066760168E+002 
     25.18000000 -0.233051463095033E+005  0.309006068724403E+002 
     25.20000000 -0.233051463093067E+005  0.309006070690123E+002 
     25.22000000 -0.233051463091098E+005  0.309006072659494E+002 
     25.24000000 -0.233051463089124E+005  0.309006074633196E+002 
     25.26000000 -0.233051463087147E+005  0.309006076610764E+002 
     25.28000000 -0.233051463085167E+005  0.309006078590437E+002 
     25.30000000 -0.233051463083188E+005  0.309006080569831E+002 
     25.32000000 -0.233051463081210E+005  0.309006082547245E+002 
     25.34000000 -0.233051463079236E+005  0.309006084521472E+002 
     25.36000000 -0.233051463077266E+005  0.309006086491987E+002 
     25.38000000 -0.233051463075298E+005  0.309006088459873E+002 
     25.40000000 -0.233051463073330E+005  0.309006090427233E+002 
     25.42000000 -0.233051463071361E+005  0.309006092396511E+002 
     25.44000000 -0.233051463069387E+005  0.309006094370429E+002 
     25.46000000 -0.233051463067407E+005  0.309006096350906E+002 
     25.48000000 -0.233051463065418E+005  0.309006098339209E+002 
     25.50000000 -0.233051463063422E+005  0.309006100335123E+002 
     25.52000000 -0.233051463061420E+005  0.309006102337935E+002 
     25.54000000 -0.233051463059412E+005  0.309006104345790E+002 
     25.56000000 -0.233051463057401E+005  0.309006106356893E+002 
     25.58000000 -0.233051463055388E+005  0.309006108369388E+002 
     25.60000000 -0.233051463053376E+005  0.309006110381450E+002 
     25.62000000 -0.233051463051365E+005  0.309006112392398E+002 
     25.64000000 -0.233051463049356E+005  0.309006114401738E+002 
     25.66000000 -0.233051463047348E+005  0.309006116409438E+002 
     25.68000000 -0.233051463045342E+005  0.309006118415808E+002 
     25.70000000 -0.233051463043336E+005  0.309006120421714E+002 
     25.72000000 -0.233051463041330E+005  0.309006122428053E+002 
     25.74000000 -0.233051463039322E+005  0.309006124435474E+002 
     25.76000000 -0.233051463037313E+005  0.309006126445031E+002 
     25.78000000 -0.233051463035300E+005  0.309006128457526E+002 
     25.80000000 -0.233051463033284E+005  0.309006130473733E+002 
     25.82000000 -0.233051463031263E+005  0.309006132494117E+002 
     25.84000000 -0.233051463029238E+005  0.309006134519729E+002 
     25.86000000 -0.233051463027206E+005  0.309006136551404E+002 
     25.88000000 -0.233051463025167E+005  0.309006138590690E+002 
     25.90000000 -0.233051463023118E+005  0.309006140639411E+002 
     25.92000000 -0.233051463021058E+005  0.309006142699237E+002 
     25.94000000 -0.233051463018986E+005  0.309006144771779E+002 
     25.96000000 -0.233051463016900E+005  0.309006146857746E+002 
     25.98000000 -0.233051463014801E+005  0.309006148956274E+002 
     26.00000000 -0.233051463012693E+005  0.309006151064546E+002 
     26.02000000 -0.233051463010579E+005  0.309006153178232E+002 
     26.04000000 -0.233051463008466E+005  0.309006155291145E+002 
     26.06000000 -0.233051463006361E+005  0.309006157396138E+002 
     26.08000000 -0.233051463004272E+005  0.309006159486034E+002 
     26.10000000 -0.233051463002203E+005  0.309006161554833E+002 
     26.12000000 -0.233051463000159E+005  0.309006163598171E+002 
     26.14000000 -0.233051462998143E+005  0.309006165614409E+002 
     26.16000000 -0.233051462996153E+005  0.309006167604507E+002 
     26.18000000 -0.233051462994185E+005  0.309006169572207E+002 
     26.20000000 -0.233051462992234E+005  0.309006171523325E+002 
     26.22000000 -0.233051462990292E+005  0.309006173465163E+002 
     26.24000000 -0.233051462988352E+005  0.309006175405454E+002 
     26.26000000 -0.233051462986406E+005  0.309006177351252E+002 
     26.28000000 -0.233051462984449E+005  0.309006179308310E+002 
     26.30000000 -0.233051462982476E+005  0.309006181281146E+002 
     26.32000000 -0.233051462980485E+005  0.309006183272357E+002 
     26.34000000 -0.233051462978474E+005  0.309006185283120E+002 
     26.36000000 -0.233051462976445E+005  0.309006187313001E+002 
     26.38000000 -0.233051462974396E+005  0.309006189361443E+002 
     26.40000000 -0.233051462972330E+005  0.309006191427426E+002 
     26.42000000 -0.233051462970248E+005  0.309006193509805E+002 
     26.44000000 -0.233051462968150E+005  0.309006195607807E+002 
     26.46000000 -0.233051462966037E+005  0.309006197720317E+002 
     26.48000000 -0.233051462963912E+005  0.309006199845821E+002 
     26.50000000 -0.233051462961775E+005  0.309006201982245E+002 
     26.52000000 -0.233051462959631E+005  0.309006204126093E+002 
     26.54000000 -0.233051462957484E+005  0.309006206273221E+002 
     26.56000000 -0.233051462955339E+005  0.309006208418616E+002 
     26.58000000 -0.233051462953201E+005  0.309006210556586E+002 
     26.60000000 -0.233051462951076E+005  0.309006212681750E+002 
     26.62000000 -0.233051462948968E+005  0.309006214789341E+002 
     26.64000000 -0.233051462946881E+005  0.309006216876144E+002 
     26.66000000 -0.233051462944817E+005  0.309006218940240E+002 
     26.68000000 -0.233051462942776E+005  0.309006220982000E+002 
     26.70000000 -0.233051462940754E+005  0.309006223003436E+002 
     26.72000000 -0.233051462938749E+005  0.309006225008414E+002 
     26.74000000 -0.233051462936755E+005  0.309006227002347E+002 
     26.76000000 -0.233051462934766E+005  0.309006228991270E+002 
     26.78000000 -0.233051462932776E+005  0.309006230981429E+002 
     26.80000000 -0.233051462930778E+005  0.309006232979137E+002 
     26.82000000 -0.233051462928768E+005  0.309006234989528E+002 
     26.84000000 -0.233051462926742E+005  0.309006237015883E+002 
     26.86000000 -0.233051462924697E+005  0.309006239060520E+002 
     26.88000000 -0.233051462922634E+005  0.309006241123069E+002 
     26.90000000 -0.233051462920556E+005  0.309006243201643E+002 
     26.92000000 -0.233051462918464E+005  0.309006245293241E+002 
     26.94000000 -0.233051462916363E+005  0.309006247394398E+002 
     26.96000000 -0.233051462914256E+005  0.309006249501464E+002 
     26.98000000 -0.233051462912146E+005  0.309006251611221E+002 
     27.00000000 -0.233051462910035E+005  0.309006253722185E+002 
     27.02000000 -0.233051462907925E+005  0.309006255833056E+002 
     27.04000000 -0.233051462905814E+005  0.309006257943834E+002 
     27.06000000 -0.233051462903703E+005  0.309006260054395E+002 
     27.08000000 -0.233051462901593E+005  0.309006262164740E+002 
     27.10000000 -0.233051462899484E+005  0.309006264274064E+002 
     27.12000000 -0.233051462897377E+005  0.309006266380604E+002 
     27.14000000 -0.233051462895275E+005  0.309006268482349E+002 
     27.16000000 -0.233051462893181E+005  0.309006270576422E+002 
     27.18000000 -0.233051462891098E+005  0.309006272660007E+002 
     27.20000000 -0.233051462889026E+005  0.309006274731559E+002 
     27.22000000 -0.233051462886967E+005  0.309006276790303E+002 
     27.24000000 -0.233051462884921E+005  0.309006278836951E+002 
     27.26000000 -0.233051462882884E+005  0.309006280873731E+002 
     27.28000000 -0.233051462880854E+005  0.309006282903766E+002 
     27.30000000 -0.233051462878826E+005  0.309006284931142E+002 
     27.32000000 -0.233051462876798E+005  0.309006286959445E+002 
     27.34000000 -0.233051462874766E+005  0.309006288991430E+002 
     27.36000000 -0.233051462872728E+005  0.309006291029261E+002 
     27.38000000 -0.233051462870684E+005  0.309006293073280E+002 
     27.40000000 -0.233051462868634E+005  0.309006295123084E+002 
     27.42000000 -0.233051462866580E+005  0.309006297177094E+002 
     27.44000000 -0.233051462864524E+005  0.309006299233302E+002 
     27.46000000 -0.233051462862468E+005  0.309006301289695E+002 
     27.48000000 -0.233051462860413E+005  0.309006303344170E+002 
     27.50000000 -0.233051462858362E+005  0.309006305395242E+002 
     27.52000000 -0.233051462856316E+005  0.309006307441952E+002 
     27.54000000 -0.233051462854274E+005  0.309006309483960E+002 
     27.56000000 -0.233051462852236E+005  0.309006311521575E+002 
     27.58000000 -0.233051462850202E+005  0.309006313555385E+002 
     27.60000000 -0.233051462848171E+005  0.309006315586472E+002 
     27.62000000 -0.233051462846141E+005  0.309006317616755E+002 
     27.64000000 -0.233051462844110E+005  0.309006319647595E+002 
     27.66000000 -0.233051462842076E+005  0.309006321681653E+002 
     27.68000000 -0.233051462840037E+005  0.309006323721031E+002 
     27.70000000 -0.233051462837989E+005  0.309006325769041E+002 
     27.72000000 -0.233051462835929E+005  0.309006327828372E+002 
     27.74000000 -0.233051462833856E+005  0.309006329901842E+002 
     27.76000000 -0.233051462831767E+005  0.309006331990841E+002 
     27.78000000 -0.233051462829662E+005  0.309006334095649E+002 
     27.80000000 -0.233051462827543E+005  0.309006336214810E+002 
     27.82000000 -0.233051462825413E+005  0.309006338344181E+002 
     27.84000000 -0.233051462823279E+005  0.309006340478439E+002 
     27.86000000 -0.233051462821147E+005  0.309006342610253E+002 
     27.88000000 -0.233051462819026E+005  0.309006344731983E+002 
     27.90000000 -0.233051462816921E+005  0.309006346837069E+002 
     27.92000000 -0.233051462814837E+005  0.309006348920252E+002 
     27.94000000 -0.233051462812778E+005  0.309006350979522E+002 
     27.96000000 -0.233051462810742E+005  0.309006353015405E+002 
     27.98000000 -0.233051462808726E+005  0.309006355031859E+002 
     28.00000000 -0.233051462806723E+005  0.309006357034919E+002 
     28.02000000 -0.233051462804725E+005  0.309006359032565E+002 
     28.04000000 -0.233051462802725E+005  0.309006361032346E+002 
     28.06000000 -0.233051462800716E+005  0.309006363041871E+002 
     28.08000000 -0.233051462798691E+005  0.309006365066122E+002 
     28.10000000 -0.233051462796649E+005  0.309006367108501E+002 
     28.12000000 -0.233051462794588E+005  0.309006369169379E+002 
     28.14000000 -0.233051462792510E+005  0.309006371247273E+002 
     28.16000000 -0.233051462790419E+005  0.309006373338159E+002 
     28.18000000 -0.233051462788320E+005  0.309006375437646E+002 
     28.20000000 -0.233051462786218E+005  0.309006377539978E+002 
     28.22000000 -0.233051462784117E+005  0.309006379640548E+002 
     28.24000000 -0.233051462782022E+005  0.309006381735363E+002 
     28.26000000 -0.233051462779936E+005  0.309006383821361E+002 
     28.28000000 -0.233051462777860E+005  0.309006385897955E+002 
     28.30000000 -0.233051462775793E+005  0.309006387964959E+002 
     28.32000000 -0.233051462773733E+005  0.309006390024446E+002 
     28.34000000 -0.233051462771679E+005  0.309006392078611E+002 
     28.36000000 -0.233051462769628E+005  0.309006394130024E+002 
     28.38000000 -0.233051462767577E+005  0.309006396181003E+002 
     28.40000000 -0.233051462765524E+005  0.309006398233158E+002 
     28.42000000 -0.233051462763470E+005  0.309006400287416E+002 
     28.44000000 -0.233051462761415E+005  0.309006402342912E+002 
     28.46000000 -0.233051462759359E+005  0.309006404398377E+002 
     28.48000000 -0.233051462757307E+005  0.309006406451058E+002 
     28.50000000 -0.233051462755260E+005  0.309006408497953E+002 
     28.52000000 -0.233051462753221E+005  0.309006410536094E+002 
     28.54000000 -0.233051462751195E+005  0.309006412563036E+002 
     28.56000000 -0.233051462749180E+005  0.309006414577666E+002 
     28.58000000 -0.233051462747178E+005  0.309006416579612E+002 
     28.60000000 -0.233051462745186E+005  0.309006418571380E+002 
     28.62000000 -0.233051462743202E+005  0.309006420555322E+002 
     28.64000000 -0.233051462741222E+005  0.309006422535860E+002 
     28.66000000 -0.233051462739240E+005  0.309006424517667E+002 
     28.68000000 -0.233051462737252E+005  0.309006426505847E+002 
     28.70000000 -0.233051462735253E+005  0.309006428504421E+002 
     28.72000000 -0.233051462733240E+005  0.309006430517256E+002 
     28.74000000 -0.233051462731211E+005  0.309006432546271E+002 
     28.76000000 -0.233051462729165E+005  0.309006434592734E+002 
     28.78000000 -0.233051462727101E+005  0.309006436656180E+002 
     28.80000000 -0.233051462725022E+005  0.309006438735249E+002 
     28.82000000 -0.233051462722930E+005  0.309006440827373E+002 
     28.84000000 -0.233051462720828E+005  0.309006442929458E+002 
     28.86000000 -0.233051462718720E+005  0.309006445037792E+002 
     28.88000000 -0.233051462716610E+005  0.309006447148044E+002 
     28.90000000 -0.233051462714501E+005  0.309006449256254E+002 
     28.92000000 -0.233051462712399E+005  0.309006451358649E+002 
     28.94000000 -0.233051462710306E+005  0.309006453451453E+002 
     28.96000000 -0.233051462708226E+005  0.309006455531945E+002 
     28.98000000 -0.233051462706159E+005  0.309006457598330E+002 
     29.00000000 -0.233051462704108E+005  0.309006459650052E+002 
     29.02000000 -0.233051462702070E+005  0.309006461688038E+002 
     29.04000000 -0.233051462700043E+005  0.309006463714640E+002 
     29.06000000 -0.233051462698023E+005  0.309006465734158E+002 
     29.08000000 -0.233051462696007E+005  0.309006467751015E+002 
     29.10000000 -0.233051462693987E+005  0.309006469770687E+002 
     29.12000000 -0.233051462691960E+005  0.309006471797846E+002 
     29.14000000 -0.233051462689921E+005  0.309006473836172E+002 
     29.16000000 -0.233051462687871E+005  0.309006475886811E+002 
     29.18000000 -0.233051462685808E+005  0.309006477949206E+002 
     29.20000000 -0.233051462683737E+005  0.309006480020077E+002 
     29.22000000 -0.233051462681664E+005  0.309006482093855E+002 
     29.24000000 -0.233051462679593E+005  0.309006484164510E+002 
     29.26000000 -0.233051462677532E+005  0.309006486225234E+002 
     29.28000000 -0.233051462675487E+005  0.309006488270150E+002 
     29.30000000 -0.233051462673462E+005  0.309006490295514E+002 
     29.32000000 -0.233051462671458E+005  0.309006492299811E+002 
     29.34000000 -0.233051462669473E+005  0.309006494284433E+002 
     29.36000000 -0.233051462667504E+005  0.309006496253711E+002 
     29.38000000 -0.233051462665543E+005  0.309006498214141E+002 
     29.40000000 -0.233051462663584E+005  0.309006500173303E+002 
     29.42000000 -0.233051462661618E+005  0.309006502139209E+002 
     29.44000000 -0.233051462659638E+005  0.309006504119531E+002 
     29.46000000 -0.233051462657638E+005  0.309006506119714E+002 
     29.48000000 -0.233051462655615E+005  0.309006508142975E+002 
     29.50000000 -0.233051462653567E+005  0.309006510190118E+002 
     29.52000000 -0.233051462651499E+005  0.309006512258668E+002 
     29.54000000 -0.233051462649414E+005  0.309006514343491E+002 
     29.56000000 -0.233051462647320E+005  0.309006516437874E+002 
     29.58000000 -0.233051462645223E+005  0.309006518534297E+002 
     29.60000000 -0.233051462643133E+005  0.309006520624256E+002 
     29.62000000 -0.233051462641057E+005  0.309006522701035E+002 
     29.64000000 -0.233051462638998E+005  0.309006524759068E+002 
     29.66000000 -0.233051462636962E+005  0.309006526795879E+002 
     29.68000000 -0.233051462634946E+005  0.309006528811900E+002 
     29.70000000 -0.233051462632947E+005  0.309006530810536E+002 
     29.72000000 -0.233051462630960E+005  0.309006532797912E+002 
     29.74000000 -0.233051462628976E+005  0.309006534781265E+002 
     29.76000000 -0.233051462626990E+005  0.309006536767898E+002 
     29.78000000 -0.233051462624994E+005  0.309006538763564E+002 
     29.80000000 -0.233051462622985E+005  0.309006540772161E+002 
     29.82000000 -0.233051462620964E+005  0.309006542793380E+002 
     29.84000000 -0.233051462618934E+005  0.309006544823571E+002 
     29.86000000 -0.233051462616901E+005  0.309006546856360E+002 
     29.88000000 -0.233051462614874E+005  0.309006548883766E+002 
     29.90000000 -0.233051462612860E+005  0.309006550897499E+002 
     29.92000000 -0.233051462610867E+005  0.309006552890968E+002 
     29.94000000 -0.233051462608897E+005  0.309006554860184E+002 
     29.96000000 -0.233051462606952E+005  0.309006556805611E+002 
     29.98000000 -0.233051462605027E+005  0.309006558730991E+002 
     30.00000000 -0.233051462603113E+005  0.309006560644182E+002 
