# Real time calculation: 
# Eall: Total energy
# Eall0: Initial total energy
# 1:Time[fs] 2:Eall[eV] 3:Eall-Eall0[eV] 
      0.00000000 -0.233360469163758E+005  0.000000000000000E+000 
      0.02000000 -0.233360469165047E+005 -0.128909325102711E-006 
      0.04000000 -0.233360469165051E+005 -0.129348612939634E-006 
      0.06000000 -0.233360469164921E+005 -0.116352498834607E-006 
      0.08000000 -0.233360469164402E+005 -0.644206332118756E-007 
      0.10000000 -0.233360469162974E+005  0.783169780249636E-007 
      0.12000000 -0.233360469159745E+005  0.401261596842392E-006 
      0.14000000 -0.233360469153324E+005  0.104335192276076E-005 
      0.16000000 -0.233360469141703E+005  0.220550026964605E-005 
      0.18000000 -0.233360469122128E+005  0.416291737375425E-005 
      0.20000000 -0.233360469090986E+005  0.727713093772045E-005 
      0.22000000 -0.233360469043683E+005  0.120074782665740E-004 
      0.24000000 -0.233360468974542E+005  0.189215903978749E-004 
      0.26000000 -0.233360468876714E+005  0.287043882216415E-004 
      0.28000000 -0.233360468742101E+005  0.421656617423257E-004 
      0.30000000 -0.233360468561301E+005  0.602456787326744E-004 
      0.32000000 -0.233360468323568E+005  0.840189279610727E-004 
      0.34000000 -0.233360468016799E+005  0.114695904185078E-003 
      0.36000000 -0.233360467627529E+005  0.153622817355246E-003 
      0.38000000 -0.233360467140961E+005  0.202279643662052E-003 
      0.40000000 -0.233360466540997E+005  0.262276029640849E-003 
      0.42000000 -0.233360465810300E+005  0.335345751576682E-003 
      0.44000000 -0.233360464930360E+005  0.423339739489698E-003 
      0.46000000 -0.233360463881579E+005  0.528217857502872E-003 
      0.48000000 -0.233360462643364E+005  0.652039394188408E-003 
      0.50000000 -0.233360461194230E+005  0.796952782613646E-003 
      0.52000000 -0.233360459511913E+005  0.965184432530553E-003 
      0.54000000 -0.233360457573488E+005  0.115902697169215E-002 
      0.56000000 -0.233360455355489E+005  0.138082689010870E-002 
      0.58000000 -0.233360452834039E+005  0.163297185638482E-002 
      0.60000000 -0.233360449984979E+005  0.191787787319059E-002 
      0.62000000 -0.233360446783992E+005  0.223797659669228E-002 
      0.64000000 -0.233360443206729E+005  0.259570285087827E-002 
      0.66000000 -0.233360439228928E+005  0.299348292146635E-002 
      0.68000000 -0.233360434826521E+005  0.343372361392422E-002 
      0.70000000 -0.233360429975735E+005  0.391880226431158E-002 
      0.72000000 -0.233360424653176E+005  0.445105816388662E-002 
      0.74000000 -0.233360418835908E+005  0.503278496437612E-002 
      0.76000000 -0.233360412501512E+005  0.566622454960077E-002 
      0.78000000 -0.233360405628137E+005  0.635356206719165E-002 
      0.80000000 -0.233360398194537E+005  0.709692208946195E-002 
      0.82000000 -0.233360390180098E+005  0.789836593746353E-002 
      0.84000000 -0.233360381564859E+005  0.875988989289976E-002 
      0.86000000 -0.233360372329510E+005  0.968342470934047E-002 
      0.88000000 -0.233360362455398E+005  0.106708360051062E-001 
      0.90000000 -0.233360351924499E+005  0.117239258317112E-001 
      0.92000000 -0.233360340719405E+005  0.128444352910293E-001 
      0.94000000 -0.233360328823279E+005  0.140340478825433E-001 
      0.96000000 -0.233360316219818E+005  0.152943939457204E-001 
      0.98000000 -0.233360302893203E+005  0.166270554179330E-001 
      1.00000000 -0.233360288828045E+005  0.180335712296554E-001 
      1.02000000 -0.233360274009328E+005  0.195154429811765E-001 
      1.04000000 -0.233360258422348E+005  0.210741409101086E-001 
      1.06000000 -0.233360242052661E+005  0.227111097073106E-001 
      1.08000000 -0.233360224886015E+005  0.244277742647532E-001 
      1.10000000 -0.233360206908308E+005  0.262255449995634E-001 
      1.12000000 -0.233360188105530E+005  0.281058227635301E-001 
      1.14000000 -0.233360168463727E+005  0.300700030318069E-001 
      1.16000000 -0.233360147968962E+005  0.321194795502378E-001 
      1.18000000 -0.233360126607284E+005  0.342556473825307E-001 
      1.20000000 -0.233360104364705E+005  0.364799052118776E-001 
      1.22000000 -0.233360081227188E+005  0.387936569248659E-001 
      1.24000000 -0.233360057180631E+005  0.411983126632943E-001 
      1.26000000 -0.233360032210868E+005  0.436952889881324E-001 
      1.28000000 -0.233360006303672E+005  0.462860085454143E-001 
      1.30000000 -0.233359979444772E+005  0.489718985163571E-001 
      1.32000000 -0.233359951619868E+005  0.517543889653910E-001 
      1.34000000 -0.233359922814658E+005  0.546349099724141E-001 
      1.36000000 -0.233359893014874E+005  0.576148883659757E-001 
      1.38000000 -0.233359862206317E+005  0.606957440264528E-001 
      1.40000000 -0.233359830374907E+005  0.638788850941002E-001 
      1.42000000 -0.233359797506727E+005  0.671657030286093E-001 
      1.44000000 -0.233359763588088E+005  0.705575670004539E-001 
      1.46000000 -0.233359728605581E+005  0.740558176882703E-001 
      1.48000000 -0.233359692546149E+005  0.776617608101886E-001 
      1.50000000 -0.233359655397156E+005  0.813766601663799E-001 
      1.52000000 -0.233359617146452E+005  0.852017305578598E-001 
      1.54000000 -0.233359577782453E+005  0.891381304825554E-001 
      1.56000000 -0.233359537294208E+005  0.931869549179908E-001 
      1.58000000 -0.233359495671479E+005  0.973492278503011E-001 
      1.60000000 -0.233359452904803E+005  0.101625895440522E+000 
      1.62000000 -0.233359408985566E+005  0.106017819122821E+000 
      1.64000000 -0.233359363906070E+005  0.110525768792442E+000 
      1.66000000 -0.233359317659593E+005  0.115150416476250E+000 
      1.68000000 -0.233359270240455E+005  0.119892330247662E+000 
      1.70000000 -0.233359221644075E+005  0.124751968274613E+000 
      1.72000000 -0.233359171867020E+005  0.129729673742991E+000 
      1.74000000 -0.233359120907059E+005  0.134825669875983E+000 
      1.76000000 -0.233359068763198E+005  0.140040055918609E+000 
      1.78000000 -0.233359015435723E+005  0.145372803465653E+000 
      1.80000000 -0.233358960926224E+005  0.150823753315490E+000 
      1.82000000 -0.233358905237628E+005  0.156392612958104E+000 
      1.84000000 -0.233358848374206E+005  0.162078955114923E+000 
      1.86000000 -0.233358790341594E+005  0.167882216393109E+000 
      1.88000000 -0.233358731146789E+005  0.173801696836989E+000 
      1.90000000 -0.233358670798154E+005  0.179836560311665E+000 
      1.92000000 -0.233358609305406E+005  0.185985835109347E+000 
      1.94000000 -0.233358546679604E+005  0.192248415332186E+000 
      1.96000000 -0.233358482933128E+005  0.198623063002094E+000 
      1.98000000 -0.233358418079652E+005  0.205108410544880E+000 
      2.00000000 -0.233358352134121E+005  0.211702963654910E+000 
      2.02000000 -0.233358285112711E+005  0.218405104660911E+000 
      2.04000000 -0.233358217032793E+005  0.225213096408412E+000 
      2.06000000 -0.233358147912894E+005  0.232125086371108E+000 
      2.08000000 -0.233358077772645E+005  0.239139111232446E+000 
      2.10000000 -0.233358006632740E+005  0.246253101708507E+000 
      2.12000000 -0.233357934514884E+005  0.253464887404926E+000 
      2.14000000 -0.233357861441736E+005  0.260772202162589E+000 
      2.16000000 -0.233357787436866E+005  0.268172689134193E+000 
      2.18000000 -0.233357712524697E+005  0.275663906064977E+000 
      2.20000000 -0.233357636730453E+005  0.283243330421880E+000 
      2.22000000 -0.233357560080113E+005  0.290908364466995E+000 
      2.24000000 -0.233357482600357E+005  0.298656340034060E+000 
      2.26000000 -0.233357404318522E+005  0.306484523509113E+000 
      2.28000000 -0.233357325262560E+005  0.314390119784079E+000 
      2.30000000 -0.233357245460994E+005  0.322370276327921E+000 
      2.32000000 -0.233357164942890E+005  0.330422086750440E+000 
      2.34000000 -0.233357083737820E+005  0.338542593716419E+000 
      2.36000000 -0.233357001875841E+005  0.346728791612291E+000 
      2.38000000 -0.233356919387469E+005  0.354977628816822E+000 
      2.40000000 -0.233356836303660E+005  0.363286009742871E+000 
      2.42000000 -0.233356752655793E+005  0.371650796464611E+000 
      2.44000000 -0.233356668475659E+005  0.380068809859061E+000 
      2.46000000 -0.233356583795450E+005  0.388536830741424E+000 
      2.48000000 -0.233356498647757E+005  0.397051600084736E+000 
      2.50000000 -0.233356413065564E+005  0.405609819387999E+000 
      2.52000000 -0.233356327082256E+005  0.414208150150270E+000 
      2.54000000 -0.233356240731622E+005  0.422843213536563E+000 
      2.56000000 -0.233356154047865E+005  0.431511589267247E+000 
      2.58000000 -0.233356067065611E+005  0.440209814612636E+000 
      2.60000000 -0.233355979819930E+005  0.448934382793614E+000 
      2.62000000 -0.233355892346340E+005  0.457681741728731E+000 
      2.64000000 -0.233355804680835E+005  0.466448292252306E+000 
      2.66000000 -0.233355716859888E+005  0.475230387000739E+000 
      2.68000000 -0.233355628920473E+005  0.484024328494494E+000 
      2.70000000 -0.233355540900073E+005  0.492826368414201E+000 
      2.72000000 -0.233355452836695E+005  0.501632706301356E+000 
      2.74000000 -0.233355364768869E+005  0.510439488849890E+000 
      2.76000000 -0.233355276735660E+005  0.519242809739117E+000 
      2.78000000 -0.233355188776661E+005  0.528038709618266E+000 
      2.80000000 -0.233355100931992E+005  0.536823176607638E+000 
      2.82000000 -0.233355013242286E+005  0.545592147149345E+000 
      2.84000000 -0.233354925748681E+005  0.554341507640713E+000 
      2.86000000 -0.233354838492797E+005  0.563067096021289E+000 
      2.88000000 -0.233354751516718E+005  0.571764703950717E+000 
      2.90000000 -0.233354664862961E+005  0.580430079654832E+000 
      2.92000000 -0.233354578574449E+005  0.589058930839805E+000 
      2.94000000 -0.233354492694472E+005  0.597646928521991E+000 
      2.96000000 -0.233354407266651E+005  0.606189710616481E+000 
      2.98000000 -0.233354322334891E+005  0.614682886670268E+000 
      3.00000000 -0.233354237943331E+005  0.623122042694419E+000 
      3.02000000 -0.233354154136297E+005  0.631502746070483E+000 
      3.04000000 -0.233354070958244E+005  0.639820551329294E+000 
      3.06000000 -0.233353988453698E+005  0.648071005914301E+000 
      3.08000000 -0.233353906667193E+005  0.656249656421315E+000 
      3.10000000 -0.233353825643211E+005  0.664352054692851E+000 
      3.12000000 -0.233353745426112E+005  0.672373764586875E+000 
      3.14000000 -0.233353666060074E+005  0.680310368337198E+000 
      3.16000000 -0.233353587589023E+005  0.688157473504736E+000 
      3.18000000 -0.233353510056563E+005  0.695910719427625E+000 
      3.20000000 -0.233353433505916E+005  0.703565784203417E+000 
      3.22000000 -0.233353357979848E+005  0.711118391003071E+000 
      3.24000000 -0.233353283520612E+005  0.718564314607679E+000 
      3.26000000 -0.233353210169882E+005  0.725899387604903E+000 
      3.28000000 -0.233353137968692E+005  0.733119506529717E+000 
      3.30000000 -0.233353066957384E+005  0.740220637355511E+000 
      3.32000000 -0.233352997175545E+005  0.747198821229581E+000 
      3.34000000 -0.233352928661962E+005  0.754050179571338E+000 
      3.36000000 -0.233352861454567E+005  0.760770919056064E+000 
      3.38000000 -0.233352795590397E+005  0.767357336026353E+000 
      3.40000000 -0.233352731105551E+005  0.773805820609654E+000 
      3.42000000 -0.233352668035148E+005  0.780112860968854E+000 
      3.44000000 -0.233352606413295E+005  0.786275046265916E+000 
      3.46000000 -0.233352546273055E+005  0.792289070244247E+000 
      3.48000000 -0.233352487646423E+005  0.798151733502470E+000 
      3.50000000 -0.233352430564298E+005  0.803859945953825E+000 
      3.52000000 -0.233352375056470E+005  0.809410728772020E+000 
      3.54000000 -0.233352321151599E+005  0.814801215839032E+000 
      3.56000000 -0.233352268877207E+005  0.820028655096995E+000 
      3.58000000 -0.233352218259662E+005  0.825090409544334E+000 
      3.60000000 -0.233352169324181E+005  0.829983957619369E+000 
      3.62000000 -0.233352122094814E+005  0.834706894310905E+000 
      3.64000000 -0.233352076594446E+005  0.839256931155144E+000 
      3.66000000 -0.233352032844792E+005  0.843631896594535E+000 
      3.68000000 -0.233351990866395E+005  0.847829736274760E+000 
      3.70000000 -0.233351950678629E+005  0.851848512843651E+000 
      3.72000000 -0.233351912299695E+005  0.855686406294577E+000 
      3.74000000 -0.233351875746621E+005  0.859341713644711E+000 
      3.76000000 -0.233351841035266E+005  0.862812849114460E+000 
      3.78000000 -0.233351808180316E+005  0.866098344118180E+000 
      3.80000000 -0.233351777195284E+005  0.869196847313679E+000 
      3.82000000 -0.233351748092509E+005  0.872107124840416E+000 
      3.84000000 -0.233351720883150E+005  0.874828060802104E+000 
      3.86000000 -0.233351695577175E+005  0.877358658219530E+000 
      3.88000000 -0.233351672183362E+005  0.879698039605958E+000 
      3.90000000 -0.233351650709275E+005  0.881845448278809E+000 
      3.92000000 -0.233351631161256E+005  0.883800250116810E+000 
      3.94000000 -0.233351613544412E+005  0.885561934556124E+000 
      3.96000000 -0.233351597862587E+005  0.887130117071404E+000 
      3.98000000 -0.233351584118349E+005  0.888504540902002E+000 
      4.00000000 -0.233351572312963E+005  0.889685079489710E+000 
      4.02000000 -0.233351562446372E+005  0.890671738563833E+000 
      4.04000000 -0.233351554517173E+005  0.891464658433524E+000 
      4.06000000 -0.233351548522587E+005  0.892064117022586E+000 
      4.08000000 -0.233351544458442E+005  0.892470531546188E+000 
      4.10000000 -0.233351542319146E+005  0.892684461171344E+000 
      4.12000000 -0.233351542097668E+005  0.892706608968956E+000 
      4.14000000 -0.233351543785516E+005  0.892537824175219E+000 
      4.16000000 -0.233351547372716E+005  0.892179104152952E+000 
      4.18000000 -0.233351552847798E+005  0.891631595997158E+000 
      4.20000000 -0.233351560197775E+005  0.890896598251964E+000 
      4.22000000 -0.233351569408138E+005  0.889975561980997E+000 
      4.24000000 -0.233351580462835E+005  0.888870092280140E+000 
      4.26000000 -0.233351593344272E+005  0.887581948568334E+000 
      4.28000000 -0.233351608033304E+005  0.886113045311469E+000 
      4.30000000 -0.233351624509235E+005  0.884465452303902E+000 
      4.32000000 -0.233351642749812E+005  0.882641394532339E+000 
      4.34000000 -0.233351662731239E+005  0.880643251875761E+000 
      4.36000000 -0.233351684428173E+005  0.878473558455768E+000 
      4.38000000 -0.233351707813740E+005  0.876135001792037E+000 
      4.40000000 -0.233351732859542E+005  0.873630421561795E+000 
      4.42000000 -0.233351759535675E+005  0.870962808238647E+000 
      4.44000000 -0.233351787810740E+005  0.868135301709746E+000 
      4.46000000 -0.233351817651866E+005  0.865151189122667E+000 
      4.48000000 -0.233351849024727E+005  0.862013903103503E+000 
      4.50000000 -0.233351881893564E+005  0.858727019350064E+000 
      4.52000000 -0.233351916221216E+005  0.855294254169393E+000 
      4.54000000 -0.233351951969139E+005  0.851719461811098E+000 
      4.56000000 -0.233351989097443E+005  0.848006631432560E+000 
      4.58000000 -0.233352027564916E+005  0.844159884181685E+000 
      4.60000000 -0.233352067329062E+005  0.840183469527924E+000 
      4.62000000 -0.233352108346138E+005  0.836081761918119E+000 
      4.64000000 -0.233352150571188E+005  0.831859256928093E+000 
      4.66000000 -0.233352193958083E+005  0.827520567454455E+000 
      4.68000000 -0.233352238459562E+005  0.823070419525902E+000 
      4.70000000 -0.233352284027278E+005  0.818513647981491E+000 
      4.72000000 -0.233352330611836E+005  0.813855192179846E+000 
      4.74000000 -0.233352378162845E+005  0.809100091284552E+000 
      4.76000000 -0.233352426628962E+005  0.804253479537169E+000 
      4.78000000 -0.233352475957944E+005  0.799320581313694E+000 
      4.80000000 -0.233352526096696E+005  0.794306706168658E+000 
      4.82000000 -0.233352576991322E+005  0.789217243569853E+000 
      4.84000000 -0.233352628587183E+005  0.784057657466013E+000 
      4.86000000 -0.233352680828948E+005  0.778833480984430E+000 
      4.88000000 -0.233352733660648E+005  0.773550310958408E+000 
      4.90000000 -0.233352787025735E+005  0.768213802207249E+000 
      4.92000000 -0.233352840867137E+005  0.762829662017309E+000 
      4.94000000 -0.233352895127313E+005  0.757403644465284E+000 
      4.96000000 -0.233352949748309E+005  0.751941544846682E+000 
      4.98000000 -0.233353004671818E+005  0.746449193934145E+000 
      5.00000000 -0.233353059839235E+005  0.740932452279078E+000 
      5.02000000 -0.233353115191710E+005  0.735397204807177E+000 
      5.04000000 -0.233353170670208E+005  0.729849354915880E+000 
      5.06000000 -0.233353226215567E+005  0.724294819063705E+000 
      5.08000000 -0.233353281768545E+005  0.718739521248216E+000 
      5.10000000 -0.233353337269883E+005  0.713189387437583E+000 
      5.12000000 -0.233353392660356E+005  0.707650340122799E+000 
      5.14000000 -0.233353447880828E+005  0.702128292916292E+000 
      5.16000000 -0.233353502872305E+005  0.696629145215505E+000 
      5.18000000 -0.233353557575989E+005  0.691158776820077E+000 
      5.20000000 -0.233353611933330E+005  0.685723042740820E+000 
      5.22000000 -0.233353665886078E+005  0.680327767912796E+000 
      5.24000000 -0.233353719376335E+005  0.674978742301282E+000 
      5.26000000 -0.233353772346602E+005  0.669681715537505E+000 
      5.28000000 -0.233353824739835E+005  0.664442392275187E+000 
      5.30000000 -0.233353876499488E+005  0.659266426971680E+000 
      5.32000000 -0.233353927569564E+005  0.654159419331130E+000 
      5.34000000 -0.233353977894665E+005  0.649126909271226E+000 
      5.36000000 -0.233354027420037E+005  0.644174372078661E+000 
      5.38000000 -0.233354076091618E+005  0.639307213932727E+000 
      5.40000000 -0.233354123856087E+005  0.634530767054587E+000 
      5.42000000 -0.233354170660906E+005  0.629850285150435E+000 
      5.44000000 -0.233354216454369E+005  0.625270938817541E+000 
      5.46000000 -0.233354261185647E+005  0.620797811012154E+000 
      5.48000000 -0.233354304804830E+005  0.616435892774188E+000 
      5.50000000 -0.233354347262969E+005  0.612190078868364E+000 
      5.52000000 -0.233354388512122E+005  0.608065163558391E+000 
      5.54000000 -0.233354428505392E+005  0.604065836603878E+000 
      5.56000000 -0.233354467196966E+005  0.600196679186090E+000 
      5.58000000 -0.233354504542156E+005  0.596462160164724E+000 
      5.60000000 -0.233354540497436E+005  0.592866632161442E+000 
      5.62000000 -0.233354575020477E+005  0.589414328039377E+000 
      5.64000000 -0.233354608070185E+005  0.586109357258903E+000 
      5.66000000 -0.233354639606732E+005  0.582955702542763E+000 
      5.68000000 -0.233354669591592E+005  0.579957216556654E+000 
      5.70000000 -0.233354697987571E+005  0.577117618660978E+000 
      5.72000000 -0.233354724758838E+005  0.574440491950287E+000 
      5.74000000 -0.233354749870955E+005  0.571929280267981E+000 
      5.76000000 -0.233354773290902E+005  0.569587285552024E+000 
      5.78000000 -0.233354794987106E+005  0.567417665199210E+000 
      5.80000000 -0.233354814929462E+005  0.565423429593403E+000 
      5.82000000 -0.233354833089357E+005  0.563607440014271E+000 
      5.84000000 -0.233354849439692E+005  0.561972406580068E+000 
      5.86000000 -0.233354863954894E+005  0.560520886363636E+000 
      5.88000000 -0.233354876610938E+005  0.559255281913682E+000 
      5.90000000 -0.233354887385358E+005  0.558177839943100E+000 
      5.92000000 -0.233354896257256E+005  0.557290650187439E+000 
      5.94000000 -0.233354903207311E+005  0.556595644650075E+000 
      5.96000000 -0.233354908217787E+005  0.556094597008240E+000 
      5.98000000 -0.233354911272533E+005  0.555789122418128E+000 
      6.00000000 -0.233354912356982E+005  0.555680677514897E+000 
      6.02000000 -0.233354911458151E+005  0.555770560632311E+000 
      6.04000000 -0.233354908564633E+005  0.556059912464764E+000 
      6.06000000 -0.233354903666590E+005  0.556549716744776E+000 
      6.08000000 -0.233354896755743E+005  0.557240801468049E+000 
      6.10000000 -0.233354887825358E+005  0.558133839951468E+000 
      6.12000000 -0.233354876870232E+005  0.559229352562410E+000 
      6.14000000 -0.233354863886676E+005  0.560527708206760E+000 
      6.16000000 -0.233354848872494E+005  0.562029126308790E+000 
      6.18000000 -0.233354831826970E+005  0.563733678791057E+000 
      6.20000000 -0.233354812750836E+005  0.565641292199685E+000 
      6.22000000 -0.233354791646258E+005  0.567751749965770E+000 
      6.24000000 -0.233354768516810E+005  0.570064694765780E+000 
      6.26000000 -0.233354743367448E+005  0.572579630943824E+000 
      6.28000000 -0.233354716204488E+005  0.575295926937015E+000 
      6.30000000 -0.233354687035579E+005  0.578212817827675E+000 
      6.32000000 -0.233354655869679E+005  0.581329407842938E+000 
      6.34000000 -0.233354622717029E+005  0.584644672838897E+000 
      6.36000000 -0.233354587589129E+005  0.588157462843522E+000 
      6.38000000 -0.233354550498712E+005  0.591866504550081E+000 
      6.40000000 -0.233354511459722E+005  0.595770403603296E+000 
      6.42000000 -0.233354470487286E+005  0.599867647114417E+000 
      6.44000000 -0.233354427597700E+005  0.604156605808169E+000 
      6.46000000 -0.233354382808394E+005  0.608635536370769E+000 
      6.48000000 -0.233354336137922E+005  0.613302583525723E+000 
      6.50000000 -0.233354287605938E+005  0.618155781988963E+000 
      6.52000000 -0.233354237233173E+005  0.623193058442547E+000 
      6.54000000 -0.233354185041425E+005  0.628412233236129E+000 
      6.56000000 -0.233354131053535E+005  0.633811022209076E+000 
      6.58000000 -0.233354075293378E+005  0.639387037986671E+000 
      6.60000000 -0.233354017785843E+005  0.645137791458850E+000 
      6.62000000 -0.233353958556827E+005  0.651060693030001E+000 
      6.64000000 -0.233353897633220E+005  0.657153053745029E+000 
      6.66000000 -0.233353835042896E+005  0.663412086167928E+000 
      6.68000000 -0.233353770814703E+005  0.669834905408855E+000 
      6.70000000 -0.233353704978460E+005  0.676418529779960E+000 
      6.72000000 -0.233353637564942E+005  0.683159881531665E+000 
      6.74000000 -0.233353568605882E+005  0.690055787527056E+000 
      6.76000000 -0.233353498133960E+005  0.697102979804921E+000 
      6.78000000 -0.233353426182796E+005  0.704298096182992E+000 
      6.80000000 -0.233353352786949E+005  0.711637680885945E+000 
      6.82000000 -0.233353277981906E+005  0.719118185188859E+000 
      6.84000000 -0.233353201804076E+005  0.726735968172056E+000 
      6.86000000 -0.233353124290784E+005  0.734487297330527E+000 
      6.88000000 -0.233353045480261E+005  0.742368349628849E+000 
      6.90000000 -0.233352965411634E+005  0.750375212376660E+000 
      6.92000000 -0.233352884124913E+005  0.758503884487752E+000 
      6.94000000 -0.233352801660981E+005  0.766750277643250E+000 
      6.96000000 -0.233352718061577E+005  0.775110218036392E+000 
      6.98000000 -0.233352633369282E+005  0.783579447606864E+000 
      7.00000000 -0.233352547627495E+005  0.792153626209399E+000 
      7.02000000 -0.233352460880423E+005  0.800828333469922E+000 
      7.04000000 -0.233352373173047E+005  0.809599071009831E+000 
      7.06000000 -0.233352284551110E+005  0.818461264750709E+000 
      7.08000000 -0.233352195061081E+005  0.827410267667613E+000 
      7.10000000 -0.233352104750133E+005  0.836441362468107E+000 
      7.12000000 -0.233352013666112E+005  0.845549764515691E+000 
      7.14000000 -0.233351921857506E+005  0.854730625158489E+000 
      7.16000000 -0.233351829373408E+005  0.863979034937293E+000 
      7.18000000 -0.233351736263486E+005  0.873290027124606E+000 
      7.20000000 -0.233351642577942E+005  0.882658581542122E+000 
      7.22000000 -0.233351548367474E+005  0.892079628313231E+000 
      7.24000000 -0.233351453683236E+005  0.901548052144528E+000 
      7.26000000 -0.233351358576790E+005  0.911058696768190E+000 
      7.28000000 -0.233351263100065E+005  0.920606369282266E+000 
      7.30000000 -0.233351167305307E+005  0.930185845041614E+000 
      7.32000000 -0.233351071245029E+005  0.939791872817994E+000 
      7.34000000 -0.233350974971957E+005  0.949419180102453E+000 
      7.36000000 -0.233350878538973E+005  0.959062478497430E+000 
      7.38000000 -0.233350781999060E+005  0.968716469733764E+000 
      7.40000000 -0.233350685405240E+005  0.978375851799063E+000 
      7.42000000 -0.233350588810506E+005  0.988035325180548E+000 
      7.44000000 -0.233350492267763E+005  0.997689599454366E+000 
      7.46000000 -0.233350395829755E+005  0.100733340023376E+001 
      7.48000000 -0.233350299548997E+005  0.101696147603992E+001 
      7.50000000 -0.233350203477700E+005  0.102656860571106E+001 
      7.52000000 -0.233350107667700E+005  0.103614960576827E+001 
      7.54000000 -0.233350012170378E+005  0.104569933798545E+001 
      7.56000000 -0.233349917036584E+005  0.105521271737389E+001 
      7.58000000 -0.233349822316560E+005  0.106468471971196E+001 
      7.60000000 -0.233349728059860E+005  0.107411038979575E+001 
      7.62000000 -0.233349634315268E+005  0.108348484893785E+001 
      7.64000000 -0.233349541130724E+005  0.109280330334478E+001 
      7.66000000 -0.233349448553243E+005  0.110206105142089E+001 
      7.68000000 -0.233349356628842E+005  0.111125349157351E+001 
      7.70000000 -0.233349265402461E+005  0.112037612967771E+001 
      7.72000000 -0.233349174917898E+005  0.112942458592238E+001 
      7.74000000 -0.233349085217738E+005  0.113839460193786E+001 
      7.76000000 -0.233348996343288E+005  0.114728204697995E+001 
      7.78000000 -0.233348908334519E+005  0.115608292387583E+001 
      7.80000000 -0.233348821230016E+005  0.116479337413459E+001 
      7.82000000 -0.233348735066929E+005  0.117340968290008E+001 
      7.84000000 -0.233348649880929E+005  0.118192828289211E+001 
      7.86000000 -0.233348565706180E+005  0.119034575770729E+001 
      7.88000000 -0.233348482575314E+005  0.119865884439293E+001 
      7.90000000 -0.233348400519402E+005  0.120686443555368E+001 
      7.92000000 -0.233348319567956E+005  0.121495958018381E+001 
      7.94000000 -0.233348239748915E+005  0.122294148423013E+001 
      7.96000000 -0.233348161088658E+005  0.123080750992697E+001 
      7.98000000 -0.233348083612012E+005  0.123855517453703E+001 
      8.00000000 -0.233348007342275E+005  0.124618214829107E+001 
      8.02000000 -0.233347932301243E+005  0.125368625142738E+001 
      8.04000000 -0.233347858509253E+005  0.126106545044234E+001 
      8.06000000 -0.233347785985224E+005  0.126831785335728E+001 
      8.08000000 -0.233347714746708E+005  0.127544170499764E+001 
      8.10000000 -0.233347644809952E+005  0.128243538057693E+001 
      8.12000000 -0.233347576189964E+005  0.128929737933630E+001 
      8.14000000 -0.233347508900580E+005  0.129602631780367E+001 
      8.16000000 -0.233347442954539E+005  0.130262092188965E+001 
      8.18000000 -0.233347378363564E+005  0.130908001938249E+001 
      8.20000000 -0.233347315138444E+005  0.131540253139434E+001 
      8.22000000 -0.233347253289113E+005  0.132158746446958E+001 
      8.24000000 -0.233347192824740E+005  0.132763390176808E+001 
      8.26000000 -0.233347133753811E+005  0.133354099461979E+001 
      8.28000000 -0.233347076084215E+005  0.133930795429266E+001 
      8.30000000 -0.233347019823325E+005  0.134493404321314E+001 
      8.32000000 -0.233346964978081E+005  0.135041856768386E+001 
      8.34000000 -0.233346911555060E+005  0.135576086972589E+001 
      8.36000000 -0.233346859560558E+005  0.136096031993875E+001 
      8.38000000 -0.233346809000649E+005  0.136601631088017E+001 
      8.40000000 -0.233346759881246E+005  0.137092825112024E+001 
      8.42000000 -0.233346712208159E+005  0.137569555981524E+001 
      8.44000000 -0.233346665987137E+005  0.138031766207661E+001 
      8.46000000 -0.233346621223907E+005  0.138479398509157E+001 
      8.48000000 -0.233346577924209E+005  0.138912395482539E+001 
      8.50000000 -0.233346536093819E+005  0.139330699388989E+001 
      8.52000000 -0.233346495738554E+005  0.139734252034004E+001 
      8.54000000 -0.233346456864288E+005  0.140122994699960E+001 
      8.56000000 -0.233346419476938E+005  0.140496868192511E+001 
      8.58000000 -0.233346383582460E+005  0.140855812975163E+001 
      8.60000000 -0.233346349186818E+005  0.141199769396958E+001 
      8.62000000 -0.233346316295957E+005  0.141528678003691E+001 
      8.64000000 -0.233346284915765E+005  0.141842479928625E+001 
      8.66000000 -0.233346255052021E+005  0.142141117361172E+001 
      8.68000000 -0.233346226710346E+005  0.142424534115490E+001 
      8.70000000 -0.233346199896135E+005  0.142692676221665E+001 
      8.72000000 -0.233346174614499E+005  0.142945492584953E+001 
      8.74000000 -0.233346150870181E+005  0.143182935763505E+001 
      8.76000000 -0.233346128667488E+005  0.143404962694429E+001 
      8.78000000 -0.233346108010203E+005  0.143611535550403E+001 
      8.80000000 -0.233346088901507E+005  0.143802622505641E+001 
      8.82000000 -0.233346071343891E+005  0.143978198666444E+001 
      8.84000000 -0.233346055339066E+005  0.144138246913270E+001 
      8.86000000 -0.233346040887881E+005  0.144282758769101E+001 
      8.88000000 -0.233346027990230E+005  0.144411735274617E+001 
      8.90000000 -0.233346016644973E+005  0.144525187846350E+001 
      8.92000000 -0.233346006849850E+005  0.144623139080712E+001 
      8.94000000 -0.233345998601402E+005  0.144705623556150E+001 
      8.96000000 -0.233345991894897E+005  0.144772688603455E+001 
      8.98000000 -0.233345986724261E+005  0.144824394965307E+001 
      9.00000000 -0.233345983082009E+005  0.144860817482432E+001 
      9.02000000 -0.233345980959191E+005  0.144882045661274E+001 
      9.04000000 -0.233345980345338E+005  0.144888184191550E+001 
      9.06000000 -0.233345981228415E+005  0.144879353425441E+001 
      9.08000000 -0.233345983594783E+005  0.144855689747902E+001 
      9.10000000 -0.233345987429167E+005  0.144817345907974E+001 
      9.12000000 -0.233345992714634E+005  0.144764491234414E+001 
      9.14000000 -0.233345999432578E+005  0.144697311800578E+001 
      9.16000000 -0.233346007562704E+005  0.144616010534244E+001 
      9.18000000 -0.233346017083040E+005  0.144520807174614E+001 
      9.20000000 -0.233346027969936E+005  0.144411938220029E+001 
      9.22000000 -0.233346040198082E+005  0.144289656751016E+001 
      9.24000000 -0.233346053740539E+005  0.144154232187138E+001 
      9.26000000 -0.233346068568760E+005  0.144005949974537E+001 
      9.28000000 -0.233346084652640E+005  0.143845111175111E+001 
      9.30000000 -0.233346101960558E+005  0.143672031995051E+001 
      9.32000000 -0.233346120459436E+005  0.143487043216241E+001 
      9.34000000 -0.233346140114800E+005  0.143290489571977E+001 
      9.36000000 -0.233346160890854E+005  0.143082729037918E+001 
      9.38000000 -0.233346182750549E+005  0.142864132084677E+001 
      9.40000000 -0.233346205655679E+005  0.142635080782539E+001 
      9.42000000 -0.233346229566963E+005  0.142395967949496E+001 
      9.44000000 -0.233346254444141E+005  0.142147196168100E+001 
      9.46000000 -0.233346280246082E+005  0.141889176756548E+001 
      9.48000000 -0.233346306930883E+005  0.141622328743153E+001 
      9.50000000 -0.233346334455984E+005  0.141347077736576E+001 
      9.52000000 -0.233346362778274E+005  0.141063854837197E+001 
      9.54000000 -0.233346391854210E+005  0.140773095473305E+001 
      9.56000000 -0.233346421639932E+005  0.140475238258028E+001 
      9.58000000 -0.233346452091372E+005  0.140170723857084E+001 
      9.60000000 -0.233346483164372E+005  0.139859993851885E+001 
      9.62000000 -0.233346514814796E+005  0.139543489616577E+001 
      9.64000000 -0.233346546998634E+005  0.139221651234664E+001 
      9.66000000 -0.233346579672110E+005  0.138894916474419E+001 
      9.68000000 -0.233346612791781E+005  0.138563719768620E+001 
      9.70000000 -0.233346646314629E+005  0.138228491288025E+001 
      9.72000000 -0.233346680198152E+005  0.137889656057228E+001 
      9.74000000 -0.233346714400444E+005  0.137547633138882E+001 
      9.76000000 -0.233346748880268E+005  0.137202834890625E+001 
      9.78000000 -0.233346783597129E+005  0.136855666287273E+001 
      9.80000000 -0.233346818511323E+005  0.136506524343869E+001 
      9.82000000 -0.233346853583998E+005  0.136155797591636E+001 
      9.84000000 -0.233346888777194E+005  0.135803865634970E+001 
      9.86000000 -0.233346924053877E+005  0.135451098804655E+001 
      9.88000000 -0.233346959377973E+005  0.135097857846647E+001 
      9.90000000 -0.233346994714385E+005  0.134744493728106E+001 
      9.92000000 -0.233347030029011E+005  0.134391347462303E+001 
      9.94000000 -0.233347065288755E+005  0.134038750021068E+001 
      9.96000000 -0.233347100461528E+005  0.133687022300455E+001 
      9.98000000 -0.233347135516245E+005  0.133336475123212E+001 
     10.00000000 -0.233347170422828E+005  0.132987409298182E+001 
     10.02000000 -0.233347205152187E+005  0.132640115707540E+001 
     10.04000000 -0.233347239676215E+005  0.132294875424969E+001 
     10.06000000 -0.233347273967772E+005  0.131951959856415E+001 
     10.08000000 -0.233347308000669E+005  0.131611630889819E+001 
     10.10000000 -0.233347341749650E+005  0.131274141075470E+001 
     10.12000000 -0.233347375190379E+005  0.130939733788111E+001 
     10.14000000 -0.233347408299419E+005  0.130608643389659E+001 
     10.16000000 -0.233347441054217E+005  0.130281095402137E+001 
     10.18000000 -0.233347473433092E+005  0.129957306654618E+001 
     10.20000000 -0.233347505415215E+005  0.129637485421200E+001 
     10.22000000 -0.233347536980604E+005  0.129321831533300E+001 
     10.24000000 -0.233347568110110E+005  0.129010536476488E+001 
     10.26000000 -0.233347598785410E+005  0.128703783471532E+001 
     10.28000000 -0.233347628989008E+005  0.128401747492656E+001 
     10.30000000 -0.233347658704227E+005  0.128104595306206E+001 
     10.32000000 -0.233347687915212E+005  0.127812485452091E+001 
     10.34000000 -0.233347716606938E+005  0.127525568193047E+001 
     10.36000000 -0.233347744765212E+005  0.127243985454312E+001 
     10.38000000 -0.233347772376684E+005  0.126967870732674E+001 
     10.40000000 -0.233347799428859E+005  0.126697348984797E+001 
     10.42000000 -0.233347825910109E+005  0.126432536482437E+001 
     10.44000000 -0.233347851809691E+005  0.126173540669831E+001 
     10.46000000 -0.233347877117759E+005  0.125920459981792E+001 
     10.48000000 -0.233347901825389E+005  0.125673383685013E+001 
     10.50000000 -0.233347925924590E+005  0.125432391671720E+001 
     10.52000000 -0.233347949408328E+005  0.125197554296645E+001 
     10.54000000 -0.233347972270538E+005  0.124968932192336E+001 
     10.56000000 -0.233347994506148E+005  0.124746576098395E+001 
     10.58000000 -0.233348016111084E+005  0.124530526732164E+001 
     10.60000000 -0.233348037082292E+005  0.124320814654464E+001 
     10.62000000 -0.233348057417740E+005  0.124117460178647E+001 
     10.64000000 -0.233348077116426E+005  0.123920473319237E+001 
     10.66000000 -0.233348096178381E+005  0.123729853770588E+001 
     10.68000000 -0.233348114604664E+005  0.123545590933800E+001 
     10.70000000 -0.233348132397357E+005  0.123367664001786E+001 
     10.72000000 -0.233348149559551E+005  0.123196042070648E+001 
     10.74000000 -0.233348166095324E+005  0.123030684332712E+001 
     10.76000000 -0.233348182009729E+005  0.122871540290293E+001 
     10.78000000 -0.233348197308752E+005  0.122718550053610E+001 
     10.80000000 -0.233348211999291E+005  0.122571644660969E+001 
     10.82000000 -0.233348226089111E+005  0.122430746467627E+001 
     10.84000000 -0.233348239586802E+005  0.122295769556616E+001 
     10.86000000 -0.233348252501736E+005  0.122166620212992E+001 
     10.88000000 -0.233348264844016E+005  0.122043197413236E+001 
     10.90000000 -0.233348276624422E+005  0.121925393350853E+001 
     10.92000000 -0.233348287854359E+005  0.121813093987649E+001 
     10.94000000 -0.233348298545797E+005  0.121706179609955E+001 
     10.96000000 -0.233348308711218E+005  0.121604525400010E+001 
     10.98000000 -0.233348318363556E+005  0.121508002015388E+001 
     11.00000000 -0.233348327516142E+005  0.121416476154194E+001 
     11.02000000 -0.233348336182646E+005  0.121329811120572E+001 
     11.04000000 -0.233348344377022E+005  0.121247867356798E+001 
     11.06000000 -0.233348352113460E+005  0.121170502976304E+001 
     11.08000000 -0.233348359406331E+005  0.121097574267001E+001 
     11.10000000 -0.233348366270143E+005  0.121028936150679E+001 
     11.12000000 -0.233348372719494E+005  0.120964442630953E+001 
     11.14000000 -0.233348378769038E+005  0.120903947196667E+001 
     11.16000000 -0.233348384433438E+005  0.120847303197455E+001 
     11.18000000 -0.233348389727338E+005  0.120794364193314E+001 
     11.20000000 -0.233348394665334E+005  0.120744984240759E+001 
     11.22000000 -0.233348399261938E+005  0.120699018196614E+001 
     11.24000000 -0.233348403531563E+005  0.120656321946317E+001 
     11.26000000 -0.233348407488494E+005  0.120616752638413E+001 
     11.28000000 -0.233348411146870E+005  0.120580168872954E+001 
     11.30000000 -0.233348414520669E+005  0.120546430884326E+001 
     11.32000000 -0.233348417623686E+005  0.120515400711400E+001 
     11.34000000 -0.233348420469525E+005  0.120486942328079E+001 
     11.36000000 -0.233348423071578E+005  0.120460921791790E+001 
     11.38000000 -0.233348425443021E+005  0.120437207368152E+001 
     11.40000000 -0.233348427596793E+005  0.120415669644827E+001 
     11.42000000 -0.233348429545592E+005  0.120396181656181E+001 
     11.44000000 -0.233348431301858E+005  0.120378618991880E+001 
     11.46000000 -0.233348432877766E+005  0.120362859911340E+001 
     11.48000000 -0.233348434285212E+005  0.120348785453871E+001 
     11.50000000 -0.233348435535802E+005  0.120336279555294E+001 
     11.52000000 -0.233348436640841E+005  0.120325229164574E+001 
     11.54000000 -0.233348437611322E+005  0.120315524353025E+001 
     11.56000000 -0.233348438457913E+005  0.120307058446401E+001 
     11.58000000 -0.233348439190944E+005  0.120299728133793E+001 
     11.60000000 -0.233348439820397E+005  0.120293433604054E+001 
     11.62000000 -0.233348440355891E+005  0.120288078662430E+001 
     11.64000000 -0.233348440806670E+005  0.120283570871003E+001 
     11.66000000 -0.233348441181591E+005  0.120279821668417E+001 
     11.68000000 -0.233348441489106E+005  0.120276746510945E+001 
     11.70000000 -0.233348441737257E+005  0.120274265004271E+001 
     11.72000000 -0.233348441933654E+005  0.120272301033116E+001 
     11.74000000 -0.233348442085467E+005  0.120270782910036E+001 
     11.76000000 -0.233348442199408E+005  0.120269643496382E+001 
     11.78000000 -0.233348442281722E+005  0.120268820357286E+001 
     11.80000000 -0.233348442338170E+005  0.120268255878912E+001 
     11.82000000 -0.233348442374015E+005  0.120267897423131E+001 
     11.84000000 -0.233348442394012E+005  0.120267697457451E+001 
     11.86000000 -0.233348442402389E+005  0.120267613683405E+001 
     11.88000000 -0.233348442402839E+005  0.120267609182251E+001 
     11.90000000 -0.233348442398504E+005  0.120267652538105E+001 
     11.92000000 -0.233348442391961E+005  0.120267717967553E+001 
     11.94000000 -0.233348442385213E+005  0.120267785447424E+001 
     11.96000000 -0.233348442379674E+005  0.120267840832339E+001 
     11.98000000 -0.233348442376160E+005  0.120267875972582E+001 
     12.00000000 -0.233348442374875E+005  0.120267888824226E+001 
     12.02000000 -0.233348442374708E+005  0.120267890494757E+001 
     12.04000000 -0.233348442374546E+005  0.120267892113316E+001 
     12.06000000 -0.233348442374384E+005  0.120267893736825E+001 
     12.08000000 -0.233348442374220E+005  0.120267895374255E+001 
     12.10000000 -0.233348442374055E+005  0.120267897029628E+001 
     12.12000000 -0.233348442373887E+005  0.120267898705728E+001 
     12.14000000 -0.233348442373717E+005  0.120267900406885E+001 
     12.16000000 -0.233348442373545E+005  0.120267902128770E+001 
     12.18000000 -0.233348442373370E+005  0.120267903871381E+001 
     12.20000000 -0.233348442373194E+005  0.120267905635957E+001 
     12.22000000 -0.233348442373016E+005  0.120267907419404E+001 
     12.24000000 -0.233348442372835E+005  0.120267909220794E+001 
     12.26000000 -0.233348442372654E+005  0.120267911036723E+001 
     12.28000000 -0.233348442372471E+005  0.120267912867811E+001 
     12.30000000 -0.233348442372287E+005  0.120267914710654E+001 
     12.32000000 -0.233348442372101E+005  0.120267916561850E+001 
     12.34000000 -0.233348442371915E+005  0.120267918422327E+001 
     12.36000000 -0.233348442371729E+005  0.120267920289610E+001 
     12.38000000 -0.233348442371541E+005  0.120267922161842E+001 
     12.40000000 -0.233348442371354E+005  0.120267924038405E+001 
     12.42000000 -0.233348442371166E+005  0.120267925918681E+001 
     12.44000000 -0.233348442370977E+005  0.120267927803288E+001 
     12.46000000 -0.233348442370788E+005  0.120267929691916E+001 
     12.48000000 -0.233348442370599E+005  0.120267931581472E+001 
     12.50000000 -0.233348442370410E+005  0.120267933475360E+001 
     12.52000000 -0.233348442370221E+005  0.120267935369247E+001 
     12.54000000 -0.233348442370031E+005  0.120267937265610E+001 
     12.56000000 -0.233348442369841E+005  0.120267939164447E+001 
     12.58000000 -0.233348442369651E+005  0.120267941062356E+001 
     12.60000000 -0.233348442369462E+005  0.120267942959337E+001 
     12.62000000 -0.233348442369272E+005  0.120267944856318E+001 
     12.64000000 -0.233348442369082E+005  0.120267946752061E+001 
     12.66000000 -0.233348442368893E+005  0.120267948645949E+001 
     12.68000000 -0.233348442368704E+005  0.120267950536433E+001 
     12.70000000 -0.233348442368515E+005  0.120267952424134E+001 
     12.72000000 -0.233348442368327E+005  0.120267954308431E+001 
     12.74000000 -0.233348442368139E+005  0.120267956189325E+001 
     12.76000000 -0.233348442367951E+005  0.120267958063414E+001 
     12.78000000 -0.233348442367764E+005  0.120267959932553E+001 
     12.80000000 -0.233348442367578E+005  0.120267961794267E+001 
     12.82000000 -0.233348442367392E+005  0.120267963651031E+001 
     12.84000000 -0.233348442367207E+005  0.120267965500681E+001 
     12.86000000 -0.233348442367023E+005  0.120267967341977E+001 
     12.88000000 -0.233348442366840E+005  0.120267969176777E+001 
     12.90000000 -0.233348442366657E+005  0.120267971003225E+001 
     12.92000000 -0.233348442366475E+005  0.120267972821938E+001 
     12.94000000 -0.233348442366294E+005  0.120267974633537E+001 
     12.96000000 -0.233348442366114E+005  0.120267976436164E+001 
     12.98000000 -0.233348442365934E+005  0.120267978232603E+001 
     13.00000000 -0.233348442365755E+005  0.120267980022237E+001 
     13.02000000 -0.233348442365577E+005  0.120267981805993E+001 
     13.04000000 -0.233348442365399E+005  0.120267983583872E+001 
     13.06000000 -0.233348442365222E+005  0.120267985355563E+001 
     13.08000000 -0.233348442365045E+005  0.120267987122614E+001 
     13.10000000 -0.233348442364869E+005  0.120267988885333E+001 
     13.12000000 -0.233348442364693E+005  0.120267990646197E+001 
     13.14000000 -0.233348442364517E+005  0.120267992403658E+001 
     13.16000000 -0.233348442364342E+005  0.120267994159262E+001 
     13.18000000 -0.233348442364166E+005  0.120267995915176E+001 
     13.20000000 -0.233348442363991E+005  0.120267997670471E+001 
     13.22000000 -0.233348442363815E+005  0.120267999424220E+001 
     13.24000000 -0.233348442363639E+005  0.120268001181681E+001 
     13.26000000 -0.233348442363464E+005  0.120268002939141E+001 
     13.28000000 -0.233348442363288E+005  0.120268004697839E+001 
     13.30000000 -0.233348442363111E+005  0.120268006461178E+001 
     13.32000000 -0.233348442362935E+005  0.120268008223588E+001 
     13.34000000 -0.233348442362758E+005  0.120268009990948E+001 
     13.36000000 -0.233348442362582E+005  0.120268011759855E+001 
     13.38000000 -0.233348442362404E+005  0.120268013531856E+001 
     13.40000000 -0.233348442362227E+005  0.120268015305403E+001 
     13.42000000 -0.233348442362050E+005  0.120268017080188E+001 
     13.44000000 -0.233348442361872E+005  0.120268018858994E+001 
     13.46000000 -0.233348442361694E+005  0.120268020636254E+001 
     13.48000000 -0.233348442361516E+005  0.120268022414132E+001 
     13.50000000 -0.233348442361339E+005  0.120268024190464E+001 
     13.52000000 -0.233348442361161E+005  0.120268025964939E+001 
     13.54000000 -0.233348442360984E+005  0.120268027732609E+001 
     13.56000000 -0.233348442360808E+005  0.120268029500278E+001 
     13.58000000 -0.233348442360631E+005  0.120268031261760E+001 
     13.60000000 -0.233348442360456E+005  0.120268033015818E+001 
     13.62000000 -0.233348442360281E+005  0.120268034760905E+001 
     13.64000000 -0.233348442360108E+005  0.120268036497948E+001 
     13.66000000 -0.233348442359935E+005  0.120268038224163E+001 
     13.68000000 -0.233348442359764E+005  0.120268039939861E+001 
     13.70000000 -0.233348442359593E+005  0.120268041644421E+001 
     13.72000000 -0.233348442359424E+005  0.120268043336608E+001 
     13.74000000 -0.233348442359256E+005  0.120268045015182E+001 
     13.76000000 -0.233348442359090E+005  0.120268046680454E+001 
     13.78000000 -0.233348442358924E+005  0.120268048331187E+001 
     13.80000000 -0.233348442358761E+005  0.120268049969854E+001 
     13.82000000 -0.233348442358598E+005  0.120268051592744E+001 
     13.84000000 -0.233348442358437E+005  0.120268053204807E+001 
     13.86000000 -0.233348442358277E+005  0.120268054800783E+001 
     13.88000000 -0.233348442358119E+005  0.120268056387169E+001 
     13.90000000 -0.233348442357962E+005  0.120268057959943E+001 
     13.92000000 -0.233348442357805E+005  0.120268059522199E+001 
     13.94000000 -0.233348442357650E+005  0.120268061072699E+001 
     13.96000000 -0.233348442357496E+005  0.120268062614847E+001 
     13.98000000 -0.233348442357343E+005  0.120268064149570E+001 
     14.00000000 -0.233348442357190E+005  0.120268065673466E+001 
     14.02000000 -0.233348442357038E+005  0.120268067191175E+001 
     14.04000000 -0.233348442356887E+005  0.120268068702077E+001 
     14.06000000 -0.233348442356737E+005  0.120268070207411E+001 
     14.08000000 -0.233348442356587E+005  0.120268071708724E+001 
     14.10000000 -0.233348442356437E+005  0.120268073204778E+001 
     14.12000000 -0.233348442356288E+005  0.120268074696809E+001 
     14.14000000 -0.233348442356139E+005  0.120268076185438E+001 
     14.16000000 -0.233348442355991E+005  0.120268077670355E+001 
     14.18000000 -0.233348442355842E+005  0.120268079151559E+001 
     14.20000000 -0.233348442355694E+005  0.120268080632145E+001 
     14.22000000 -0.233348442355547E+005  0.120268082107471E+001 
     14.24000000 -0.233348442355399E+005  0.120268083580632E+001 
     14.26000000 -0.233348442355252E+005  0.120268085051319E+001 
     14.28000000 -0.233348442355106E+005  0.120268086516746E+001 
     14.30000000 -0.233348442354960E+005  0.120268087979079E+001 
     14.32000000 -0.233348442354814E+005  0.120268089439557E+001 
     14.34000000 -0.233348442354668E+005  0.120268090894775E+001 
     14.36000000 -0.233348442354523E+005  0.120268092346281E+001 
     14.38000000 -0.233348442354378E+005  0.120268093793765E+001 
     14.40000000 -0.233348442354234E+005  0.120268095235991E+001 
     14.42000000 -0.233348442354090E+005  0.120268096674194E+001 
     14.44000000 -0.233348442353947E+005  0.120268098108376E+001 
     14.46000000 -0.233348442353804E+005  0.120268099536990E+001 
     14.48000000 -0.233348442353661E+005  0.120268100961582E+001 
     14.50000000 -0.233348442353519E+005  0.120268102381843E+001 
     14.52000000 -0.233348442353378E+005  0.120268103796844E+001 
     14.54000000 -0.233348442353237E+005  0.120268105207515E+001 
     14.56000000 -0.233348442353096E+005  0.120268106613546E+001 
     14.58000000 -0.233348442352956E+005  0.120268108016482E+001 
     14.60000000 -0.233348442352816E+005  0.120268109415398E+001 
     14.62000000 -0.233348442352676E+005  0.120268110811838E+001 
     14.64000000 -0.233348442352537E+005  0.120268112204875E+001 
     14.66000000 -0.233348442352398E+005  0.120268113593582E+001 
     14.68000000 -0.233348442352259E+005  0.120268114982598E+001 
     14.70000000 -0.233348442352121E+005  0.120268116368520E+001 
     14.72000000 -0.233348442351982E+005  0.120268117752276E+001 
     14.74000000 -0.233348442351844E+005  0.120268119137271E+001 
     14.76000000 -0.233348442351706E+005  0.120268120520409E+001 
     14.78000000 -0.233348442351568E+005  0.120268121900762E+001 
     14.80000000 -0.233348442351429E+005  0.120268123284519E+001 
     14.82000000 -0.233348442351291E+005  0.120268124667348E+001 
     14.84000000 -0.233348442351153E+005  0.120268126048939E+001 
     14.86000000 -0.233348442351014E+005  0.120268127431767E+001 
     14.88000000 -0.233348442350876E+005  0.120268128815833E+001 
     14.90000000 -0.233348442350738E+005  0.120268130199281E+001 
     14.92000000 -0.233348442350599E+005  0.120268131583347E+001 
     14.94000000 -0.233348442350461E+005  0.120268132966794E+001 
     14.96000000 -0.233348442350322E+005  0.120268134352407E+001 
     14.98000000 -0.233348442350184E+005  0.120268135736782E+001 
     15.00000000 -0.233348442350045E+005  0.120268137120848E+001 
     15.02000000 -0.233348442349907E+005  0.120268138504296E+001 
     15.04000000 -0.233348442349769E+005  0.120268139887124E+001 
     15.06000000 -0.233348442349631E+005  0.120268141269025E+001 
     15.08000000 -0.233348442349493E+005  0.120268142649379E+001 
     15.10000000 -0.233348442349355E+005  0.120268144028804E+001 
     15.12000000 -0.233348442349217E+005  0.120268145404208E+001 
     15.14000000 -0.233348442349080E+005  0.120268146780231E+001 
     15.16000000 -0.233348442348942E+005  0.120268148152542E+001 
     15.18000000 -0.233348442348805E+005  0.120268149521758E+001 
     15.20000000 -0.233348442348669E+005  0.120268150887882E+001 
     15.22000000 -0.233348442348533E+005  0.120268152249983E+001 
     15.24000000 -0.233348442348397E+005  0.120268153607135E+001 
     15.26000000 -0.233348442348262E+005  0.120268154960266E+001 
     15.28000000 -0.233348442348127E+005  0.120268156308446E+001 
     15.30000000 -0.233348442347993E+005  0.120268157650130E+001 
     15.32000000 -0.233348442347859E+005  0.120268158987483E+001 
     15.34000000 -0.233348442347726E+005  0.120268160318340E+001 
     15.36000000 -0.233348442347594E+005  0.120268161640534E+001 
     15.38000000 -0.233348442347462E+005  0.120268162957779E+001 
     15.40000000 -0.233348442347331E+005  0.120268164266981E+001 
     15.42000000 -0.233348442347201E+005  0.120268165569376E+001 
     15.44000000 -0.233348442347071E+005  0.120268166863419E+001 
     15.46000000 -0.233348442346942E+005  0.120268168150966E+001 
     15.48000000 -0.233348442346814E+005  0.120268169432016E+001 
     15.50000000 -0.233348442346687E+005  0.120268170703785E+001 
     15.52000000 -0.233348442346561E+005  0.120268171969986E+001 
     15.54000000 -0.233348442346435E+005  0.120268173229071E+001 
     15.56000000 -0.233348442346309E+005  0.120268174484444E+001 
     15.58000000 -0.233348442346185E+005  0.120268175730228E+001 
     15.60000000 -0.233348442346060E+005  0.120268176971370E+001 
     15.62000000 -0.233348442345937E+005  0.120268178207564E+001 
     15.64000000 -0.233348442345814E+005  0.120268179437879E+001 
     15.66000000 -0.233348442345691E+005  0.120268180663863E+001 
     15.68000000 -0.233348442345569E+005  0.120268181885516E+001 
     15.70000000 -0.233348442345447E+005  0.120268183105004E+001 
     15.72000000 -0.233348442345326E+005  0.120268184320470E+001 
     15.74000000 -0.233348442345204E+005  0.120268185532224E+001 
     15.76000000 -0.233348442345083E+005  0.120268186742431E+001 
     15.78000000 -0.233348442344962E+005  0.120268187951401E+001 
     15.80000000 -0.233348442344842E+005  0.120268189157896E+001 
     15.82000000 -0.233348442344721E+005  0.120268190363153E+001 
     15.84000000 -0.233348442344601E+005  0.120268191568410E+001 
     15.86000000 -0.233348442344480E+005  0.120268192773668E+001 
     15.88000000 -0.233348442344360E+005  0.120268193978306E+001 
     15.90000000 -0.233348442344239E+005  0.120268195182326E+001 
     15.92000000 -0.233348442344119E+005  0.120268196387584E+001 
     15.94000000 -0.233348442343998E+005  0.120268197594078E+001 
     15.96000000 -0.233348442343878E+005  0.120268198800264E+001 
     15.98000000 -0.233348442343757E+005  0.120268200007068E+001 
     16.00000000 -0.233348442343636E+005  0.120268201216965E+001 
     16.02000000 -0.233348442343515E+005  0.120268202424079E+001 
     16.04000000 -0.233348442343394E+005  0.120268203633358E+001 
     16.06000000 -0.233348442343273E+005  0.120268204842328E+001 
     16.08000000 -0.233348442343152E+005  0.120268206051297E+001 
     16.10000000 -0.233348442343032E+005  0.120268207258411E+001 
     16.12000000 -0.233348442342911E+005  0.120268208465524E+001 
     16.14000000 -0.233348442342791E+005  0.120268209669853E+001 
     16.16000000 -0.233348442342670E+005  0.120268210872636E+001 
     16.18000000 -0.233348442342550E+005  0.120268212072634E+001 
     16.20000000 -0.233348442342431E+005  0.120268213270158E+001 
     16.22000000 -0.233348442342312E+005  0.120268214460875E+001 
     16.24000000 -0.233348442342193E+005  0.120268215647571E+001 
     16.26000000 -0.233348442342075E+005  0.120268216829626E+001 
     16.28000000 -0.233348442341957E+005  0.120268218004876E+001 
     16.30000000 -0.233348442341840E+005  0.120268219174248E+001 
     16.32000000 -0.233348442341724E+005  0.120268220335576E+001 
     16.34000000 -0.233348442341609E+005  0.120268221488862E+001 
     16.36000000 -0.233348442341494E+005  0.120268222633794E+001 
     16.38000000 -0.233348442341381E+005  0.120268223769446E+001 
     16.40000000 -0.233348442341268E+005  0.120268224895508E+001 
     16.42000000 -0.233348442341156E+005  0.120268226012598E+001 
     16.44000000 -0.233348442341045E+005  0.120268227121336E+001 
     16.46000000 -0.233348442340936E+005  0.120268228218009E+001 
     16.48000000 -0.233348442340827E+005  0.120268229305092E+001 
     16.50000000 -0.233348442340719E+005  0.120268230383512E+001 
     16.52000000 -0.233348442340612E+005  0.120268231451415E+001 
     16.54000000 -0.233348442340507E+005  0.120268232508799E+001 
     16.56000000 -0.233348442340402E+005  0.120268233556284E+001 
     16.58000000 -0.233348442340298E+005  0.120268234594798E+001 
     16.60000000 -0.233348442340195E+005  0.120268235622793E+001 
     16.62000000 -0.233348442340093E+005  0.120268236641508E+001 
     16.64000000 -0.233348442339992E+005  0.120268237651251E+001 
     16.66000000 -0.233348442339892E+005  0.120268238652023E+001 
     16.68000000 -0.233348442339793E+005  0.120268239644442E+001 
     16.70000000 -0.233348442339695E+005  0.120268240628200E+001 
     16.72000000 -0.233348442339597E+005  0.120268241602058E+001 
     16.74000000 -0.233348442339501E+005  0.120268242568491E+001 
     16.76000000 -0.233348442339405E+005  0.120268243528118E+001 
     16.78000000 -0.233348442339310E+005  0.120268244479083E+001 
     16.80000000 -0.233348442339215E+005  0.120268245421387E+001 
     16.82000000 -0.233348442339122E+005  0.120268246358122E+001 
     16.84000000 -0.233348442339029E+005  0.120268247286813E+001 
     16.86000000 -0.233348442338937E+005  0.120268248207462E+001 
     16.88000000 -0.233348442338845E+005  0.120268249120685E+001 
     16.90000000 -0.233348442338755E+005  0.120268250026794E+001 
     16.92000000 -0.233348442338665E+005  0.120268250924550E+001 
     16.94000000 -0.233348442338576E+005  0.120268251816737E+001 
     16.96000000 -0.233348442338488E+005  0.120268252700263E+001 
     16.98000000 -0.233348442338400E+005  0.120268253576363E+001 
     17.00000000 -0.233348442338313E+005  0.120268254444730E+001 
     17.02000000 -0.233348442338227E+005  0.120268255306601E+001 
     17.04000000 -0.233348442338142E+005  0.120268256159190E+001 
     17.06000000 -0.233348442338057E+005  0.120268257004665E+001 
     17.08000000 -0.233348442337973E+005  0.120268257842714E+001 
     17.10000000 -0.233348442337890E+005  0.120268258673958E+001 
     17.12000000 -0.233348442337808E+005  0.120268259499634E+001 
     17.14000000 -0.233348442337726E+005  0.120268260316957E+001 
     17.16000000 -0.233348442337645E+005  0.120268261127783E+001 
     17.18000000 -0.233348442337564E+005  0.120268261934278E+001 
     17.20000000 -0.233348442337484E+005  0.120268262733040E+001 
     17.22000000 -0.233348442337405E+005  0.120268263528398E+001 
     17.24000000 -0.233348442337326E+005  0.120268264317570E+001 
     17.26000000 -0.233348442337247E+005  0.120268265103029E+001 
     17.28000000 -0.233348442337169E+005  0.120268265884775E+001 
     17.30000000 -0.233348442337091E+005  0.120268266661882E+001 
     17.32000000 -0.233348442337014E+005  0.120268267435276E+001 
     17.34000000 -0.233348442336937E+005  0.120268268206195E+001 
     17.36000000 -0.233348442336860E+005  0.120268268972783E+001 
     17.38000000 -0.233348442336784E+005  0.120268269736278E+001 
     17.40000000 -0.233348442336708E+005  0.120268270496060E+001 
     17.42000000 -0.233348442336632E+005  0.120268271252130E+001 
     17.44000000 -0.233348442336557E+005  0.120268272005107E+001 
     17.46000000 -0.233348442336482E+005  0.120268272753134E+001 
     17.48000000 -0.233348442336408E+005  0.120268273496829E+001 
     17.50000000 -0.233348442336334E+005  0.120268274235885E+001 
     17.52000000 -0.233348442336261E+005  0.120268274968134E+001 
     17.54000000 -0.233348442336188E+005  0.120268275695743E+001 
     17.56000000 -0.233348442336116E+005  0.120268276416547E+001 
     17.58000000 -0.233348442336045E+005  0.120268277129925E+001 
     17.60000000 -0.233348442335974E+005  0.120268277837736E+001 
     17.62000000 -0.233348442335904E+005  0.120268278538121E+001 
     17.64000000 -0.233348442335834E+005  0.120268279232320E+001 
     17.66000000 -0.233348442335766E+005  0.120268279917547E+001 
     17.68000000 -0.233348442335698E+005  0.120268280596896E+001 
     17.70000000 -0.233348442335631E+005  0.120268281269749E+001 
     17.72000000 -0.233348442335564E+005  0.120268281935177E+001 
     17.74000000 -0.233348442335498E+005  0.120268282594109E+001 
     17.76000000 -0.233348442335433E+005  0.120268283247782E+001 
     17.78000000 -0.233348442335368E+005  0.120268283895577E+001 
     17.80000000 -0.233348442335304E+005  0.120268284537803E+001 
     17.82000000 -0.233348442335240E+005  0.120268285175080E+001 
     17.84000000 -0.233348442335177E+005  0.120268285809263E+001 
     17.86000000 -0.233348442335114E+005  0.120268286440353E+001 
     17.88000000 -0.233348442335051E+005  0.120268287065874E+001 
     17.90000000 -0.233348442334989E+005  0.120268287689539E+001 
     17.92000000 -0.233348442334926E+005  0.120268288311348E+001 
     17.94000000 -0.233348442334864E+005  0.120268288931300E+001 
     17.96000000 -0.233348442334803E+005  0.120268289548159E+001 
     17.98000000 -0.233348442334741E+005  0.120268290162544E+001 
     18.00000000 -0.233348442334680E+005  0.120268290778165E+001 
     18.02000000 -0.233348442334619E+005  0.120268291390075E+001 
     18.04000000 -0.233348442334558E+005  0.120268292000128E+001 
     18.06000000 -0.233348442334497E+005  0.120268292610181E+001 
     18.08000000 -0.233348442334436E+005  0.120268293218688E+001 
     18.10000000 -0.233348442334375E+005  0.120268293825647E+001 
     18.12000000 -0.233348442334315E+005  0.120268294429823E+001 
     18.14000000 -0.233348442334254E+005  0.120268295031833E+001 
     18.16000000 -0.233348442334194E+005  0.120268295631987E+001 
     18.18000000 -0.233348442334135E+005  0.120268296230284E+001 
     18.20000000 -0.233348442334075E+005  0.120268296824870E+001 
     18.22000000 -0.233348442334016E+005  0.120268297415743E+001 
     18.24000000 -0.233348442333957E+005  0.120268298004760E+001 
     18.26000000 -0.233348442333899E+005  0.120268298589446E+001 
     18.28000000 -0.233348442333841E+005  0.120268299170419E+001 
     18.30000000 -0.233348442333783E+005  0.120268299750465E+001 
     18.32000000 -0.233348442333725E+005  0.120268300322158E+001 
     18.34000000 -0.233348442333668E+005  0.120268300891685E+001 
     18.36000000 -0.233348442333612E+005  0.120268301455953E+001 
     18.38000000 -0.233348442333556E+005  0.120268302016819E+001 
     18.40000000 -0.233348442333500E+005  0.120268302572425E+001 
     18.42000000 -0.233348442333445E+005  0.120268303124628E+001 
     18.44000000 -0.233348442333390E+005  0.120268303670954E+001 
     18.46000000 -0.233348442333336E+005  0.120268304214805E+001 
     18.48000000 -0.233348442333282E+005  0.120268304753087E+001 
     18.50000000 -0.233348442333229E+005  0.120268305289513E+001 
     18.52000000 -0.233348442333175E+005  0.120268305820990E+001 
     18.54000000 -0.233348442333122E+005  0.120268306351847E+001 
     18.56000000 -0.233348442333070E+005  0.120268306878065E+001 
     18.58000000 -0.233348442333017E+005  0.120268307402426E+001 
     18.60000000 -0.233348442332965E+005  0.120268307926478E+001 
     18.62000000 -0.233348442332913E+005  0.120268308447126E+001 
     18.64000000 -0.233348442332861E+005  0.120268308967775E+001 
     18.66000000 -0.233348442332809E+005  0.120268309486877E+001 
     18.68000000 -0.233348442332757E+005  0.120268310006598E+001 
     18.70000000 -0.233348442332705E+005  0.120268310525082E+001 
     18.72000000 -0.233348442332653E+005  0.120268311043565E+001 
     18.74000000 -0.233348442332601E+005  0.120268311562048E+001 
     18.76000000 -0.233348442332550E+005  0.120268312079294E+001 
     18.78000000 -0.233348442332498E+005  0.120268312597159E+001 
     18.80000000 -0.233348442332446E+005  0.120268313113168E+001 
     18.82000000 -0.233348442332395E+005  0.120268313629176E+001 
     18.84000000 -0.233348442332343E+005  0.120268314143329E+001 
     18.86000000 -0.233348442332292E+005  0.120268314655006E+001 
     18.88000000 -0.233348442332241E+005  0.120268315164827E+001 
     18.90000000 -0.233348442332190E+005  0.120268315673411E+001 
     18.92000000 -0.233348442332140E+005  0.120268316179830E+001 
     18.94000000 -0.233348442332089E+005  0.120268316682227E+001 
     18.96000000 -0.233348442332039E+005  0.120268317182458E+001 
     18.98000000 -0.233348442331990E+005  0.120268317679905E+001 
     19.00000000 -0.233348442331940E+005  0.120268318173640E+001 
     19.02000000 -0.233348442331891E+005  0.120268318665209E+001 
     19.04000000 -0.233348442331842E+005  0.120268319154303E+001 
     19.06000000 -0.233348442331794E+005  0.120268319640614E+001 
     19.08000000 -0.233348442331745E+005  0.120268320125686E+001 
     19.10000000 -0.233348442331697E+005  0.120268320609522E+001 
     19.12000000 -0.233348442331648E+005  0.120268321090882E+001 
     19.14000000 -0.233348442331600E+005  0.120268321572243E+001 
     19.16000000 -0.233348442331552E+005  0.120268322054222E+001 
     19.18000000 -0.233348442331504E+005  0.120268322533417E+001 
     19.20000000 -0.233348442331456E+005  0.120268323014468E+001 
     19.22000000 -0.233348442331408E+005  0.120268323495210E+001 
     19.24000000 -0.233348442331360E+005  0.120268323978426E+001 
     19.26000000 -0.233348442331311E+005  0.120268324461643E+001 
     19.28000000 -0.233348442331263E+005  0.120268324944241E+001 
     19.30000000 -0.233348442331215E+005  0.120268325428076E+001 
     19.32000000 -0.233348442331166E+005  0.120268325911912E+001 
     19.34000000 -0.233348442331118E+005  0.120268326397912E+001 
     19.36000000 -0.233348442331069E+005  0.120268326881438E+001 
     19.38000000 -0.233348442331021E+005  0.120268327366202E+001 
     19.40000000 -0.233348442330973E+005  0.120268327848490E+001 
     19.42000000 -0.233348442330924E+005  0.120268328331707E+001 
     19.44000000 -0.233348442330876E+005  0.120268328811521E+001 
     19.46000000 -0.233348442330829E+005  0.120268329290097E+001 
     19.48000000 -0.233348442330781E+005  0.120268329767126E+001 
     19.50000000 -0.233348442330733E+005  0.120268330241062E+001 
     19.52000000 -0.233348442330686E+005  0.120268330713142E+001 
     19.54000000 -0.233348442330639E+005  0.120268331182128E+001 
     19.56000000 -0.233348442330593E+005  0.120268331648949E+001 
     19.58000000 -0.233348442330546E+005  0.120268332113295E+001 
     19.60000000 -0.233348442330500E+005  0.120268332574238E+001 
     19.62000000 -0.233348442330454E+005  0.120268333033943E+001 
     19.64000000 -0.233348442330408E+005  0.120268333491174E+001 
     19.66000000 -0.233348442330363E+005  0.120268333947167E+001 
     19.68000000 -0.233348442330318E+005  0.120268334400376E+001 
     19.70000000 -0.233348442330272E+005  0.120268334853585E+001 
     19.72000000 -0.233348442330227E+005  0.120268335304628E+001 
     19.74000000 -0.233348442330182E+005  0.120268335754125E+001 
     19.76000000 -0.233348442330137E+005  0.120268336203003E+001 
     19.78000000 -0.233348442330092E+005  0.120268336651571E+001 
     19.80000000 -0.233348442330048E+005  0.120268337098284E+001 
     19.82000000 -0.233348442330003E+005  0.120268337542521E+001 
     19.84000000 -0.233348442329959E+005  0.120268337988305E+001 
     19.86000000 -0.233348442329914E+005  0.120268338432852E+001 
     19.88000000 -0.233348442329870E+005  0.120268338875852E+001 
     19.90000000 -0.233348442329826E+005  0.120268339318853E+001 
     19.92000000 -0.233348442329781E+005  0.120268339761234E+001 
     19.94000000 -0.233348442329737E+005  0.120268340202687E+001 
     19.96000000 -0.233348442329693E+005  0.120268340643831E+001 
     19.98000000 -0.233348442329649E+005  0.120268341084666E+001 
     20.00000000 -0.233348442329605E+005  0.120268341527975E+001 
     20.02000000 -0.233348442329561E+005  0.120268341968810E+001 
     20.04000000 -0.233348442329516E+005  0.120268342411810E+001 
     20.06000000 -0.233348442329472E+005  0.120268342855738E+001 
     20.08000000 -0.233348442329428E+005  0.120268343299048E+001 
     20.10000000 -0.233348442329383E+005  0.120268343744214E+001 
     20.12000000 -0.233348442329339E+005  0.120268344190617E+001 
     20.14000000 -0.233348442329294E+005  0.120268344639495E+001 
     20.16000000 -0.233348442329249E+005  0.120268345088682E+001 
     20.18000000 -0.233348442329204E+005  0.120268345539416E+001 
     20.20000000 -0.233348442329158E+005  0.120268345991078E+001 
     20.22000000 -0.233348442329113E+005  0.120268346445215E+001 
     20.24000000 -0.233348442329068E+005  0.120268346900589E+001 
     20.26000000 -0.233348442329022E+005  0.120268347357201E+001 
     20.28000000 -0.233348442328976E+005  0.120268347815669E+001 
     20.30000000 -0.233348442328930E+005  0.120268348276303E+001 
     20.32000000 -0.233348442328884E+005  0.120268348737864E+001 
     20.34000000 -0.233348442328837E+005  0.120268349200973E+001 
     20.36000000 -0.233348442328791E+005  0.120268349663462E+001 
     20.38000000 -0.233348442328744E+005  0.120268350131521E+001 
     20.40000000 -0.233348442328698E+005  0.120268350600507E+001 
     20.42000000 -0.233348442328651E+005  0.120268351068874E+001 
     20.44000000 -0.233348442328604E+005  0.120268351540335E+001 
     20.46000000 -0.233348442328556E+005  0.120268352013652E+001 
     20.48000000 -0.233348442328508E+005  0.120268352491919E+001 
     20.50000000 -0.233348442328461E+005  0.120268352968949E+001 
     20.52000000 -0.233348442328413E+005  0.120268353450309E+001 
     20.54000000 -0.233348442328364E+005  0.120268353932907E+001 
     20.56000000 -0.233348442328316E+005  0.120268354419836E+001 
     20.58000000 -0.233348442328267E+005  0.120268354908002E+001 
     20.60000000 -0.233348442328218E+005  0.120268355399572E+001 
     20.62000000 -0.233348442328168E+005  0.120268355892069E+001 
     20.64000000 -0.233348442328119E+005  0.120268356387969E+001 
     20.66000000 -0.233348442328069E+005  0.120268356886654E+001 
     20.68000000 -0.233348442328019E+005  0.120268357386885E+001 
     20.70000000 -0.233348442327969E+005  0.120268357890210E+001 
     20.72000000 -0.233348442327918E+005  0.120268358397247E+001 
     20.74000000 -0.233348442327867E+005  0.120268358907378E+001 
     20.76000000 -0.233348442327816E+005  0.120268359419983E+001 
     20.78000000 -0.233348442327764E+005  0.120268359938467E+001 
     20.80000000 -0.233348442327712E+005  0.120268360460353E+001 
     20.82000000 -0.233348442327659E+005  0.120268360986880E+001 
     20.84000000 -0.233348442327606E+005  0.120268361519594E+001 
     20.86000000 -0.233348442327552E+005  0.120268362057257E+001 
     20.88000000 -0.233348442327497E+005  0.120268362601108E+001 
     20.90000000 -0.233348442327442E+005  0.120268363154239E+001 
     20.92000000 -0.233348442327386E+005  0.120268363714177E+001 
     20.94000000 -0.233348442327329E+005  0.120268364281539E+001 
     20.96000000 -0.233348442327272E+005  0.120268364858491E+001 
     20.98000000 -0.233348442327213E+005  0.120268365444105E+001 
     21.00000000 -0.233348442327154E+005  0.120268366038071E+001 
     21.02000000 -0.233348442327093E+005  0.120268366641937E+001 
     21.04000000 -0.233348442327032E+005  0.120268367255084E+001 
     21.06000000 -0.233348442326970E+005  0.120268367876584E+001 
     21.08000000 -0.233348442326907E+005  0.120268368509220E+001 
     21.10000000 -0.233348442326843E+005  0.120268369147115E+001 
     21.12000000 -0.233348442326778E+005  0.120268369796148E+001 
     21.14000000 -0.233348442326712E+005  0.120268370453223E+001 
     21.16000000 -0.233348442326646E+005  0.120268371118342E+001 
     21.18000000 -0.233348442326579E+005  0.120268371790576E+001 
     21.20000000 -0.233348442326510E+005  0.120268372473947E+001 
     21.22000000 -0.233348442326442E+005  0.120268373160721E+001 
     21.24000000 -0.233348442326372E+005  0.120268373857395E+001 
     21.26000000 -0.233348442326301E+005  0.120268374560874E+001 
     21.28000000 -0.233348442326230E+005  0.120268375271778E+001 
     21.30000000 -0.233348442326159E+005  0.120268375989797E+001 
     21.32000000 -0.233348442326086E+005  0.120268376714931E+001 
     21.34000000 -0.233348442326013E+005  0.120268377446562E+001 
     21.36000000 -0.233348442325939E+005  0.120268378186545E+001 
     21.38000000 -0.233348442325864E+005  0.120268378932716E+001 
     21.40000000 -0.233348442325789E+005  0.120268379687239E+001 
     21.42000000 -0.233348442325713E+005  0.120268380448878E+001 
     21.44000000 -0.233348442325636E+005  0.120268381218250E+001 
     21.46000000 -0.233348442325558E+005  0.120268381993500E+001 
     21.48000000 -0.233348442325480E+005  0.120268382776794E+001 
     21.50000000 -0.233348442325401E+005  0.120268383565656E+001 
     21.52000000 -0.233348442325321E+005  0.120268384361942E+001 
     21.54000000 -0.233348442325241E+005  0.120268385164416E+001 
     21.56000000 -0.233348442325160E+005  0.120268385973696E+001 
     21.58000000 -0.233348442325079E+005  0.120268386790400E+001 
     21.60000000 -0.233348442324996E+005  0.120268387611126E+001 
     21.62000000 -0.233348442324914E+005  0.120268388438657E+001 
     21.64000000 -0.233348442324830E+005  0.120268389271448E+001 
     21.66000000 -0.233348442324747E+005  0.120268390110117E+001 
     21.68000000 -0.233348442324662E+005  0.120268390952497E+001 
     21.70000000 -0.233348442324577E+005  0.120268391800756E+001 
     21.72000000 -0.233348442324492E+005  0.120268392652727E+001 
     21.74000000 -0.233348442324407E+005  0.120268393508101E+001 
     21.76000000 -0.233348442324321E+005  0.120268394368424E+001 
     21.78000000 -0.233348442324234E+005  0.120268395232770E+001 
     21.80000000 -0.233348442324148E+005  0.120268396098971E+001 
     21.82000000 -0.233348442324061E+005  0.120268396969503E+001 
     21.84000000 -0.233348442323973E+005  0.120268397841892E+001 
     21.86000000 -0.233348442323886E+005  0.120268398716755E+001 
     21.88000000 -0.233348442323798E+005  0.120268399594094E+001 
     21.90000000 -0.233348442323710E+005  0.120268400475144E+001 
     21.92000000 -0.233348442323622E+005  0.120268401354957E+001 
     21.94000000 -0.233348442323534E+005  0.120268402235698E+001 
     21.96000000 -0.233348442323446E+005  0.120268403119843E+001 
     21.98000000 -0.233348442323357E+005  0.120268404003677E+001 
     22.00000000 -0.233348442323269E+005  0.120268404887203E+001 
     22.02000000 -0.233348442323180E+005  0.120268405771347E+001 
     22.04000000 -0.233348442323092E+005  0.120268406653325E+001 
     22.06000000 -0.233348442323004E+005  0.120268407537160E+001 
     22.08000000 -0.233348442322916E+005  0.120268408419448E+001 
     22.10000000 -0.233348442322828E+005  0.120268409300499E+001 
     22.12000000 -0.233348442322740E+005  0.120268410179074E+001 
     22.14000000 -0.233348442322652E+005  0.120268411057650E+001 
     22.16000000 -0.233348442322564E+005  0.120268411934370E+001 
     22.18000000 -0.233348442322477E+005  0.120268412808924E+001 
     22.20000000 -0.233348442322389E+005  0.120268413685334E+001 
     22.22000000 -0.233348442322302E+005  0.120268414558032E+001 
     22.24000000 -0.233348442322214E+005  0.120268415432586E+001 
     22.26000000 -0.233348442322127E+005  0.120268416306830E+001 
     22.28000000 -0.233348442322039E+005  0.120268417181075E+001 
     22.30000000 -0.233348442321952E+005  0.120268418056557E+001 
     22.32000000 -0.233348442321864E+005  0.120268418934514E+001 
     22.34000000 -0.233348442321776E+005  0.120268419813708E+001 
     22.36000000 -0.233348442321688E+005  0.120268420698781E+001 
     22.38000000 -0.233348442321599E+005  0.120268421584781E+001 
     22.40000000 -0.233348442321510E+005  0.120268422476968E+001 
     22.42000000 -0.233348442321420E+005  0.120268423375962E+001 
     22.44000000 -0.233348442321330E+005  0.120268424280214E+001 
     22.46000000 -0.233348442321239E+005  0.120268425189725E+001 
     22.48000000 -0.233348442321147E+005  0.120268426106661E+001 
     22.50000000 -0.233348442321054E+005  0.120268427031641E+001 
     22.52000000 -0.233348442320961E+005  0.120268427966519E+001 
     22.54000000 -0.233348442320867E+005  0.120268428907585E+001 
     22.56000000 -0.233348442320772E+005  0.120268429857932E+001 
     22.58000000 -0.233348442320676E+005  0.120268430816631E+001 
     22.60000000 -0.233348442320579E+005  0.120268431782755E+001 
     22.62000000 -0.233348442320482E+005  0.120268432758160E+001 
     22.64000000 -0.233348442320383E+005  0.120268433741917E+001 
     22.66000000 -0.233348442320284E+005  0.120268434732171E+001 
     22.68000000 -0.233348442320184E+005  0.120268435731087E+001 
     22.70000000 -0.233348442320084E+005  0.120268436738046E+001 
     22.72000000 -0.233348442319982E+005  0.120268437751501E+001 
     22.74000000 -0.233348442319880E+005  0.120268438772691E+001 
     22.76000000 -0.233348442319778E+005  0.120268439799758E+001 
     22.78000000 -0.233348442319674E+005  0.120268440834559E+001 
     22.80000000 -0.233348442319570E+005  0.120268441874929E+001 
     22.82000000 -0.233348442319465E+005  0.120268442921486E+001 
     22.84000000 -0.233348442319360E+005  0.120268443973921E+001 
     22.86000000 -0.233348442319254E+005  0.120268445032543E+001 
     22.88000000 -0.233348442319148E+005  0.120268446096114E+001 
     22.90000000 -0.233348442319041E+005  0.120268447167420E+001 
     22.92000000 -0.233348442318933E+005  0.120268448245840E+001 
     22.94000000 -0.233348442318825E+005  0.120268449326426E+001 
     22.96000000 -0.233348442318716E+005  0.120268450415984E+001 
     22.98000000 -0.233348442318607E+005  0.120268451510491E+001 
     23.00000000 -0.233348442318496E+005  0.120268452611495E+001 
     23.02000000 -0.233348442318386E+005  0.120268453718995E+001 
     23.04000000 -0.233348442318274E+005  0.120268454831755E+001 
     23.06000000 -0.233348442318162E+005  0.120268455952248E+001 
     23.08000000 -0.233348442318050E+005  0.120268457078310E+001 
     23.10000000 -0.233348442317936E+005  0.120268458211178E+001 
     23.12000000 -0.233348442317822E+005  0.120268459350851E+001 
     23.14000000 -0.233348442317708E+005  0.120268460495474E+001 
     23.16000000 -0.233348442317593E+005  0.120268461646903E+001 
     23.18000000 -0.233348442317477E+005  0.120268462806376E+001 
     23.20000000 -0.233348442317360E+005  0.120268463970798E+001 
     23.22000000 -0.233348442317243E+005  0.120268465142645E+001 
     23.24000000 -0.233348442317126E+005  0.120268466319441E+001 
     23.26000000 -0.233348442317007E+005  0.120268467504900E+001 
     23.28000000 -0.233348442316888E+005  0.120268468695617E+001 
     23.30000000 -0.233348442316768E+005  0.120268469891903E+001 
     23.32000000 -0.233348442316648E+005  0.120268471094376E+001 
     23.34000000 -0.233348442316527E+005  0.120268472302418E+001 
     23.36000000 -0.233348442316406E+005  0.120268473517575E+001 
     23.38000000 -0.233348442316284E+005  0.120268474736753E+001 
     23.40000000 -0.233348442316161E+005  0.120268475962119E+001 
     23.42000000 -0.233348442316038E+005  0.120268477193981E+001 
     23.44000000 -0.233348442315915E+005  0.120268478430174E+001 
     23.46000000 -0.233348442315790E+005  0.120268479671317E+001 
     23.48000000 -0.233348442315666E+005  0.120268480918646E+001 
     23.50000000 -0.233348442315541E+005  0.120268482169689E+001 
     23.52000000 -0.233348442315415E+005  0.120268483426918E+001 
     23.54000000 -0.233348442315289E+005  0.120268484687551E+001 
     23.56000000 -0.233348442315162E+005  0.120268485954061E+001 
     23.58000000 -0.233348442315035E+005  0.120268487225211E+001 
     23.60000000 -0.233348442314907E+005  0.120268488501621E+001 
     23.62000000 -0.233348442314779E+005  0.120268489781124E+001 
     23.64000000 -0.233348442314651E+005  0.120268491064339E+001 
     23.66000000 -0.233348442314522E+005  0.120268492353433E+001 
     23.68000000 -0.233348442314393E+005  0.120268493645619E+001 
     23.70000000 -0.233348442314263E+005  0.120268494943684E+001 
     23.72000000 -0.233348442314133E+005  0.120268496245461E+001 
     23.74000000 -0.233348442314002E+005  0.120268497552806E+001 
     23.76000000 -0.233348442313871E+005  0.120268498863245E+001 
     23.78000000 -0.233348442313740E+005  0.120268500178634E+001 
     23.80000000 -0.233348442313608E+005  0.120268501497735E+001 
     23.82000000 -0.233348442313475E+005  0.120268502822095E+001 
     23.84000000 -0.233348442313342E+005  0.120268504151405E+001 
     23.86000000 -0.233348442313209E+005  0.120268505485355E+001 
     23.88000000 -0.233348442313075E+005  0.120268506822398E+001 
     23.90000000 -0.233348442312941E+005  0.120268508165629E+001 
     23.92000000 -0.233348442312806E+005  0.120268509513191E+001 
     23.94000000 -0.233348442312671E+005  0.120268510866940E+001 
     23.96000000 -0.233348442312535E+005  0.120268512225020E+001 
     23.98000000 -0.233348442312399E+005  0.120268513588978E+001 
     24.00000000 -0.233348442312262E+005  0.120268514958504E+001 
     24.02000000 -0.233348442312124E+005  0.120268516334527E+001 
     24.04000000 -0.233348442311986E+005  0.120268517717046E+001 
     24.06000000 -0.233348442311847E+005  0.120268519103587E+001 
     24.08000000 -0.233348442311708E+005  0.120268520499409E+001 
     24.10000000 -0.233348442311568E+005  0.120268521900180E+001 
     24.12000000 -0.233348442311427E+005  0.120268523308067E+001 
     24.14000000 -0.233348442311285E+005  0.120268524723996E+001 
     24.16000000 -0.233348442311143E+005  0.120268526145804E+001 
     24.18000000 -0.233348442311000E+005  0.120268527575346E+001 
     24.20000000 -0.233348442310856E+005  0.120268529012003E+001 
     24.22000000 -0.233348442310712E+005  0.120268530458250E+001 
     24.24000000 -0.233348442310567E+005  0.120268531908209E+001 
     24.26000000 -0.233348442310421E+005  0.120268533368996E+001 
     24.28000000 -0.233348442310274E+005  0.120268534835660E+001 
     24.30000000 -0.233348442310127E+005  0.120268536310058E+001 
     24.32000000 -0.233348442309978E+005  0.120268537791572E+001 
     24.34000000 -0.233348442309830E+005  0.120268539279892E+001 
     24.36000000 -0.233348442309680E+005  0.120268540774708E+001 
     24.38000000 -0.233348442309530E+005  0.120268542274474E+001 
     24.40000000 -0.233348442309379E+005  0.120268543781355E+001 
     24.42000000 -0.233348442309228E+005  0.120268545293495E+001 
     24.44000000 -0.233348442309077E+005  0.120268546808110E+001 
     24.46000000 -0.233348442308925E+005  0.120268548326437E+001 
     24.48000000 -0.233348442308773E+005  0.120268549849095E+001 
     24.50000000 -0.233348442308620E+005  0.120268551374847E+001 
     24.52000000 -0.233348442308468E+005  0.120268552900599E+001 
     24.54000000 -0.233348442308315E+005  0.120268554427588E+001 
     24.56000000 -0.233348442308162E+005  0.120268555956434E+001 
     24.58000000 -0.233348442308009E+005  0.120268557483423E+001 
     24.60000000 -0.233348442307856E+005  0.120268559011650E+001 
     24.62000000 -0.233348442307704E+005  0.120268560536783E+001 
     24.64000000 -0.233348442307551E+005  0.120268562061606E+001 
     24.66000000 -0.233348442307399E+005  0.120268563583337E+001 
     24.68000000 -0.233348442307247E+005  0.120268565104139E+001 
     24.70000000 -0.233348442307095E+005  0.120268566621229E+001 
     24.72000000 -0.233348442306944E+005  0.120268568136462E+001 
     24.74000000 -0.233348442306793E+005  0.120268569648293E+001 
     24.76000000 -0.233348442306642E+005  0.120268571157649E+001 
     24.78000000 -0.233348442306491E+005  0.120268572662983E+001 
     24.80000000 -0.233348442306341E+005  0.120268574165843E+001 
     24.82000000 -0.233348442306191E+005  0.120268575664371E+001 
     24.84000000 -0.233348442306042E+005  0.120268577159806E+001 
     24.86000000 -0.233348442305892E+005  0.120268578651838E+001 
     24.88000000 -0.233348442305744E+005  0.120268580140157E+001 
     24.90000000 -0.233348442305595E+005  0.120268581626002E+001 
     24.92000000 -0.233348442305447E+005  0.120268583105659E+001 
     24.94000000 -0.233348442305299E+005  0.120268584582533E+001 
     24.96000000 -0.233348442305152E+005  0.120268586055075E+001 
     24.98000000 -0.233348442305005E+005  0.120268587525142E+001 
     25.00000000 -0.233348442304859E+005  0.120268588990260E+001 
     25.02000000 -0.233348442304712E+005  0.120268590451047E+001 
     25.04000000 -0.233348442304567E+005  0.120268591908740E+001 
     25.06000000 -0.233348442304421E+005  0.120268593361484E+001 
     25.08000000 -0.233348442304276E+005  0.120268594811752E+001 
     25.10000000 -0.233348442304132E+005  0.120268596257071E+001 
     25.12000000 -0.233348442303988E+005  0.120268597700534E+001 
     25.14000000 -0.233348442303844E+005  0.120268599138737E+001 
     25.16000000 -0.233348442303700E+005  0.120268600576941E+001 
     25.18000000 -0.233348442303557E+005  0.120268602008648E+001 
     25.20000000 -0.233348442303414E+005  0.120268603439118E+001 
     25.22000000 -0.233348442303271E+005  0.120268604867113E+001 
     25.24000000 -0.233348442303128E+005  0.120268606292014E+001 
     25.26000000 -0.233348442302986E+005  0.120268607714440E+001 
     25.28000000 -0.233348442302844E+005  0.120268609135010E+001 
     25.30000000 -0.233348442302702E+005  0.120268610551250E+001 
     25.32000000 -0.233348442302561E+005  0.120268611966870E+001 
     25.34000000 -0.233348442302420E+005  0.120268613378778E+001 
     25.36000000 -0.233348442302279E+005  0.120268614788212E+001 
     25.38000000 -0.233348442302138E+005  0.120268616194861E+001 
     25.40000000 -0.233348442301998E+005  0.120268617597489E+001 
     25.42000000 -0.233348442301858E+005  0.120268618996713E+001 
     25.44000000 -0.233348442301718E+005  0.120268620391916E+001 
     25.46000000 -0.233348442301579E+005  0.120268621782169E+001 
     25.48000000 -0.233348442301441E+005  0.120268623168091E+001 
     25.50000000 -0.233348442301303E+005  0.120268624549064E+001 
     25.52000000 -0.233348442301165E+005  0.120268625924468E+001 
     25.54000000 -0.233348442301028E+005  0.120268627293685E+001 
     25.56000000 -0.233348442300892E+005  0.120268628656714E+001 
     25.58000000 -0.233348442300756E+005  0.120268630014794E+001 
     25.60000000 -0.233348442300621E+005  0.120268631365141E+001 
     25.62000000 -0.233348442300487E+005  0.120268632708681E+001 
     25.64000000 -0.233348442300353E+005  0.120268634047581E+001 
     25.66000000 -0.233348442300220E+005  0.120268635377200E+001 
     25.68000000 -0.233348442300088E+005  0.120268636699704E+001 
     25.70000000 -0.233348442299956E+005  0.120268638014783E+001 
     25.72000000 -0.233348442299825E+005  0.120268639322128E+001 
     25.74000000 -0.233348442299695E+005  0.120268640623286E+001 
     25.76000000 -0.233348442299566E+005  0.120268641914545E+001 
     25.78000000 -0.233348442299438E+005  0.120268643198998E+001 
     25.80000000 -0.233348442299310E+005  0.120268644473861E+001 
     25.82000000 -0.233348442299184E+005  0.120268645740371E+001 
     25.84000000 -0.233348442299058E+005  0.120268646998528E+001 
     25.86000000 -0.233348442298933E+005  0.120268648247096E+001 
     25.88000000 -0.233348442298809E+005  0.120268649486073E+001 
     25.90000000 -0.233348442298686E+005  0.120268650716388E+001 
     25.92000000 -0.233348442298564E+005  0.120268651934020E+001 
     25.94000000 -0.233348442298444E+005  0.120268653140206E+001 
     25.96000000 -0.233348442298324E+005  0.120268654337420E+001 
     25.98000000 -0.233348442298205E+005  0.120268655522878E+001 
     26.00000000 -0.233348442298088E+005  0.120268656694415E+001 
     26.02000000 -0.233348442297972E+005  0.120268657856363E+001 
     26.04000000 -0.233348442297857E+005  0.120268659003461E+001 
     26.06000000 -0.233348442297744E+005  0.120268660138803E+001 
     26.08000000 -0.233348442297631E+005  0.120268661262700E+001 
     26.10000000 -0.233348442297520E+005  0.120268662372365E+001 
     26.12000000 -0.233348442297411E+005  0.120268663469038E+001 
     26.14000000 -0.233348442297302E+005  0.120268664552718E+001 
     26.16000000 -0.233348442297195E+005  0.120268665626189E+001 
     26.18000000 -0.233348442297089E+005  0.120268666684811E+001 
     26.20000000 -0.233348442296984E+005  0.120268667731677E+001 
     26.22000000 -0.233348442296881E+005  0.120268668766788E+001 
     26.24000000 -0.233348442296779E+005  0.120268669789524E+001 
     26.26000000 -0.233348442296677E+005  0.120268670801123E+001 
     26.28000000 -0.233348442296577E+005  0.120268671800967E+001 
     26.30000000 -0.233348442296478E+005  0.120268672791530E+001 
     26.32000000 -0.233348442296381E+005  0.120268673770029E+001 
     26.34000000 -0.233348442296283E+005  0.120268674741412E+001 
     26.36000000 -0.233348442296187E+005  0.120268675701039E+001 
     26.38000000 -0.233348442296092E+005  0.120268676651386E+001 
     26.40000000 -0.233348442295998E+005  0.120268677594308E+001 
     26.42000000 -0.233348442295905E+005  0.120268678528877E+001 
     26.44000000 -0.233348442295812E+005  0.120268679453238E+001 
     26.46000000 -0.233348442295720E+005  0.120268680371411E+001 
     26.48000000 -0.233348442295629E+005  0.120268681283088E+001 
     26.50000000 -0.233348442295539E+005  0.120268682186412E+001 
     26.52000000 -0.233348442295449E+005  0.120268683083240E+001 
     26.54000000 -0.233348442295360E+005  0.120268683974190E+001 
     26.56000000 -0.233348442295272E+005  0.120268684857097E+001 
     26.58000000 -0.233348442295184E+005  0.120268685735363E+001 
     26.60000000 -0.233348442295097E+005  0.120268686606205E+001 
     26.62000000 -0.233348442295010E+005  0.120268687472406E+001 
     26.64000000 -0.233348442294924E+005  0.120268688331492E+001 
     26.66000000 -0.233348442294839E+005  0.120268689186247E+001 
     26.68000000 -0.233348442294754E+005  0.120268690036362E+001 
     26.70000000 -0.233348442294669E+005  0.120268690882146E+001 
     26.72000000 -0.233348442294585E+005  0.120268691721743E+001 
     26.74000000 -0.233348442294502E+005  0.120268692557936E+001 
     26.76000000 -0.233348442294419E+005  0.120268693390418E+001 
     26.78000000 -0.233348442294336E+005  0.120268694218259E+001 
     26.80000000 -0.233348442294253E+005  0.120268695044862E+001 
     26.82000000 -0.233348442294171E+005  0.120268695866516E+001 
     26.84000000 -0.233348442294089E+005  0.120268696686933E+001 
     26.86000000 -0.233348442294007E+005  0.120268697504874E+001 
     26.88000000 -0.233348442293925E+005  0.120268698320960E+001 
     26.90000000 -0.233348442293844E+005  0.120268699137973E+001 
     26.92000000 -0.233348442293762E+005  0.120268699954368E+001 
     26.94000000 -0.233348442293681E+005  0.120268700770453E+001 
     26.96000000 -0.233348442293599E+005  0.120268701589014E+001 
     26.98000000 -0.233348442293517E+005  0.120268702406955E+001 
     27.00000000 -0.233348442293435E+005  0.120268703228609E+001 
     27.02000000 -0.233348442293352E+005  0.120268704051500E+001 
     27.04000000 -0.233348442293270E+005  0.120268704877485E+001 
     27.06000000 -0.233348442293187E+005  0.120268705705017E+001 
     27.08000000 -0.233348442293104E+005  0.120268706539354E+001 
     27.10000000 -0.233348442293020E+005  0.120268707376785E+001 
     27.12000000 -0.233348442292936E+005  0.120268708218548E+001 
     27.14000000 -0.233348442292851E+005  0.120268709065259E+001 
     27.16000000 -0.233348442292766E+005  0.120268709915993E+001 
     27.18000000 -0.233348442292680E+005  0.120268710772604E+001 
     27.20000000 -0.233348442292594E+005  0.120268711637568E+001 
     27.22000000 -0.233348442292507E+005  0.120268712506863E+001 
     27.24000000 -0.233348442292419E+005  0.120268713382345E+001 
     27.26000000 -0.233348442292331E+005  0.120268714266180E+001 
     27.28000000 -0.233348442292242E+005  0.120268715156821E+001 
     27.30000000 -0.233348442292152E+005  0.120268716055195E+001 
     27.32000000 -0.233348442292061E+005  0.120268716960994E+001 
     27.34000000 -0.233348442291970E+005  0.120268717875455E+001 
     27.36000000 -0.233348442291878E+005  0.120268718798888E+001 
     27.38000000 -0.233348442291784E+005  0.120268719731601E+001 
     27.40000000 -0.233348442291690E+005  0.120268720673286E+001 
     27.42000000 -0.233348442291595E+005  0.120268721624870E+001 
     27.44000000 -0.233348442291499E+005  0.120268722584497E+001 
     27.46000000 -0.233348442291402E+005  0.120268723555262E+001 
     27.48000000 -0.233348442291304E+005  0.120268724535307E+001 
     27.50000000 -0.233348442291205E+005  0.120268725527107E+001 
     27.52000000 -0.233348442291105E+005  0.120268726527570E+001 
     27.54000000 -0.233348442291004E+005  0.120268727536694E+001 
     27.56000000 -0.233348442290902E+005  0.120268728556956E+001 
     27.58000000 -0.233348442290799E+005  0.120268729583714E+001 
     27.60000000 -0.233348442290695E+005  0.120268730623465E+001 
     27.62000000 -0.233348442290591E+005  0.120268731668784E+001 
     27.64000000 -0.233348442290485E+005  0.120268732721528E+001 
     27.66000000 -0.233348442290380E+005  0.120268733780150E+001 
     27.68000000 -0.233348442290273E+005  0.120268734847743E+001 
     27.70000000 -0.233348442290166E+005  0.120268735919049E+001 
     27.72000000 -0.233348442290058E+005  0.120268736996232E+001 
     27.74000000 -0.233348442289950E+005  0.120268738076509E+001 
     27.76000000 -0.233348442289842E+005  0.120268739158023E+001 
     27.78000000 -0.233348442289733E+005  0.120268740244796E+001 
     27.80000000 -0.233348442289625E+005  0.120268741329404E+001 
     27.82000000 -0.233348442289516E+005  0.120268742417106E+001 
     27.84000000 -0.233348442289407E+005  0.120268743502642E+001 
     27.86000000 -0.233348442289299E+005  0.120268744587249E+001 
     27.88000000 -0.233348442289190E+005  0.120268745671239E+001 
     27.90000000 -0.233348442289083E+005  0.120268746750278E+001 
     27.92000000 -0.233348442288975E+005  0.120268747828080E+001 
     27.94000000 -0.233348442288867E+005  0.120268748902788E+001 
     27.96000000 -0.233348442288760E+005  0.120268749974403E+001 
     27.98000000 -0.233348442288654E+005  0.120268751039831E+001 
     28.00000000 -0.233348442288547E+005  0.120268752102784E+001 
     28.02000000 -0.233348442288442E+005  0.120268753160168E+001 
     28.04000000 -0.233348442288336E+005  0.120268754213840E+001 
     28.06000000 -0.233348442288231E+005  0.120268755261325E+001 
     28.08000000 -0.233348442288127E+005  0.120268756306335E+001 
     28.10000000 -0.233348442288023E+005  0.120268757345158E+001 
     28.12000000 -0.233348442287919E+005  0.120268758381816E+001 
     28.14000000 -0.233348442287816E+005  0.120268759411977E+001 
     28.16000000 -0.233348442287714E+005  0.120268760438116E+001 
     28.18000000 -0.233348442287612E+005  0.120268761460233E+001 
     28.20000000 -0.233348442287510E+005  0.120268762478639E+001 
     28.22000000 -0.233348442287408E+005  0.120268763493951E+001 
     28.24000000 -0.233348442287307E+005  0.120268764504622E+001 
     28.26000000 -0.233348442287206E+005  0.120268765510962E+001 
     28.28000000 -0.233348442287106E+005  0.120268766513900E+001 
     28.30000000 -0.233348442287006E+005  0.120268767514053E+001 
     28.32000000 -0.233348442286906E+005  0.120268768511113E+001 
     28.34000000 -0.233348442286807E+005  0.120268769505388E+001 
     28.36000000 -0.233348442286708E+005  0.120268770494404E+001 
     28.38000000 -0.233348442286609E+005  0.120268771482802E+001 
     28.40000000 -0.233348442286511E+005  0.120268772467797E+001 
     28.42000000 -0.233348442286413E+005  0.120268773449079E+001 
     28.44000000 -0.233348442286315E+005  0.120268774427268E+001 
     28.46000000 -0.233348442286217E+005  0.120268775401744E+001 
     28.48000000 -0.233348442286120E+005  0.120268776373437E+001 
     28.50000000 -0.233348442286023E+005  0.120268777340798E+001 
     28.52000000 -0.233348442285927E+005  0.120268778303828E+001 
     28.54000000 -0.233348442285831E+005  0.120268779262218E+001 
     28.56000000 -0.233348442285736E+005  0.120268780217205E+001 
     28.58000000 -0.233348442285641E+005  0.120268781166315E+001 
     28.60000000 -0.233348442285547E+005  0.120268782109546E+001 
     28.62000000 -0.233348442285453E+005  0.120268783049065E+001 
     28.64000000 -0.233348442285360E+005  0.120268783978685E+001 
     28.66000000 -0.233348442285267E+005  0.120268784903664E+001 
     28.68000000 -0.233348442285175E+005  0.120268785822147E+001 
     28.70000000 -0.233348442285084E+005  0.120268786733515E+001 
     28.72000000 -0.233348442284994E+005  0.120268787636839E+001 
     28.74000000 -0.233348442284904E+005  0.120268788533048E+001 
     28.76000000 -0.233348442284815E+005  0.120268789421214E+001 
     28.78000000 -0.233348442284727E+005  0.120268790301645E+001 
     28.80000000 -0.233348442284640E+005  0.120268791174034E+001 
     28.82000000 -0.233348442284554E+005  0.120268792038998E+001 
     28.84000000 -0.233348442284468E+005  0.120268792896847E+001 
     28.86000000 -0.233348442284383E+005  0.120268793746033E+001 
     28.88000000 -0.233348442284299E+005  0.120268794589342E+001 
     28.90000000 -0.233348442284215E+005  0.120268795424298E+001 
     28.92000000 -0.233348442284132E+005  0.120268796253068E+001 
     28.94000000 -0.233348442284050E+005  0.120268797075031E+001 
     28.96000000 -0.233348442283969E+005  0.120268797889879E+001 
     28.98000000 -0.233348442283888E+005  0.120268798698849E+001 
     29.00000000 -0.233348442283807E+005  0.120268799503179E+001 
     29.02000000 -0.233348442283727E+005  0.120268800301322E+001 
     29.04000000 -0.233348442283648E+005  0.120268801094514E+001 
     29.06000000 -0.233348442283569E+005  0.120268801881830E+001 
     29.08000000 -0.233348442283491E+005  0.120268802664814E+001 
     29.10000000 -0.233348442283413E+005  0.120268803446251E+001 
     29.12000000 -0.233348442283335E+005  0.120268804221501E+001 
     29.14000000 -0.233348442283258E+005  0.120268804994586E+001 
     29.16000000 -0.233348442283181E+005  0.120268805764577E+001 
     29.18000000 -0.233348442283104E+005  0.120268806531784E+001 
     29.20000000 -0.233348442283028E+005  0.120268807296516E+001 
     29.22000000 -0.233348442282951E+005  0.120268808060939E+001 
     29.24000000 -0.233348442282875E+005  0.120268808821649E+001 
     29.26000000 -0.233348442282799E+005  0.120268809584525E+001 
     29.28000000 -0.233348442282723E+005  0.120268810343689E+001 
     29.30000000 -0.233348442282647E+005  0.120268811104399E+001 
     29.32000000 -0.233348442282571E+005  0.120268811865110E+001 
     29.34000000 -0.233348442282495E+005  0.120268812628295E+001 
     29.36000000 -0.233348442282418E+005  0.120268813392408E+001 
     29.38000000 -0.233348442282342E+005  0.120268814157450E+001 
     29.40000000 -0.233348442282265E+005  0.120268814925894E+001 
     29.42000000 -0.233348442282188E+005  0.120268815698051E+001 
     29.44000000 -0.233348442282110E+005  0.120268816475157E+001 
     29.46000000 -0.233348442282032E+005  0.120268817255976E+001 
     29.48000000 -0.233348442281953E+005  0.120268818043600E+001 
     29.50000000 -0.233348442281874E+005  0.120268818837103E+001 
     29.52000000 -0.233348442281794E+005  0.120268819638339E+001 
     29.54000000 -0.233348442281713E+005  0.120268820446691E+001 
     29.56000000 -0.233348442281631E+005  0.120268821264013E+001 
     29.58000000 -0.233348442281548E+005  0.120268822091545E+001 
     29.60000000 -0.233348442281465E+005  0.120268822927429E+001 
     29.62000000 -0.233348442281380E+005  0.120268823775069E+001 
     29.64000000 -0.233348442281294E+005  0.120268824631062E+001 
     29.66000000 -0.233348442281208E+005  0.120268825498810E+001 
     29.68000000 -0.233348442281120E+005  0.120268826378314E+001 
     29.70000000 -0.233348442281031E+005  0.120268827265242E+001 
     29.72000000 -0.233348442280941E+005  0.120268828165473E+001 
     29.74000000 -0.233348442280850E+005  0.120268829074675E+001 
     29.76000000 -0.233348442280758E+005  0.120268829992230E+001 
     29.78000000 -0.233348442280666E+005  0.120268830919065E+001 
     29.80000000 -0.233348442280572E+005  0.120268831855181E+001 
     29.82000000 -0.233348442280478E+005  0.120268832796866E+001 
     29.84000000 -0.233348442280383E+005  0.120268833745975E+001 
     29.86000000 -0.233348442280288E+005  0.120268834698797E+001 
     29.88000000 -0.233348442280192E+005  0.120268835658424E+001 
     29.90000000 -0.233348442280096E+005  0.120268836618670E+001 
     29.92000000 -0.233348442279999E+005  0.120268837584175E+001 
     29.94000000 -0.233348442279903E+005  0.120268838549680E+001 
     29.96000000 -0.233348442279806E+005  0.120268839517351E+001 
     29.98000000 -0.233348442279709E+005  0.120268840484403E+001 
     30.00000000 -0.233348442279612E+005  0.120268841450836E+001 
