# Real time calculation: 
# Eall: Total energy
# Eall0: Initial total energy
# 1:Time[fs] 2:Eall[eV] 3:Eall-Eall0[eV] 
      0.00000000 -0.340326187343901E+004  0.000000000000000E+000 
      0.02000000 -0.340326187343922E+004 -0.211136583591554E-009 
      0.04000000 -0.340326187343943E+004 -0.417632802708567E-009 
      0.06000000 -0.340326187343963E+004 -0.619875354390587E-009 
      0.08000000 -0.340326187343983E+004 -0.819024329756246E-009 
      0.10000000 -0.340326187344003E+004 -0.101507972880555E-008 
      0.12000000 -0.340326187344022E+004 -0.120804155153849E-008 
      0.14000000 -0.340326187344041E+004 -0.140061667723188E-008 
      0.16000000 -0.340326187344060E+004 -0.159164501476710E-008 
      0.18000000 -0.340326187344079E+004 -0.178035317006504E-008 
      0.20000000 -0.340326187344098E+004 -0.196906132536299E-008 
      0.22000000 -0.340326187344117E+004 -0.215544929842366E-008 
      0.24000000 -0.340326187344135E+004 -0.234222396852388E-008 
      0.26000000 -0.340326187344154E+004 -0.252745185046592E-008 
      0.28000000 -0.340326187344172E+004 -0.271190633832887E-008 
      0.30000000 -0.340326187344191E+004 -0.289752091731046E-008 
      0.32000000 -0.340326187344209E+004 -0.308236210221295E-008 
      0.34000000 -0.340326187344228E+004 -0.326526980191772E-008 
      0.36000000 -0.340326187344246E+004 -0.345011098682022E-008 
      0.38000000 -0.340326187344265E+004 -0.363301868652499E-008 
      0.40000000 -0.340326187344283E+004 -0.381669978030885E-008 
      0.42000000 -0.340326187344301E+004 -0.399999417705317E-008 
      0.44000000 -0.340326187344320E+004 -0.418290187675794E-008 
      0.46000000 -0.340326187344338E+004 -0.436580957646271E-008 
      0.48000000 -0.340326187344356E+004 -0.454833057912794E-008 
      0.50000000 -0.340326187344374E+004 -0.473123827883271E-008 
      0.52000000 -0.340326187344393E+004 -0.491491937261657E-008 
      0.54000000 -0.340326187344411E+004 -0.509705367824225E-008 
      0.56000000 -0.340326187344429E+004 -0.527996137794702E-008 
      0.58000000 -0.340326187344448E+004 -0.546286907765179E-008 
      0.60000000 -0.340326187344466E+004 -0.564461668623792E-008 
      0.62000000 -0.340326187344484E+004 -0.582752438594269E-008 
      0.64000000 -0.340326187344502E+004 -0.601043208564747E-008 
      0.66000000 -0.340326187344521E+004 -0.619256639127315E-008 
      0.68000000 -0.340326187344539E+004 -0.637586078801746E-008 
      0.70000000 -0.340326187344557E+004 -0.655760839660360E-008 
      0.72000000 -0.340326187344575E+004 -0.674090279334791E-008 
      0.74000000 -0.340326187344594E+004 -0.692265040193405E-008 
      0.76000000 -0.340326187344612E+004 -0.710517140459928E-008 
      0.78000000 -0.340326187344630E+004 -0.728769240726450E-008 
      0.80000000 -0.340326187344648E+004 -0.746982671289018E-008 
      0.82000000 -0.340326187344667E+004 -0.765273441259495E-008 
      0.84000000 -0.340326187344685E+004 -0.783525541526018E-008 
      0.86000000 -0.340326187344703E+004 -0.801777641792540E-008 
      0.88000000 -0.340326187344721E+004 -0.820029742059063E-008 
      0.90000000 -0.340326187344740E+004 -0.838281842325586E-008 
      0.92000000 -0.340326187344758E+004 -0.856495272888154E-008 
      0.94000000 -0.340326187344776E+004 -0.874708703450722E-008 
      0.96000000 -0.340326187344794E+004 -0.892960803717244E-008 
      0.98000000 -0.340326187344812E+004 -0.911212903983767E-008 
      1.00000000 -0.340326187344831E+004 -0.929542343658198E-008 
      1.02000000 -0.340326187344849E+004 -0.947755774220767E-008 
      1.04000000 -0.340326187344867E+004 -0.966007874487289E-008 
      1.06000000 -0.340326187344885E+004 -0.984221305049857E-008 
      1.08000000 -0.340326187344904E+004 -0.100247340531638E-007 
      1.10000000 -0.340326187344922E+004 -0.102064816617499E-007 
      1.12000000 -0.340326187344940E+004 -0.103893893614547E-007 
      1.14000000 -0.340326187344958E+004 -0.105719103641199E-007 
      1.16000000 -0.340326187344977E+004 -0.107552047608642E-007 
      1.18000000 -0.340326187344995E+004 -0.109365656724108E-007 
      1.20000000 -0.340326187345013E+004 -0.111186999780365E-007 
      1.22000000 -0.340326187345031E+004 -0.113016076777413E-007 
      1.24000000 -0.340326187345050E+004 -0.114849020744856E-007 
      1.26000000 -0.340326187345068E+004 -0.116670363801113E-007 
      1.28000000 -0.340326187345086E+004 -0.118483972916579E-007 
      1.30000000 -0.340326187345104E+004 -0.120309182943231E-007 
      1.32000000 -0.340326187345123E+004 -0.122138259940279E-007 
      1.34000000 -0.340326187345141E+004 -0.123959602996536E-007 
      1.36000000 -0.340326187345159E+004 -0.125784813023188E-007 
      1.38000000 -0.340326187345177E+004 -0.127613890020235E-007 
      1.40000000 -0.340326187345196E+004 -0.129431366106097E-007 
      1.42000000 -0.340326187345214E+004 -0.131252709162354E-007 
      1.44000000 -0.340326187345232E+004 -0.133077919189006E-007 
      1.46000000 -0.340326187345250E+004 -0.134899262245263E-007 
      1.48000000 -0.340326187345268E+004 -0.136716738331124E-007 
      1.50000000 -0.340326187345287E+004 -0.138530347446590E-007 
      1.52000000 -0.340326187345305E+004 -0.140340089591660E-007 
      1.54000000 -0.340326187345323E+004 -0.142165299618313E-007 
      1.56000000 -0.340326187345341E+004 -0.143975041763383E-007 
      1.58000000 -0.340326187345359E+004 -0.145769316026872E-007 
      1.60000000 -0.340326187345377E+004 -0.147563590290360E-007 
      1.62000000 -0.340326187345395E+004 -0.149369465465035E-007 
      1.64000000 -0.340326187345413E+004 -0.151152138817338E-007 
      1.66000000 -0.340326187345430E+004 -0.152923211258454E-007 
      1.68000000 -0.340326187345448E+004 -0.154694283699570E-007 
      1.70000000 -0.340326187345466E+004 -0.156453755229499E-007 
      1.72000000 -0.340326187345483E+004 -0.158197758877847E-007 
      1.74000000 -0.340326187345501E+004 -0.159930161615009E-007 
      1.76000000 -0.340326187345518E+004 -0.161643229500193E-007 
      1.78000000 -0.340326187345535E+004 -0.163348563444586E-007 
      1.80000000 -0.340326187345552E+004 -0.165026828596211E-007 
      1.82000000 -0.340326187345568E+004 -0.166689625866255E-007 
      1.84000000 -0.340326187345584E+004 -0.168321487373134E-007 
      1.86000000 -0.340326187345601E+004 -0.169941747968828E-007 
      1.88000000 -0.340326187345617E+004 -0.171542673712544E-007 
      1.90000000 -0.340326187345632E+004 -0.173116530663492E-007 
      1.92000000 -0.340326187345648E+004 -0.174671052762463E-007 
      1.94000000 -0.340326187345663E+004 -0.176202373039061E-007 
      1.96000000 -0.340326187345678E+004 -0.177710491493286E-007 
      1.98000000 -0.340326187345693E+004 -0.179214742977116E-007 
      2.00000000 -0.340326187345708E+004 -0.180703526579364E-007 
      2.02000000 -0.340326187345723E+004 -0.182169108359240E-007 
      2.04000000 -0.340326187345738E+004 -0.183650158020697E-007 
      2.06000000 -0.340326187345752E+004 -0.185108005859782E-007 
      2.08000000 -0.340326187345767E+004 -0.186589055521239E-007 
      2.10000000 -0.340326187345782E+004 -0.188077839123487E-007 
      2.12000000 -0.340326187345797E+004 -0.189582090607317E-007 
      2.14000000 -0.340326187345812E+004 -0.191121144824706E-007 
      2.16000000 -0.340326187345828E+004 -0.192691134805258E-007 
      2.18000000 -0.340326187345844E+004 -0.194299794489766E-007 
      2.20000000 -0.340326187345861E+004 -0.195954857819018E-007 
      2.22000000 -0.340326187345878E+004 -0.197660191763411E-007 
      2.24000000 -0.340326187345895E+004 -0.199411929352550E-007 
      2.26000000 -0.340326187345913E+004 -0.201217804527225E-007 
      2.28000000 -0.340326187345932E+004 -0.203070083346645E-007 
      2.30000000 -0.340326187345951E+004 -0.204953297929229E-007 
      2.32000000 -0.340326187345970E+004 -0.206859714334186E-007 
      2.34000000 -0.340326187345989E+004 -0.208773864679934E-007 
      2.36000000 -0.340326187346008E+004 -0.210672547144100E-007 
      2.38000000 -0.340326187346026E+004 -0.212497757170752E-007 
      2.40000000 -0.340326187346044E+004 -0.214230159907913E-007 
      2.42000000 -0.340326187346059E+004 -0.215811750799652E-007 
      2.44000000 -0.340326187346073E+004 -0.217169057408455E-007 
      2.46000000 -0.340326187346084E+004 -0.218236341237599E-007 
      2.48000000 -0.340326187346091E+004 -0.218940129849571E-007 
      2.50000000 -0.340326187346093E+004 -0.219172148073298E-007 
      2.52000000 -0.340326187346090E+004 -0.218824120737708E-007 
      2.54000000 -0.340326187346079E+004 -0.217780038730936E-007 
      2.56000000 -0.340326187346060E+004 -0.215900691118748E-007 
      2.58000000 -0.340326187346032E+004 -0.213062334848487E-007 
      2.60000000 -0.340326187345992E+004 -0.209114158074733E-007 
      2.62000000 -0.340326187345940E+004 -0.203889881070481E-007 
      2.64000000 -0.340326187345874E+004 -0.197242558960703E-007 
      2.66000000 -0.340326187345791E+004 -0.189005912018395E-007 
      2.68000000 -0.340326187345691E+004 -0.179009793546157E-007 
      2.70000000 -0.340326187345572E+004 -0.167114992609754E-007 
      2.72000000 -0.340326187345433E+004 -0.153147495541390E-007 
      2.74000000 -0.340326187345271E+004 -0.136975825347619E-007 
      2.76000000 -0.340326187345086E+004 -0.118487839886974E-007 
      2.78000000 -0.340326187344877E+004 -0.975713970179868E-008 
      2.80000000 -0.340326187344643E+004 -0.741452903623525E-008 
      2.82000000 -0.340326187344383E+004 -0.481785841569078E-008 
      2.84000000 -0.340326187344098E+004 -0.196287417273027E-008 
      2.86000000 -0.340326187343787E+004  0.114539663113220E-008 
      2.88000000 -0.340326187343451E+004  0.450231363142208E-008 
      2.90000000 -0.340326187343092E+004  0.809511582583440E-008 
      2.92000000 -0.340326187342710E+004  0.119094954239060E-007 
      2.94000000 -0.340326187342309E+004  0.159210905121455E-007 
      2.96000000 -0.340326187341891E+004  0.201066992681803E-007 
      2.98000000 -0.340326187341458E+004  0.244319056554907E-007 
      3.00000000 -0.340326187341015E+004  0.288588133642016E-007 
      3.02000000 -0.340326187340567E+004  0.333468192051605E-007 
      3.04000000 -0.340326187340116E+004  0.378475860484244E-007 
      3.06000000 -0.340326187339670E+004  0.423108432788524E-007 
      3.08000000 -0.340326187339233E+004  0.466789730375524E-007 
      3.10000000 -0.340326187338812E+004  0.508970643449089E-007 
      3.12000000 -0.340326187338411E+004  0.549047924627530E-007 
      3.14000000 -0.340326187338037E+004  0.586426060469947E-007 
      3.16000000 -0.340326187337696E+004  0.620513404505836E-007 
      3.18000000 -0.340326187337394E+004  0.650718310264693E-007 
      3.20000000 -0.340326187337136E+004  0.676534204624716E-007 
      3.22000000 -0.340326187336927E+004  0.697469982345680E-007 
      3.24000000 -0.340326187336770E+004  0.713111877595274E-007 
      3.26000000 -0.340326187336670E+004  0.723138931830675E-007 
      3.28000000 -0.340326187336628E+004  0.727353929561716E-007 
      3.30000000 -0.340326187336645E+004  0.725667930469299E-007 
      3.32000000 -0.340326187336720E+004  0.718119604257382E-007 
      3.34000000 -0.340326187336852E+004  0.704933235208898E-007 
      3.36000000 -0.340326187337036E+004  0.686518722185767E-007 
      3.38000000 -0.340326187337267E+004  0.663405840132164E-007 
      3.40000000 -0.340326187337537E+004  0.636402785860739E-007 
      3.42000000 -0.340326187337837E+004  0.606464701059167E-007 
      3.44000000 -0.340326187338153E+004  0.574790346550039E-007 
      3.46000000 -0.340326187338474E+004  0.542744762882947E-007 
      3.48000000 -0.340326187338782E+004  0.511940476712795E-007 
      3.50000000 -0.340326187339060E+004  0.484144693510302E-007 
      3.52000000 -0.340326187339288E+004  0.461356636969917E-007 
      3.54000000 -0.340326187339444E+004  0.445683805957160E-007 
      3.56000000 -0.340326187339507E+004  0.439427047857322E-007 
      3.58000000 -0.340326187339452E+004  0.444956815522815E-007 
      3.60000000 -0.340326187339254E+004  0.464771171829099E-007 
      3.62000000 -0.340326187338888E+004  0.501360445710844E-007 
      3.64000000 -0.340326187338328E+004  0.557292305510629E-007 
      3.66000000 -0.340326187337551E+004  0.635041612281540E-007 
      3.68000000 -0.340326187336531E+004  0.736986552816781E-007 
      3.70000000 -0.340326187335247E+004  0.865439575412829E-007 
      3.72000000 -0.340326187333677E+004  0.102244244043848E-006 
      3.74000000 -0.340326187331803E+004  0.120986676156514E-006 
      3.76000000 -0.340326187329609E+004  0.142926319392137E-006 
      3.78000000 -0.340326187327083E+004  0.168183823227056E-006 
      3.80000000 -0.340326187324217E+004  0.196841940827734E-006 
      3.82000000 -0.340326187321007E+004  0.228940115292204E-006 
      3.84000000 -0.340326187317454E+004  0.264472159467833E-006 
      3.86000000 -0.340326187313564E+004  0.303377361919413E-006 
      3.88000000 -0.340326187309347E+004  0.345543967202515E-006 
      3.90000000 -0.340326187304821E+004  0.390806082287175E-006 
      3.92000000 -0.340326187300007E+004  0.438939036193416E-006 
      3.94000000 -0.340326187294935E+004  0.489662860264609E-006 
      3.96000000 -0.340326187289637E+004  0.542641128076349E-006 
      3.98000000 -0.340326187284153E+004  0.597482502224616E-006 
      4.00000000 -0.340326187278527E+004  0.653747308175449E-006 
      4.02000000 -0.340326187272807E+004  0.710946374173822E-006 
      4.04000000 -0.340326187267046E+004  0.768551085366678E-006 
      4.06000000 -0.340326187261302E+004  0.825996477379242E-006 
      4.08000000 -0.340326187255633E+004  0.882687036770614E-006 
      4.10000000 -0.340326187250100E+004  0.938010622127194E-006 
      4.12000000 -0.340326187244767E+004  0.991343491124196E-006 
      4.14000000 -0.340326187239695E+004  0.104205842116348E-005 
      4.16000000 -0.340326187234947E+004  0.108953979055809E-005 
      4.18000000 -0.340326187230582E+004  0.113318976568488E-005 
      4.20000000 -0.340326187226657E+004  0.117244183538094E-005 
      4.22000000 -0.340326187223224E+004  0.120677086506654E-005 
      4.24000000 -0.340326187220331E+004  0.123570740453569E-005 
      4.26000000 -0.340326187218017E+004  0.125883923474423E-005 
      4.28000000 -0.340326187216318E+004  0.127583263614704E-005 
      4.30000000 -0.340326187215258E+004  0.128643393548616E-005 
      4.32000000 -0.340326187214853E+004  0.129047878651980E-005 
      4.34000000 -0.340326187215111E+004  0.128790377093347E-005 
      4.36000000 -0.340326187216027E+004  0.127874523824889E-005 
      4.38000000 -0.340326187217586E+004  0.126314974664404E-005 
      4.40000000 -0.340326187219764E+004  0.124137174277095E-005 
      4.42000000 -0.340326187222524E+004  0.121377704202902E-005 
      4.44000000 -0.340326187225817E+004  0.118083857489762E-005 
      4.46000000 -0.340326187229587E+004  0.114314102730053E-005 
      4.48000000 -0.340326187233765E+004  0.110136575942145E-005 
      4.50000000 -0.340326187238272E+004  0.105628887221873E-005 
      4.52000000 -0.340326187243024E+004  0.100877424687873E-005 
      4.54000000 -0.340326187247926E+004  0.959755370054886E-006 
      4.56000000 -0.340326187252878E+004  0.910234173776679E-006 
      4.58000000 -0.340326187257776E+004  0.861254353353834E-006 
      4.60000000 -0.340326187262512E+004  0.813896727011880E-006 
      4.62000000 -0.340326187266976E+004  0.769256807463848E-006 
      4.64000000 -0.340326187271058E+004  0.728428173937571E-006 
      4.66000000 -0.340326187274653E+004  0.692487390991143E-006 
      4.68000000 -0.340326187277654E+004  0.662471580084623E-006 
      4.70000000 -0.340326187279965E+004  0.639363338395495E-006 
      4.72000000 -0.340326187281494E+004  0.624074884240045E-006 
      4.74000000 -0.340326187282159E+004  0.617423695159872E-006 
      4.76000000 -0.340326187281889E+004  0.620123613889974E-006 
      4.78000000 -0.340326187280625E+004  0.632766286900858E-006 
      4.80000000 -0.340326187278320E+004  0.655809950184382E-006 
      4.82000000 -0.340326187274945E+004  0.689564348069223E-006 
      4.84000000 -0.340326187270483E+004  0.734185319462317E-006 
      4.86000000 -0.340326187264934E+004  0.789668610696229E-006 
      4.88000000 -0.340326187258317E+004  0.855839434709085E-006 
      4.90000000 -0.340326187250665E+004  0.932358271500165E-006 
      4.92000000 -0.340326187242030E+004  0.101871738785655E-005 
      4.94000000 -0.340326187232477E+004  0.111424277083830E-005 
      4.96000000 -0.340326187222091E+004  0.121810572868968E-005 
      4.98000000 -0.340326187210968E+004  0.132932985138584E-005 
      5.00000000 -0.340326187199221E+004  0.144680261154401E-005 
      5.02000000 -0.340326187186972E+004  0.156929083230508E-005 
      5.04000000 -0.340326187174356E+004  0.169545383503294E-005 
      5.06000000 -0.340326187161514E+004  0.182386934801616E-005 
      5.08000000 -0.340326187148597E+004  0.195304588077319E-005 
      5.10000000 -0.340326187135756E+004  0.208144824605706E-005 
      5.12000000 -0.340326187123149E+004  0.220752230846583E-005 
      5.14000000 -0.340326187110930E+004  0.232971586608276E-005 
      5.16000000 -0.340326187099251E+004  0.244650223899574E-005 
      5.18000000 -0.340326187088261E+004  0.255640501790777E-005 
      5.20000000 -0.340326187078099E+004  0.265802165265644E-005 
      5.22000000 -0.340326187068897E+004  0.275004356045992E-005 
      5.24000000 -0.340326187060773E+004  0.283127971443641E-005 
      5.26000000 -0.340326187053834E+004  0.290067404497091E-005 
      5.28000000 -0.340326187048169E+004  0.295732361447609E-005 
      5.30000000 -0.340326187043852E+004  0.300049060500049E-005 
      5.32000000 -0.340326187040939E+004  0.302961933289830E-005 
      5.34000000 -0.340326187039467E+004  0.304434088919377E-005 
      5.36000000 -0.340326187039453E+004  0.304448280700729E-005 
      5.38000000 -0.340326187040894E+004  0.303006983494937E-005 
      5.40000000 -0.340326187043769E+004  0.300132509721183E-005 
      5.42000000 -0.340326187048035E+004  0.295866661329443E-005 
      5.44000000 -0.340326187053631E+004  0.290270033745812E-005 
      5.46000000 -0.340326187060480E+004  0.283421319817839E-005 
      5.48000000 -0.340326187068486E+004  0.275415647017252E-005 
      5.50000000 -0.340326187077538E+004  0.266363301339728E-005 
      5.52000000 -0.340326187087513E+004  0.256388335195553E-005 
      5.54000000 -0.340326187098275E+004  0.245625783190938E-005 
      5.56000000 -0.340326187109681E+004  0.234220424697487E-005 
      5.58000000 -0.340326187121577E+004  0.222323960963813E-005 
      5.60000000 -0.340326187133809E+004  0.210092694933302E-005 
      5.62000000 -0.340326187146216E+004  0.197685327070982E-005 
      5.64000000 -0.340326187158641E+004  0.185260480502474E-005 
      5.66000000 -0.340326187170928E+004  0.172973684777084E-005 
      5.68000000 -0.340326187182925E+004  0.160976138437274E-005 
      5.70000000 -0.340326187194490E+004  0.149411422093826E-005 
      5.72000000 -0.340326187205487E+004  0.138413874298279E-005 
      5.74000000 -0.340326187215795E+004  0.128106503378912E-005 
      5.76000000 -0.340326187225302E+004  0.118599517991995E-005 
      5.78000000 -0.340326187233913E+004  0.109988548315407E-005 
      5.80000000 -0.340326187241548E+004  0.102353215269592E-005 
      5.82000000 -0.340326187248144E+004  0.957570918478497E-006 
      5.84000000 -0.340326187253655E+004  0.902458083008469E-006 
      5.86000000 -0.340326187258054E+004  0.858477095215822E-006 
      5.88000000 -0.340326187261328E+004  0.825732749998272E-006 
      5.90000000 -0.340326187263486E+004  0.804151188221267E-006 
      5.92000000 -0.340326187264552E+004  0.793492271023250E-006 
      5.94000000 -0.340326187264566E+004  0.793350739906776E-006 
      5.96000000 -0.340326187263584E+004  0.803171297923060E-006 
      5.98000000 -0.340326187261676E+004  0.822253250036447E-006 
      6.00000000 -0.340326187258924E+004  0.849776025129020E-006 
      6.02000000 -0.340326187255420E+004  0.884809230123636E-006 
      6.04000000 -0.340326187251269E+004  0.926327344471422E-006 
      6.06000000 -0.340326187246578E+004  0.973236788944543E-006 
      6.08000000 -0.340326187241462E+004  0.102438984672963E-005 
      6.10000000 -0.340326187236041E+004  0.107860361158272E-005 
      6.12000000 -0.340326187230433E+004  0.113468550983384E-005 
      6.14000000 -0.340326187224757E+004  0.119144683478345E-005 
      6.16000000 -0.340326187219129E+004  0.124772478843363E-005 
      6.18000000 -0.340326187213661E+004  0.130240181634009E-005 
      6.20000000 -0.340326187208459E+004  0.135441875531152E-005 
      6.22000000 -0.340326187203622E+004  0.140279146138228E-005 
      6.24000000 -0.340326187199239E+004  0.144662511760286E-005 
      6.26000000 -0.340326187195389E+004  0.148512506155700E-005 
      6.28000000 -0.340326187192141E+004  0.151760606609062E-005 
      6.30000000 -0.340326187189551E+004  0.154350007325263E-005 
      6.32000000 -0.340326187187665E+004  0.156236083465939E-005 
      6.34000000 -0.340326187186515E+004  0.157386661837402E-005 
      6.36000000 -0.340326187186119E+004  0.157782098230040E-005 
      6.38000000 -0.340326187186486E+004  0.157415161409216E-005 
      6.40000000 -0.340326187187611E+004  0.156290723757627E-005 
      6.42000000 -0.340326187189476E+004  0.154425065220639E-005 
      6.44000000 -0.340326187192056E+004  0.151844945233387E-005 
      6.46000000 -0.340326187195314E+004  0.148587602720780E-005 
      6.48000000 -0.340326187199202E+004  0.144698783942596E-005 
      6.50000000 -0.340326187203669E+004  0.140231814420588E-005 
      6.52000000 -0.340326187208654E+004  0.135247018892926E-005 
      6.54000000 -0.340326187214092E+004  0.129809710489588E-005 
      6.56000000 -0.340326187219912E+004  0.123989339998877E-005 
      6.58000000 -0.340326187226043E+004  0.117857987748963E-005 
      6.60000000 -0.340326187232412E+004  0.111489164847066E-005 
      6.62000000 -0.340326187238944E+004  0.104956769097440E-005 
      6.64000000 -0.340326187245568E+004  0.983331128464825E-006 
      6.66000000 -0.340326187252212E+004  0.916890389918366E-006 
      6.68000000 -0.340326187258810E+004  0.850916394698638E-006 
      6.70000000 -0.340326187265297E+004  0.786042165859376E-006 
      6.72000000 -0.340326187271616E+004  0.722850455839175E-006 
      6.74000000 -0.340326187277715E+004  0.661867559308854E-006 
      6.76000000 -0.340326187283545E+004  0.603560992989224E-006 
      6.78000000 -0.340326187289068E+004  0.548331761710293E-006 
      6.80000000 -0.340326187294250E+004  0.496510491440871E-006 
      6.82000000 -0.340326187299065E+004  0.448359749470811E-006 
      6.84000000 -0.340326187303494E+004  0.404075977896200E-006 
      6.86000000 -0.340326187307523E+004  0.363782146375614E-006 
      6.88000000 -0.340326187311148E+004  0.327537419556104E-006 
      6.90000000 -0.340326187314368E+004  0.295337543770233E-006 
      6.92000000 -0.340326187317189E+004  0.267122194279835E-006 
      6.94000000 -0.340326187319624E+004  0.242773815184886E-006 
      6.96000000 -0.340326187321688E+004  0.222129607031738E-006 
      6.98000000 -0.340326187323403E+004  0.204982300207195E-006 
      7.00000000 -0.340326187324792E+004  0.191092529243780E-006 
      7.02000000 -0.340326187325882E+004  0.180189606213809E-006 
      7.04000000 -0.340326187326703E+004  0.171983121640586E-006 
      7.06000000 -0.340326187327285E+004  0.166165651377671E-006 
      7.08000000 -0.340326187327659E+004  0.162419717155599E-006 
      7.10000000 -0.340326187327858E+004  0.160430160887140E-006 
      7.12000000 -0.340326187327913E+004  0.159880664393947E-006 
      7.14000000 -0.340326187327855E+004  0.160465350317739E-006 
      7.16000000 -0.340326187327712E+004  0.161889168817343E-006 
      7.18000000 -0.340326187327513E+004  0.163879111782842E-006 
      7.20000000 -0.340326187327284E+004  0.166177638985897E-006 
      7.22000000 -0.340326187327046E+004  0.168555825779099E-006 
      7.24000000 -0.340326187326821E+004  0.170806402549250E-006 
      7.26000000 -0.340326187326626E+004  0.172751875355201E-006 
      7.28000000 -0.340326187326477E+004  0.174243365836726E-006 
      7.30000000 -0.340326187326386E+004  0.175157130941171E-006 
      7.32000000 -0.340326187326361E+004  0.175401523470163E-006 
      7.34000000 -0.340326187326410E+004  0.174911191624020E-006 
      7.36000000 -0.340326187326537E+004  0.173643598728392E-006 
      7.38000000 -0.340326187326743E+004  0.171583663598736E-006 
      7.40000000 -0.340326187327027E+004  0.168737573387685E-006 
      7.42000000 -0.340326187327388E+004  0.165130463402809E-006 
      7.44000000 -0.340326187327821E+004  0.160806803803657E-006 
      7.46000000 -0.340326187328319E+004  0.155823825752081E-006 
      7.48000000 -0.340326187328876E+004  0.150250748018158E-006 
      7.50000000 -0.340326187329485E+004  0.144166456797958E-006 
      7.52000000 -0.340326187330136E+004  0.137657572228337E-006 
      7.54000000 -0.340326187330820E+004  0.130812261234312E-006 
      7.56000000 -0.340326187331529E+004  0.123724491196492E-006 
      7.58000000 -0.340326187332253E+004  0.116482429039894E-006 
      7.60000000 -0.340326187332984E+004  0.109175788477692E-006 
      7.62000000 -0.340326187333712E+004  0.101888482767467E-006 
      7.64000000 -0.340326187334431E+004  0.946990114082468E-007 
      7.66000000 -0.340326187335133E+004  0.876804601405056E-007 
      7.68000000 -0.340326187335812E+004  0.808931537024122E-007 
      7.70000000 -0.340326187336462E+004  0.743950966498986E-007 
      7.72000000 -0.340326187337078E+004  0.682315325365913E-007 
      7.74000000 -0.340326187337657E+004  0.624399709753263E-007 
      7.76000000 -0.340326187338197E+004  0.570470940618321E-007 
      7.78000000 -0.340326187338694E+004  0.520737834362443E-007 
      7.80000000 -0.340326187339148E+004  0.475304799186304E-007 
      7.82000000 -0.340326187339559E+004  0.434183436001092E-007 
      7.84000000 -0.340326187339928E+004  0.397342809043643E-007 
      7.86000000 -0.340326187340254E+004  0.364678510113279E-007 
      7.88000000 -0.340326187340541E+004  0.336024259482997E-007 
      7.90000000 -0.340326187340789E+004  0.311178974692233E-007 
      7.92000000 -0.340326187341002E+004  0.289883568724491E-007 
      7.94000000 -0.340326187341183E+004  0.271855752740905E-007 
      7.96000000 -0.340326187341333E+004  0.256813237902605E-007 
      7.98000000 -0.340326187341457E+004  0.244438932637166E-007 
      8.00000000 -0.340326187341557E+004  0.234408011431370E-007 
      8.02000000 -0.340326187341637E+004  0.226434318475953E-007 
      8.04000000 -0.340326187341699E+004  0.220200762198488E-007 
      8.06000000 -0.340326187341747E+004  0.215413452848921E-007 
      8.08000000 -0.340326187341783E+004  0.211809436440362E-007 
      8.10000000 -0.340326187341810E+004  0.209121892015524E-007 
      8.12000000 -0.340326187341830E+004  0.207145870143449E-007 
      8.14000000 -0.340326187341845E+004  0.205653219570806E-007 
      8.16000000 -0.340326187341856E+004  0.204500862392962E-007 
      8.18000000 -0.340326187341866E+004  0.203510917971727E-007 
      8.20000000 -0.340326187341875E+004  0.202590579017610E-007 
      8.22000000 -0.340326187341885E+004  0.201608368537165E-007 
      8.24000000 -0.340326187341896E+004  0.200514015915253E-007 
      8.26000000 -0.340326187341909E+004  0.199237915684755E-007 
      8.28000000 -0.340326187341924E+004  0.197768466934484E-007 
      8.30000000 -0.340326187341941E+004  0.196074733901277E-007 
      8.32000000 -0.340326187341960E+004  0.194160583555529E-007 
      8.34000000 -0.340326187341981E+004  0.192022148926846E-007 
      8.36000000 -0.340326187342004E+004  0.189709700630367E-007 
      8.38000000 -0.340326187342029E+004  0.187230972606883E-007 
      8.40000000 -0.340326187342055E+004  0.184616900619559E-007 
      8.42000000 -0.340326187342082E+004  0.181902287401954E-007 
      8.44000000 -0.340326187342110E+004  0.179149004480394E-007 
      8.46000000 -0.340326187342138E+004  0.176341583973297E-007 
      8.48000000 -0.340326187342166E+004  0.173572833170155E-007 
      8.50000000 -0.340326187342193E+004  0.170835018130177E-007 
      8.52000000 -0.340326187342220E+004  0.168170675527712E-007 
      8.54000000 -0.340326187342245E+004  0.165595273244342E-007 
      8.56000000 -0.340326187342270E+004  0.163124279161650E-007 
      8.58000000 -0.340326187342293E+004  0.160784762072403E-007 
      8.60000000 -0.340326187342316E+004  0.158576721976601E-007 
      8.62000000 -0.340326187342336E+004  0.156507892815036E-007 
      8.64000000 -0.340326187342355E+004  0.154578274587706E-007 
      8.66000000 -0.340326187342373E+004  0.152776266383427E-007 
      8.68000000 -0.340326187342390E+004  0.151105735172592E-007 
      8.70000000 -0.340326187342406E+004  0.149555080044017E-007 
      8.72000000 -0.340326187342420E+004  0.148104966145723E-007 
      8.74000000 -0.340326187342434E+004  0.146751526507316E-007 
      8.76000000 -0.340326187342447E+004  0.145467692336027E-007 
      8.78000000 -0.340326187342459E+004  0.144257330602251E-007 
      8.80000000 -0.340326187342471E+004  0.143074037661243E-007 
      8.82000000 -0.340326187342482E+004  0.141933281394586E-007 
      8.84000000 -0.340326187342493E+004  0.140804126039114E-007 
      8.86000000 -0.340326187342504E+004  0.139690438565225E-007 
      8.88000000 -0.340326187342516E+004  0.138569017150544E-007 
      8.90000000 -0.340326187342527E+004  0.137416659972700E-007 
      8.92000000 -0.340326187342539E+004  0.136244967942879E-007 
      8.94000000 -0.340326187342551E+004  0.135034606209103E-007 
      8.96000000 -0.340326187342563E+004  0.133789441741769E-007 
      8.98000000 -0.340326187342576E+004  0.132494006659293E-007 
      9.00000000 -0.340326187342590E+004  0.131159901872863E-007 
      9.02000000 -0.340326187342604E+004  0.129760058589710E-007 
      9.04000000 -0.340326187342618E+004  0.128337013484185E-007 
      9.06000000 -0.340326187342633E+004  0.126844362911541E-007 
      9.08000000 -0.340326187342648E+004  0.125320776575734E-007 
      9.10000000 -0.340326187342664E+004  0.123750786595181E-007 
      9.12000000 -0.340326187342680E+004  0.122138259940279E-007 
      9.14000000 -0.340326187342696E+004  0.120479329640631E-007 
      9.16000000 -0.340326187342713E+004  0.118801064489006E-007 
      9.18000000 -0.340326187342730E+004  0.117091863574217E-007 
      9.20000000 -0.340326187342748E+004  0.115351726896264E-007 
      9.22000000 -0.340326187342765E+004  0.113603856277521E-007 
      9.24000000 -0.340326187342783E+004  0.111825049895614E-007 
      9.26000000 -0.340326187342801E+004  0.110030775632126E-007 
      9.28000000 -0.340326187342819E+004  0.108232634398242E-007 
      9.30000000 -0.340326187342837E+004  0.106411291341985E-007 
      9.32000000 -0.340326187342855E+004  0.104601549196914E-007 
      9.34000000 -0.340326187342873E+004  0.102776339170262E-007 
      9.36000000 -0.340326187342892E+004  0.100951129143610E-007 
      9.38000000 -0.340326187342910E+004  0.991259191169576E-008 
      9.40000000 -0.340326187342928E+004  0.972929751495144E-008 
      9.42000000 -0.340326187342947E+004  0.954677651228622E-008 
      9.44000000 -0.340326187342965E+004  0.936348211554190E-008 
      9.46000000 -0.340326187342983E+004  0.918212120399531E-008 
      9.48000000 -0.340326187343001E+004  0.899882680725099E-008 
      9.50000000 -0.340326187343020E+004  0.881669250162531E-008 
      9.52000000 -0.340326187343038E+004  0.863417149896009E-008 
      9.54000000 -0.340326187343056E+004  0.845242389037395E-008 
      9.56000000 -0.340326187343074E+004  0.826990288770872E-008 
      9.58000000 -0.340326187343092E+004  0.808815527912259E-008 
      9.60000000 -0.340326187343111E+004  0.790602097349691E-008 
      9.62000000 -0.340326187343129E+004  0.772466006195032E-008 
      9.64000000 -0.340326187343147E+004  0.754213905928509E-008 
      9.66000000 -0.340326187343165E+004  0.736116484477805E-008 
      9.68000000 -0.340326187343183E+004  0.717941723619191E-008 
      9.70000000 -0.340326187343202E+004  0.699650953648714E-008 
      9.72000000 -0.340326187343220E+004  0.681514862494055E-008 
      9.74000000 -0.340326187343238E+004  0.663340101635441E-008 
      9.76000000 -0.340326187343256E+004  0.645165340776828E-008 
      9.78000000 -0.340326187343274E+004  0.626913240510305E-008 
      9.80000000 -0.340326187343293E+004  0.608738479651691E-008 
      9.82000000 -0.340326187343311E+004  0.590525049089123E-008 
      9.84000000 -0.340326187343329E+004  0.572272948822601E-008 
      9.86000000 -0.340326187343347E+004  0.554136857667942E-008 
      9.88000000 -0.340326187343365E+004  0.535884757401419E-008 
      9.90000000 -0.340326187343384E+004  0.517671326838851E-008 
      9.92000000 -0.340326187343402E+004  0.499419226572328E-008 
      9.94000000 -0.340326187343420E+004  0.481283135417669E-008 
      9.96000000 -0.340326187343438E+004  0.463031035151147E-008 
      9.98000000 -0.340326187343457E+004  0.444701595476715E-008 
     10.00000000 -0.340326187343475E+004  0.426565504322056E-008 
     10.02000000 -0.340326187343493E+004  0.408352073759488E-008 
     10.04000000 -0.340326187343511E+004  0.390022634085057E-008 
     10.06000000 -0.340326187343529E+004  0.371886542930397E-008 
     10.08000000 -0.340326187343548E+004  0.353518433552011E-008 
     10.10000000 -0.340326187343566E+004  0.335343672693398E-008 
     10.12000000 -0.340326187343584E+004  0.317091572426875E-008 
     10.14000000 -0.340326187343602E+004  0.298916811568262E-008 
     10.16000000 -0.340326187343621E+004  0.280664711301739E-008 
     10.18000000 -0.340326187343639E+004  0.262412611035217E-008 
     10.20000000 -0.340326187343657E+004  0.244160510768694E-008 
     10.22000000 -0.340326187343675E+004  0.225947080206126E-008 
     10.24000000 -0.340326187343694E+004  0.207656310235649E-008 
     10.26000000 -0.340326187343712E+004  0.189442879673081E-008 
     10.28000000 -0.340326187343730E+004  0.171152109702604E-008 
     10.30000000 -0.340326187343748E+004  0.152977348843990E-008 
     10.32000000 -0.340326187343767E+004  0.134763918281422E-008 
     10.34000000 -0.340326187343785E+004  0.116550487718854E-008 
     10.36000000 -0.340326187343803E+004  0.982983874523313E-009 
     10.38000000 -0.340326187343821E+004  0.800076174818543E-009 
     10.40000000 -0.340326187343840E+004  0.617168475113772E-009 
     10.42000000 -0.340326187343858E+004  0.435420866527636E-009 
     10.44000000 -0.340326187343876E+004  0.252899863862410E-009 
     10.46000000 -0.340326187343894E+004  0.703788611971845E-010 
     10.48000000 -0.340326187343912E+004 -0.110595353309861E-009 
     10.50000000 -0.340326187343931E+004 -0.294276447093722E-009 
     10.52000000 -0.340326187343949E+004 -0.477184146798493E-009 
     10.54000000 -0.340326187343967E+004 -0.658931755384629E-009 
     10.56000000 -0.340326187343985E+004 -0.841066061010309E-009 
     10.58000000 -0.340326187344004E+004 -0.102397376071508E-008 
     10.60000000 -0.340326187344022E+004 -0.120572136930122E-008 
     10.62000000 -0.340326187344040E+004 -0.138824237196644E-008 
     10.64000000 -0.340326187344058E+004 -0.157076337463167E-008 
     10.66000000 -0.340326187344077E+004 -0.175289768025735E-008 
     10.68000000 -0.340326187344095E+004 -0.193503198588303E-008 
     10.70000000 -0.340326187344113E+004 -0.211793968558780E-008 
     10.72000000 -0.340326187344131E+004 -0.230007399121348E-008 
     10.74000000 -0.340326187344150E+004 -0.248336838795780E-008 
     10.76000000 -0.340326187344168E+004 -0.266511599654393E-008 
     10.78000000 -0.340326187344186E+004 -0.284686360513007E-008 
     10.80000000 -0.340326187344204E+004 -0.302938460779529E-008 
     10.82000000 -0.340326187344222E+004 -0.321229230750006E-008 
     10.84000000 -0.340326187344241E+004 -0.339520000720483E-008 
     10.86000000 -0.340326187344259E+004 -0.357617422171188E-008 
     10.88000000 -0.340326187344277E+004 -0.375946861845620E-008 
     10.90000000 -0.340326187344295E+004 -0.394160292408188E-008 
     10.92000000 -0.340326187344314E+004 -0.412373722970756E-008 
     10.94000000 -0.340326187344332E+004 -0.430625823237278E-008 
     10.96000000 -0.340326187344350E+004 -0.448800584095892E-008 
     10.98000000 -0.340326187344368E+004 -0.467130023770324E-008 
     11.00000000 -0.340326187344387E+004 -0.485304784628937E-008 
     11.02000000 -0.340326187344405E+004 -0.503556884895460E-008 
     11.04000000 -0.340326187344423E+004 -0.521808985161982E-008 
     11.06000000 -0.340326187344441E+004 -0.540061085428505E-008 
     11.08000000 -0.340326187344460E+004 -0.558313185695027E-008 
     11.10000000 -0.340326187344478E+004 -0.576487946553641E-008 
     11.12000000 -0.340326187344496E+004 -0.594817386228073E-008 
     11.14000000 -0.340326187344514E+004 -0.613069486494595E-008 
     11.16000000 -0.340326187344533E+004 -0.631282917057163E-008 
     11.18000000 -0.340326187344551E+004 -0.649496347619731E-008 
     11.20000000 -0.340326187344569E+004 -0.667748447886254E-008 
     11.22000000 -0.340326187344587E+004 -0.686000548152776E-008 
     11.24000000 -0.340326187344605E+004 -0.704213978715345E-008 
     11.26000000 -0.340326187344624E+004 -0.722466078981867E-008 
     11.28000000 -0.340326187344642E+004 -0.740718179248390E-008 
     11.30000000 -0.340326187344660E+004 -0.758931609810958E-008 
     11.32000000 -0.340326187344678E+004 -0.777106370669571E-008 
     11.34000000 -0.340326187344697E+004 -0.795358470936094E-008 
     11.36000000 -0.340326187344715E+004 -0.813687910610525E-008 
     11.38000000 -0.340326187344733E+004 -0.831901341173094E-008 
     11.40000000 -0.340326187344751E+004 -0.850114771735662E-008 
     11.42000000 -0.340326187344770E+004 -0.868366872002184E-008 
     11.44000000 -0.340326187344788E+004 -0.886618972268707E-008 
     11.46000000 -0.340326187344806E+004 -0.904793733127320E-008 
     11.48000000 -0.340326187344824E+004 -0.923045833393843E-008 
     11.50000000 -0.340326187344843E+004 -0.941297933660365E-008 
     11.52000000 -0.340326187344861E+004 -0.959472694518979E-008 
     11.54000000 -0.340326187344879E+004 -0.977763464489456E-008 
     11.56000000 -0.340326187344897E+004 -0.996015564755979E-008 
     11.58000000 -0.340326187344916E+004 -0.101430633472646E-007 
     11.60000000 -0.340326187344934E+004 -0.103251976528902E-007 
     11.62000000 -0.340326187344952E+004 -0.105073319585159E-007 
     11.64000000 -0.340326187344970E+004 -0.106898529611811E-007 
     11.66000000 -0.340326187344988E+004 -0.108719872668068E-007 
     11.68000000 -0.340326187345007E+004 -0.110548949665116E-007 
     11.70000000 -0.340326187345025E+004 -0.112370292721373E-007 
     11.72000000 -0.340326187345043E+004 -0.114187768807234E-007 
     11.74000000 -0.340326187345061E+004 -0.116016845804282E-007 
     11.76000000 -0.340326187345080E+004 -0.117838188860539E-007 
     11.78000000 -0.340326187345098E+004 -0.119667265857586E-007 
     11.80000000 -0.340326187345116E+004 -0.121484741943448E-007 
     11.82000000 -0.340326187345134E+004 -0.123309951970100E-007 
     11.84000000 -0.340326187345153E+004 -0.125127428055961E-007 
     11.86000000 -0.340326187345171E+004 -0.126960372023404E-007 
     11.88000000 -0.340326187345189E+004 -0.128785582050057E-007 
     11.90000000 -0.340326187345207E+004 -0.130603058135918E-007 
     11.92000000 -0.340326187345226E+004 -0.132432135132966E-007 
     11.94000000 -0.340326187345244E+004 -0.134257345159618E-007 
     11.96000000 -0.340326187345262E+004 -0.136078688215875E-007 
     11.98000000 -0.340326187345280E+004 -0.137907765212923E-007 
     12.00000000 -0.340326187345298E+004 -0.139721374328388E-007 
     12.02000000 -0.340326187345317E+004 -0.141554318295832E-007 
     12.04000000 -0.340326187345335E+004 -0.143371794381693E-007 
     12.06000000 -0.340326187345353E+004 -0.145197004408345E-007 
     12.08000000 -0.340326187345371E+004 -0.147018347464602E-007 
     12.10000000 -0.340326187345390E+004 -0.148847424461650E-007 
     12.12000000 -0.340326187345408E+004 -0.150664900547511E-007 
     12.14000000 -0.340326187345426E+004 -0.152490110574163E-007 
     12.16000000 -0.340326187345444E+004 -0.154319187571211E-007 
     12.18000000 -0.340326187345463E+004 -0.156140530627468E-007 
     12.20000000 -0.340326187345481E+004 -0.157973474594911E-007 
     12.22000000 -0.340326187345499E+004 -0.159790950680772E-007 
     12.24000000 -0.340326187345517E+004 -0.161612293737029E-007 
     12.26000000 -0.340326187345536E+004 -0.163437503763681E-007 
     12.28000000 -0.340326187345554E+004 -0.165266580760729E-007 
     12.30000000 -0.340326187345572E+004 -0.167084056846591E-007 
     12.32000000 -0.340326187345590E+004 -0.168909266873243E-007 
     12.34000000 -0.340326187345609E+004 -0.170734476899895E-007 
     12.36000000 -0.340326187345627E+004 -0.172559686926547E-007 
     12.38000000 -0.340326187345645E+004 -0.174381029982804E-007 
     12.40000000 -0.340326187345663E+004 -0.176210106979852E-007 
     12.42000000 -0.340326187345682E+004 -0.178027583065713E-007 
     12.44000000 -0.340326187345700E+004 -0.179848926121970E-007 
     12.46000000 -0.340326187345718E+004 -0.181670269178227E-007 
     12.48000000 -0.340326187345736E+004 -0.183491612234484E-007 
     12.50000000 -0.340326187345754E+004 -0.185324556201927E-007 
     12.52000000 -0.340326187345773E+004 -0.187142032287788E-007 
     12.54000000 -0.340326187345791E+004 -0.188971109284836E-007 
     12.56000000 -0.340326187345809E+004 -0.190796319311488E-007 
     12.58000000 -0.340326187345827E+004 -0.192621529338140E-007 
     12.60000000 -0.340326187345846E+004 -0.194446739364793E-007 
     12.62000000 -0.340326187345864E+004 -0.196264215450654E-007 
     12.64000000 -0.340326187345882E+004 -0.198089425477306E-007 
     12.66000000 -0.340326187345900E+004 -0.199914635503959E-007 
     12.68000000 -0.340326187345919E+004 -0.201735978560215E-007 
     12.70000000 -0.340326187345937E+004 -0.203557321616472E-007 
     12.72000000 -0.340326187345955E+004 -0.205390265583915E-007 
     12.74000000 -0.340326187345973E+004 -0.207203874699381E-007 
     12.76000000 -0.340326187345992E+004 -0.209032951696429E-007 
     12.78000000 -0.340326187346010E+004 -0.210858161723081E-007 
     12.80000000 -0.340326187346028E+004 -0.212683371749733E-007 
     12.82000000 -0.340326187346046E+004 -0.214500847835595E-007 
     12.84000000 -0.340326187346065E+004 -0.216326057862247E-007 
     12.86000000 -0.340326187346083E+004 -0.218151267888899E-007 
     12.88000000 -0.340326187346101E+004 -0.219980344885947E-007 
     12.90000000 -0.340326187346119E+004 -0.221793954001413E-007 
     12.92000000 -0.340326187346137E+004 -0.223623030998461E-007 
     12.94000000 -0.340326187346156E+004 -0.225448241025113E-007 
     12.96000000 -0.340326187346174E+004 -0.227277318022161E-007 
     12.98000000 -0.340326187346192E+004 -0.229094794108022E-007 
     13.00000000 -0.340326187346211E+004 -0.230923871105070E-007 
     13.02000000 -0.340326187346229E+004 -0.232741347190931E-007 
     13.04000000 -0.340326187346247E+004 -0.234570424187979E-007 
     13.06000000 -0.340326187346265E+004 -0.236395634214631E-007 
     13.08000000 -0.340326187346283E+004 -0.238216977270888E-007 
     13.10000000 -0.340326187346302E+004 -0.240038320327145E-007 
     13.12000000 -0.340326187346320E+004 -0.241871264294588E-007 
     13.14000000 -0.340326187346338E+004 -0.243681006439658E-007 
     13.16000000 -0.340326187346356E+004 -0.245513950407101E-007 
     13.18000000 -0.340326187346375E+004 -0.247339160433754E-007 
     13.20000000 -0.340326187346393E+004 -0.249156636519615E-007 
     13.22000000 -0.340326187346411E+004 -0.250974112605476E-007 
     13.24000000 -0.340326187346429E+004 -0.252803189602524E-007 
     13.26000000 -0.340326187346448E+004 -0.254632266599572E-007 
     13.28000000 -0.340326187346466E+004 -0.256457476626224E-007 
     13.30000000 -0.340326187346484E+004 -0.258282686652876E-007 
     13.32000000 -0.340326187346502E+004 -0.260100162738738E-007 
     13.34000000 -0.340326187346521E+004 -0.261925372765390E-007 
     13.36000000 -0.340326187346539E+004 -0.263742848851251E-007 
     13.38000000 -0.340326187346557E+004 -0.265568058877903E-007 
     13.40000000 -0.340326187346575E+004 -0.267393268904556E-007 
     13.42000000 -0.340326187346593E+004 -0.269222345901603E-007 
     13.44000000 -0.340326187346612E+004 -0.271039821987465E-007 
     13.46000000 -0.340326187346630E+004 -0.272868898984513E-007 
     13.48000000 -0.340326187346648E+004 -0.274690242040769E-007 
     13.50000000 -0.340326187346666E+004 -0.276519319037817E-007 
     13.52000000 -0.340326187346685E+004 -0.278340662094074E-007 
     13.54000000 -0.340326187346703E+004 -0.280162005150331E-007 
     13.56000000 -0.340326187346721E+004 -0.281983348206587E-007 
     13.58000000 -0.340326187346739E+004 -0.283804691262844E-007 
     13.60000000 -0.340326187346758E+004 -0.285633768259892E-007 
     13.62000000 -0.340326187346776E+004 -0.287455111316149E-007 
     13.64000000 -0.340326187346794E+004 -0.289280321342801E-007 
     13.66000000 -0.340326187346812E+004 -0.291109398339849E-007 
     13.68000000 -0.340326187346831E+004 -0.292930741396106E-007 
     13.70000000 -0.340326187346849E+004 -0.294755951422758E-007 
     13.72000000 -0.340326187346867E+004 -0.296581161449410E-007 
     13.74000000 -0.340326187346885E+004 -0.298398637535271E-007 
     13.76000000 -0.340326187346904E+004 -0.300231581502715E-007 
     13.78000000 -0.340326187346922E+004 -0.302041323647785E-007 
     13.80000000 -0.340326187346940E+004 -0.303874267615228E-007 
     13.82000000 -0.340326187346958E+004 -0.305691743701090E-007 
     13.84000000 -0.340326187346976E+004 -0.307524687668533E-007 
     13.86000000 -0.340326187346995E+004 -0.309346030724789E-007 
     13.88000000 -0.340326187347013E+004 -0.311167373781046E-007 
     13.90000000 -0.340326187347031E+004 -0.312992583807699E-007 
     13.92000000 -0.340326187347049E+004 -0.314817793834351E-007 
     13.94000000 -0.340326187347068E+004 -0.316643003861003E-007 
     13.96000000 -0.340326187347086E+004 -0.318460479946864E-007 
     13.98000000 -0.340326187347104E+004 -0.320285689973517E-007 
     14.00000000 -0.340326187347122E+004 -0.322110900000169E-007 
     14.02000000 -0.340326187347141E+004 -0.323939976997217E-007 
     14.04000000 -0.340326187347159E+004 -0.325753586112683E-007 
     14.06000000 -0.340326187347177E+004 -0.327582663109730E-007 
     14.08000000 -0.340326187347195E+004 -0.329407873136383E-007 
     14.10000000 -0.340326187347214E+004 -0.331233083163035E-007 
     14.12000000 -0.340326187347232E+004 -0.333054426219292E-007 
     14.14000000 -0.340326187347250E+004 -0.334868035334758E-007 
     14.16000000 -0.340326187347268E+004 -0.336697112331805E-007 
     14.18000000 -0.340326187347287E+004 -0.338526189328853E-007 
     14.20000000 -0.340326187347305E+004 -0.340347532385110E-007 
     14.22000000 -0.340326187347323E+004 -0.342172742411762E-007 
     14.24000000 -0.340326187347341E+004 -0.343997952438414E-007 
     14.26000000 -0.340326187347359E+004 -0.345811561553880E-007 
     14.28000000 -0.340326187347378E+004 -0.347644505521323E-007 
     14.30000000 -0.340326187347396E+004 -0.349469715547976E-007 
     14.32000000 -0.340326187347414E+004 -0.351291058604232E-007 
     14.34000000 -0.340326187347432E+004 -0.353116268630885E-007 
     14.36000000 -0.340326187347451E+004 -0.354941478657537E-007 
     14.38000000 -0.340326187347469E+004 -0.356770555654585E-007 
     14.40000000 -0.340326187347487E+004 -0.358584164770051E-007 
     14.42000000 -0.340326187347505E+004 -0.360413241767098E-007 
     14.44000000 -0.340326187347524E+004 -0.362234584823355E-007 
     14.46000000 -0.340326187347542E+004 -0.364059794850007E-007 
     14.48000000 -0.340326187347560E+004 -0.365881137906264E-007 
     14.50000000 -0.340326187347578E+004 -0.367714081873707E-007 
     14.52000000 -0.340326187347597E+004 -0.369527690989173E-007 
     14.54000000 -0.340326187347615E+004 -0.371352901015825E-007 
     14.56000000 -0.340326187347633E+004 -0.373181978012873E-007 
     14.58000000 -0.340326187347651E+004 -0.374999454098735E-007 
     14.60000000 -0.340326187347670E+004 -0.376828531095782E-007 
     14.62000000 -0.340326187347688E+004 -0.378646007181644E-007 
     14.64000000 -0.340326187347706E+004 -0.380471217208296E-007 
     14.66000000 -0.340326187347724E+004 -0.382296427234948E-007 
     14.68000000 -0.340326187347742E+004 -0.384121637261600E-007 
     14.70000000 -0.340326187347761E+004 -0.385942980317857E-007 
     14.72000000 -0.340326187347779E+004 -0.387775924285300E-007 
     14.74000000 -0.340326187347797E+004 -0.389593400371162E-007 
     14.76000000 -0.340326187347815E+004 -0.391414743427418E-007 
     14.78000000 -0.340326187347834E+004 -0.393247687394862E-007 
     14.80000000 -0.340326187347852E+004 -0.395065163480723E-007 
     14.82000000 -0.340326187347870E+004 -0.396890373507375E-007 
     14.84000000 -0.340326187347888E+004 -0.398711716563632E-007 
     14.86000000 -0.340326187347907E+004 -0.400533059619889E-007 
     14.88000000 -0.340326187347925E+004 -0.402362136616937E-007 
     14.90000000 -0.340326187347943E+004 -0.404179612702798E-007 
     14.92000000 -0.340326187347961E+004 -0.406008689699846E-007 
     14.94000000 -0.340326187347980E+004 -0.407837766696893E-007 
     14.96000000 -0.340326187347998E+004 -0.409655242782755E-007 
     14.98000000 -0.340326187348016E+004 -0.411480452809407E-007 
     15.00000000 -0.340326187348034E+004 -0.413301795865664E-007 
     15.02000000 -0.340326187348053E+004 -0.415130872862711E-007 
     15.04000000 -0.340326187348071E+004 -0.416944481978177E-007 
     15.06000000 -0.340326187348089E+004 -0.418773558975225E-007 
     15.08000000 -0.340326187348107E+004 -0.420602635972273E-007 
     15.10000000 -0.340326187348125E+004 -0.422416245087739E-007 
     15.12000000 -0.340326187348144E+004 -0.424245322084786E-007 
     15.14000000 -0.340326187348162E+004 -0.426078266052230E-007 
     15.16000000 -0.340326187348180E+004 -0.427891875167695E-007 
     15.18000000 -0.340326187348198E+004 -0.429720952164743E-007 
     15.20000000 -0.340326187348217E+004 -0.431546162191395E-007 
     15.22000000 -0.340326187348235E+004 -0.433367505247652E-007 
     15.24000000 -0.340326187348253E+004 -0.435184981333514E-007 
     15.26000000 -0.340326187348271E+004 -0.437010191360166E-007 
     15.28000000 -0.340326187348290E+004 -0.438839268357214E-007 
     15.30000000 -0.340326187348308E+004 -0.440664478383866E-007 
     15.32000000 -0.340326187348326E+004 -0.442489688410518E-007 
     15.34000000 -0.340326187348344E+004 -0.444299430555588E-007 
     15.36000000 -0.340326187348363E+004 -0.446132374523032E-007 
     15.38000000 -0.340326187348381E+004 -0.447953717579288E-007 
     15.40000000 -0.340326187348399E+004 -0.449778927605941E-007 
     15.42000000 -0.340326187348417E+004 -0.451600270662198E-007 
     15.44000000 -0.340326187348435E+004 -0.453425480688850E-007 
     15.46000000 -0.340326187348454E+004 -0.455250690715502E-007 
     15.48000000 -0.340326187348472E+004 -0.457075900742154E-007 
     15.50000000 -0.340326187348490E+004 -0.458893376828016E-007 
     15.52000000 -0.340326187348509E+004 -0.460726320795459E-007 
     15.54000000 -0.340326187348527E+004 -0.462543796881320E-007 
     15.56000000 -0.340326187348545E+004 -0.464369006907972E-007 
     15.58000000 -0.340326187348563E+004 -0.466194216934625E-007 
     15.60000000 -0.340326187348581E+004 -0.468011693020486E-007 
     15.62000000 -0.340326187348600E+004 -0.469848503958325E-007 
     15.64000000 -0.340326187348618E+004 -0.471662113073791E-007 
     15.66000000 -0.340326187348636E+004 -0.473487323100443E-007 
     15.68000000 -0.340326187348654E+004 -0.475312533127095E-007 
     15.70000000 -0.340326187348673E+004 -0.477137743153747E-007 
     15.72000000 -0.340326187348691E+004 -0.478959086210004E-007 
     15.74000000 -0.340326187348709E+004 -0.480788163207052E-007 
     15.76000000 -0.340326187348727E+004 -0.482613373233704E-007 
     15.78000000 -0.340326187348746E+004 -0.484430849319565E-007 
     15.80000000 -0.340326187348764E+004 -0.486259926316613E-007 
     15.82000000 -0.340326187348782E+004 -0.488073535432079E-007 
     15.84000000 -0.340326187348800E+004 -0.489898745458731E-007 
     15.86000000 -0.340326187348819E+004 -0.491731689426175E-007 
     15.88000000 -0.340326187348837E+004 -0.493553032482431E-007 
     15.90000000 -0.340326187348855E+004 -0.495378242509084E-007 
     15.92000000 -0.340326187348873E+004 -0.497207319506131E-007 
     15.94000000 -0.340326187348891E+004 -0.499017061651202E-007 
     15.96000000 -0.340326187348910E+004 -0.500842271677854E-007 
     15.98000000 -0.340326187348928E+004 -0.502675215645297E-007 
     16.00000000 -0.340326187348946E+004 -0.504488824760763E-007 
     16.02000000 -0.340326187348964E+004 -0.506317901757811E-007 
     16.04000000 -0.340326187348983E+004 -0.508139244814068E-007 
     16.06000000 -0.340326187349001E+004 -0.509960587870324E-007 
     16.08000000 -0.340326187349019E+004 -0.511785797896977E-007 
     16.10000000 -0.340326187349037E+004 -0.513611007923629E-007 
     16.12000000 -0.340326187349056E+004 -0.515443951891072E-007 
     16.14000000 -0.340326187349074E+004 -0.517261427976933E-007 
     16.16000000 -0.340326187349092E+004 -0.519086638003586E-007 
     16.18000000 -0.340326187349110E+004 -0.520911848030238E-007 
     16.20000000 -0.340326187349129E+004 -0.522729324116099E-007 
     16.22000000 -0.340326187349147E+004 -0.524558401113147E-007 
     16.24000000 -0.340326187349165E+004 -0.526379744169404E-007 
     16.26000000 -0.340326187349183E+004 -0.528212688136847E-007 
     16.28000000 -0.340326187349202E+004 -0.530030164222708E-007 
     16.30000000 -0.340326187349220E+004 -0.531843773338174E-007 
     16.32000000 -0.340326187349238E+004 -0.533680584276013E-007 
     16.34000000 -0.340326187349256E+004 -0.535494193391479E-007 
     16.36000000 -0.340326187349275E+004 -0.537323270388526E-007 
     16.38000000 -0.340326187349293E+004 -0.539144613444783E-007 
     16.40000000 -0.340326187349311E+004 -0.540973690441831E-007 
     16.42000000 -0.340326187349329E+004 -0.542802767438879E-007 
     16.44000000 -0.340326187349347E+004 -0.544616376554345E-007 
     16.46000000 -0.340326187349366E+004 -0.546453187492183E-007 
     16.48000000 -0.340326187349384E+004 -0.548266796607649E-007 
     16.50000000 -0.340326187349402E+004 -0.550092006634301E-007 
     16.52000000 -0.340326187349420E+004 -0.551921083631349E-007 
     16.54000000 -0.340326187349439E+004 -0.553742426687606E-007 
     16.56000000 -0.340326187349457E+004 -0.555556035803072E-007 
     16.58000000 -0.340326187349475E+004 -0.557385112800119E-007 
     16.60000000 -0.340326187349493E+004 -0.559210322826772E-007 
     16.62000000 -0.340326187349512E+004 -0.561035532853424E-007 
     16.64000000 -0.340326187349530E+004 -0.562860742880076E-007 
     16.66000000 -0.340326187349548E+004 -0.564685952906728E-007 
     16.68000000 -0.340326187349566E+004 -0.566503428992590E-007 
     16.70000000 -0.340326187349585E+004 -0.568332505989638E-007 
     16.72000000 -0.340326187349603E+004 -0.570157716016290E-007 
     16.74000000 -0.340326187349621E+004 -0.571975192102151E-007 
     16.76000000 -0.340326187349639E+004 -0.573804269099199E-007 
     16.78000000 -0.340326187349657E+004 -0.575621745185060E-007 
     16.80000000 -0.340326187349676E+004 -0.577446955211713E-007 
     16.82000000 -0.340326187349694E+004 -0.579272165238365E-007 
     16.84000000 -0.340326187349712E+004 -0.581097375265017E-007 
     16.86000000 -0.340326187349730E+004 -0.582922585291669E-007 
     16.88000000 -0.340326187349749E+004 -0.584740061377531E-007 
     16.90000000 -0.340326187349767E+004 -0.586569138374578E-007 
     16.92000000 -0.340326187349785E+004 -0.588390481430835E-007 
     16.94000000 -0.340326187349803E+004 -0.590207957516697E-007 
     16.96000000 -0.340326187349822E+004 -0.592040901484140E-007 
     16.98000000 -0.340326187349840E+004 -0.593862244540396E-007 
     17.00000000 -0.340326187349858E+004 -0.595691321537444E-007 
     17.02000000 -0.340326187349876E+004 -0.597508797623306E-007 
     17.04000000 -0.340326187349895E+004 -0.599330140679562E-007 
     17.06000000 -0.340326187349913E+004 -0.601166951617401E-007 
     17.08000000 -0.340326187349931E+004 -0.602988294673658E-007 
     17.10000000 -0.340326187349949E+004 -0.604809637729915E-007 
     17.12000000 -0.340326187349968E+004 -0.606627113815776E-007 
     17.14000000 -0.340326187349986E+004 -0.608448456872033E-007 
     17.16000000 -0.340326187350004E+004 -0.610281400839476E-007 
     17.18000000 -0.340326187350022E+004 -0.612102743895733E-007 
     17.20000000 -0.340326187350041E+004 -0.613927953922385E-007 
     17.22000000 -0.340326187350059E+004 -0.615749296978642E-007 
     17.24000000 -0.340326187350077E+004 -0.617574507005294E-007 
     17.26000000 -0.340326187350095E+004 -0.619403584002342E-007 
     17.28000000 -0.340326187350113E+004 -0.621221060088203E-007 
     17.30000000 -0.340326187350132E+004 -0.623046270114855E-007 
     17.32000000 -0.340326187350150E+004 -0.624863746200717E-007 
     17.34000000 -0.340326187350168E+004 -0.626696690168160E-007 
     17.36000000 -0.340326187350186E+004 -0.628506432313230E-007 
     17.38000000 -0.340326187350205E+004 -0.630343243251069E-007 
     17.40000000 -0.340326187350223E+004 -0.632172320248117E-007 
     17.42000000 -0.340326187350241E+004 -0.633993663304373E-007 
     17.44000000 -0.340326187350259E+004 -0.635811139390235E-007 
     17.46000000 -0.340326187350278E+004 -0.637632482446492E-007 
     17.48000000 -0.340326187350296E+004 -0.639461559443539E-007 
     17.50000000 -0.340326187350314E+004 -0.641279035529401E-007 
     17.52000000 -0.340326187350332E+004 -0.643100378585658E-007 
     17.54000000 -0.340326187350351E+004 -0.644933322553101E-007 
     17.56000000 -0.340326187350369E+004 -0.646746931668567E-007 
     17.58000000 -0.340326187350387E+004 -0.648576008665614E-007 
     17.60000000 -0.340326187350405E+004 -0.650397351721871E-007 
     17.62000000 -0.340326187350424E+004 -0.652230295689314E-007 
     17.64000000 -0.340326187350442E+004 -0.654043904804780E-007 
     17.66000000 -0.340326187350460E+004 -0.655872981801828E-007 
     17.68000000 -0.340326187350478E+004 -0.657702058798876E-007 
     17.70000000 -0.340326187350497E+004 -0.659523401855132E-007 
     17.72000000 -0.340326187350515E+004 -0.661344744911389E-007 
     17.74000000 -0.340326187350533E+004 -0.663169954938041E-007 
     17.76000000 -0.340326187350551E+004 -0.664991297994298E-007 
     17.78000000 -0.340326187350569E+004 -0.666812641050555E-007 
     17.80000000 -0.340326187350588E+004 -0.668645585017998E-007 
     17.82000000 -0.340326187350606E+004 -0.670463061103860E-007 
     17.84000000 -0.340326187350624E+004 -0.672288271130512E-007 
     17.86000000 -0.340326187350642E+004 -0.674121215097955E-007 
     17.88000000 -0.340326187350661E+004 -0.675930957243025E-007 
     17.90000000 -0.340326187350679E+004 -0.677763901210469E-007 
     17.92000000 -0.340326187350697E+004 -0.679581377296330E-007 
     17.94000000 -0.340326187350715E+004 -0.681406587322982E-007 
     17.96000000 -0.340326187350734E+004 -0.683235664320030E-007 
     17.98000000 -0.340326187350752E+004 -0.685057007376287E-007 
     18.00000000 -0.340326187350770E+004 -0.686878350432544E-007 
