# Real time calculation: 
# Eall: Total energy
# Eall0: Initial total energy
# 1:Time[fs] 2:Eall[eV] 3:Eall-Eall0[eV] 
      0.00000000 -0.233378478916608E+005  0.000000000000000E+000 
      0.02000000 -0.233378478917033E+005 -0.424686156709868E-007 
      0.04000000 -0.233378478917013E+005 -0.405103818627310E-007 
      0.06000000 -0.233378478916869E+005 -0.260788483469128E-007 
      0.08000000 -0.233378478916340E+005  0.267965580523082E-007 
      0.10000000 -0.233378478914905E+005  0.170344686284034E-006 
      0.12000000 -0.233378478911663E+005  0.494477238406944E-006 
      0.14000000 -0.233378478905219E+005  0.113896817954680E-005 
      0.16000000 -0.233378478893548E+005  0.230602603204616E-005 
      0.18000000 -0.233378478873879E+005  0.427290329252979E-005 
      0.20000000 -0.233378478842567E+005  0.740415318127018E-005 
      0.22000000 -0.233378478794976E+005  0.121632274597975E-004 
      0.24000000 -0.233378478725375E+005  0.191233534452279E-004 
      0.26000000 -0.233378478626840E+005  0.289767745227207E-004 
      0.28000000 -0.233378478491183E+005  0.425425335834899E-004 
      0.30000000 -0.233378478308885E+005  0.607723662876873E-004 
      0.32000000 -0.233378478069060E+005  0.847548031465978E-004 
      0.34000000 -0.233378477759437E+005  0.115717090633532E-003 
      0.36000000 -0.233378477366356E+005  0.155025209745283E-003 
      0.38000000 -0.233378476874790E+005  0.204181865177524E-003 
      0.40000000 -0.233378476268384E+005  0.264822420365524E-003 
      0.42000000 -0.233378475529516E+005  0.338709214584458E-003 
      0.44000000 -0.233378474639365E+005  0.427724289951486E-003 
      0.46000000 -0.233378473578001E+005  0.533860735599220E-003 
      0.48000000 -0.233378472324478E+005  0.659213010969007E-003 
      0.50000000 -0.233378470856949E+005  0.805965960521428E-003 
      0.52000000 -0.233378469152775E+005  0.976383296351675E-003 
      0.54000000 -0.233378467188656E+005  0.117279517438706E-002 
      0.56000000 -0.233378464940754E+005  0.139758540554253E-002 
      0.58000000 -0.233378462384829E+005  0.165317789966924E-002 
      0.60000000 -0.233378459496378E+005  0.194202300432155E-002 
      0.62000000 -0.233378456250771E+005  0.226658374452956E-002 
      0.64000000 -0.233378452623386E+005  0.262932226056055E-002 
      0.66000000 -0.233378448589741E+005  0.303268675302690E-002 
      0.68000000 -0.233378444125615E+005  0.347909930966333E-002 
      0.70000000 -0.233378439207162E+005  0.397094463542833E-002 
      0.72000000 -0.233378433811007E+005  0.451056014687284E-002 
      0.74000000 -0.233378427914337E+005  0.510022709666976E-002 
      0.76000000 -0.233378421494975E+005  0.574216330989677E-002 
      0.78000000 -0.233378414531435E+005  0.643851729696063E-002 
      0.80000000 -0.233378407002972E+005  0.719136365654273E-002 
      0.82000000 -0.233378398889612E+005  0.800269961698079E-002 
      0.84000000 -0.233378390172179E+005  0.887444294191770E-002 
      0.86000000 -0.233378380832301E+005  0.980843073618105E-002 
      0.88000000 -0.233378370852409E+005  0.108064199500361E-001 
      0.90000000 -0.233378360215718E+005  0.118700889909389E-001 
      0.92000000 -0.233378348906202E+005  0.130010406005625E-001 
      0.94000000 -0.233378336908550E+005  0.142008058052938E-001 
      0.96000000 -0.233378324208121E+005  0.154708487298383E-001 
      0.98000000 -0.233378310790883E+005  0.168125724750148E-001 
      1.00000000 -0.233378296643352E+005  0.182273256482956E-001 
      1.02000000 -0.233378281752512E+005  0.197164096429912E-001 
      1.04000000 -0.233378266105745E+005  0.212810862855710E-001 
      1.06000000 -0.233378249690752E+005  0.229225856562241E-001 
      1.08000000 -0.233378232495470E+005  0.246421138506426E-001 
      1.10000000 -0.233378214508000E+005  0.264408608500795E-001 
      1.12000000 -0.233378195716531E+005  0.283200077355688E-001 
      1.14000000 -0.233378176109273E+005  0.302807335092611E-001 
      1.16000000 -0.233378155674395E+005  0.323242212815763E-001 
      1.18000000 -0.233378134399973E+005  0.344516635426580E-001 
      1.20000000 -0.233378112273941E+005  0.366642667223044E-001 
      1.22000000 -0.233378089284061E+005  0.389632547290199E-001 
      1.24000000 -0.233378065417887E+005  0.413498720776208E-001 
      1.26000000 -0.233378040662752E+005  0.438253856494803E-001 
      1.28000000 -0.233378015005748E+005  0.463910860444210E-001 
      1.30000000 -0.233377988433726E+005  0.490482881808691E-001 
      1.32000000 -0.233377960933297E+005  0.517983310793037E-001 
      1.34000000 -0.233377932490837E+005  0.546425771600152E-001 
      1.36000000 -0.233377903092499E+005  0.575824109190548E-001 
      1.38000000 -0.233377872724240E+005  0.606192368091344E-001 
      1.40000000 -0.233377841371846E+005  0.637544762388574E-001 
      1.42000000 -0.233377809020971E+005  0.669895637707142E-001 
      1.44000000 -0.233377775657185E+005  0.703259423507867E-001 
      1.46000000 -0.233377741266030E+005  0.737650578207442E-001 
      1.48000000 -0.233377705833081E+005  0.773083527214102E-001 
      1.50000000 -0.233377669344016E+005  0.809572592672506E-001 
      1.52000000 -0.233377631784689E+005  0.847131919496322E-001 
      1.54000000 -0.233377593141212E+005  0.885775395956130E-001 
      1.56000000 -0.233377553400033E+005  0.925516575164451E-001 
      1.58000000 -0.233377512548012E+005  0.966368595818322E-001 
      1.60000000 -0.233377470572506E+005  0.100834410198286E+000 
      1.62000000 -0.233377427461443E+005  0.105145516479286E+000 
      1.64000000 -0.233377383203404E+005  0.109571320375219E+000 
      1.66000000 -0.233377337787698E+005  0.114112891050807E+000 
      1.68000000 -0.233377291204436E+005  0.118771217175920E+000 
      1.70000000 -0.233377243444613E+005  0.123547199500986E+000 
      1.72000000 -0.233377194500175E+005  0.128441643308669E+000 
      1.74000000 -0.233377144364100E+005  0.133455250834605E+000 
      1.76000000 -0.233377093030469E+005  0.138588613929441E+000 
      1.78000000 -0.233377040494539E+005  0.143842206900298E+000 
      1.80000000 -0.233376986752811E+005  0.149216379735839E+000 
      1.82000000 -0.233376931803088E+005  0.154711351999549E+000 
      1.84000000 -0.233376875644535E+005  0.160327207360293E+000 
      1.86000000 -0.233376818277719E+005  0.166063888883893E+000 
      1.88000000 -0.233376759704655E+005  0.171921195308461E+000 
      1.90000000 -0.233376699928827E+005  0.177898778099314E+000 
      1.92000000 -0.233376638955217E+005  0.183996139172105E+000 
      1.94000000 -0.233376576790314E+005  0.190212629395527E+000 
      1.96000000 -0.233376513442133E+005  0.196547447533315E+000 
      1.98000000 -0.233376448920209E+005  0.202999639885388E+000 
      2.00000000 -0.233376383235602E+005  0.209568100628142E+000 
      2.02000000 -0.233376316400879E+005  0.216251572915767E+000 
      2.04000000 -0.233376248430105E+005  0.223048650368251E+000 
      2.06000000 -0.233376179338815E+005  0.229957779366822E+000 
      2.08000000 -0.233376109143992E+005  0.236977261637075E+000 
      2.10000000 -0.233376037864031E+005  0.244105257750907E+000 
      2.12000000 -0.233375965518697E+005  0.251339791157444E+000 
      2.14000000 -0.233375892129080E+005  0.258678752798658E+000 
      2.16000000 -0.233375817717550E+005  0.266119905845633E+000 
      2.18000000 -0.233375742307693E+005  0.273660891483550E+000 
      2.20000000 -0.233375665924262E+005  0.281299234594590E+000 
      2.22000000 -0.233375588593108E+005  0.289032350053357E+000 
      2.24000000 -0.233375510341116E+005  0.296857549176992E+000 
      2.26000000 -0.233375431196145E+005  0.304772046283548E+000 
      2.28000000 -0.233375351186955E+005  0.312772965293686E+000 
      2.30000000 -0.233375270343147E+005  0.320857346106532E+000 
      2.32000000 -0.233375188695096E+005  0.329022151185905E+000 
      2.34000000 -0.233375106273891E+005  0.337264271697971E+000 
      2.36000000 -0.233375023111273E+005  0.345580533522061E+000 
      2.38000000 -0.233374939239576E+005  0.353967703267675E+000 
      2.40000000 -0.233374854691673E+005  0.362422493530474E+000 
      2.42000000 -0.233374769500929E+005  0.370941567916243E+000 
      2.44000000 -0.233374683701150E+005  0.379521545860684E+000 
      2.46000000 -0.233374597326539E+005  0.388159006892365E+000 
      2.48000000 -0.233374510411664E+005  0.396850494444006E+000 
      2.50000000 -0.233374422991417E+005  0.405592519137854E+000 
      2.52000000 -0.233374335100992E+005  0.414381561650342E+000 
      2.54000000 -0.233374246775857E+005  0.423214075100320E+000 
      2.56000000 -0.233374158051739E+005  0.432086486902117E+000 
      2.58000000 -0.233374068964608E+005  0.440995200049367E+000 
      2.60000000 -0.233373979550672E+005  0.449936593609986E+000 
      2.62000000 -0.233373889846378E+005  0.458907022998406E+000 
      2.64000000 -0.233373799888415E+005  0.467902819291893E+000 
      2.66000000 -0.233373709713724E+005  0.476920288426221E+000 
      2.68000000 -0.233373619359511E+005  0.485955709738591E+000 
      2.70000000 -0.233373528863265E+005  0.495005334355885E+000 
      2.72000000 -0.233373438262773E+005  0.504065383539596E+000 
      2.74000000 -0.233373347596141E+005  0.513132046770910E+000 
      2.76000000 -0.233373256901805E+005  0.522201480287441E+000 
      2.78000000 -0.233373166218555E+005  0.531269805350829E+000 
      2.80000000 -0.233373075585540E+005  0.540333106780386E+000 
      2.82000000 -0.233372985042292E+005  0.549387431653791E+000 
      2.84000000 -0.233372894628728E+005  0.558428788029448E+000 
      2.86000000 -0.233372804385169E+005  0.567453143910130E+000 
      2.88000000 -0.233372714352346E+005  0.576456426188080E+000 
      2.90000000 -0.233372624571407E+005  0.585434520103626E+000 
      2.92000000 -0.233372535083918E+005  0.594383269068851E+000 
      2.94000000 -0.233372445931862E+005  0.603298474571692E+000 
      2.96000000 -0.233372357157640E+005  0.612175896841059E+000 
      2.98000000 -0.233372268804049E+005  0.621011255945054E+000 
      3.00000000 -0.233372180914268E+005  0.629800233996692E+000 
      3.02000000 -0.233372093531834E+005  0.638538477430771E+000 
      3.04000000 -0.233372006700602E+005  0.647221600669761E+000 
      3.06000000 -0.233371920464709E+005  0.655845189935093E+000 
      3.08000000 -0.233371834868527E+005  0.664404808085507E+000 
      3.10000000 -0.233371749956609E+005  0.672895999885415E+000 
      3.12000000 -0.233371665773628E+005  0.681314298055939E+000 
      3.14000000 -0.233371582364303E+005  0.689655230520062E+000 
      3.16000000 -0.233371499773340E+005  0.697914326843456E+000 
      3.18000000 -0.233371418045383E+005  0.706087122512898E+000 
      3.20000000 -0.233371337224977E+005  0.714169163084758E+000 
      3.22000000 -0.233371257356525E+005  0.722156008318013E+000 
      3.24000000 -0.233371178484242E+005  0.730043236656841E+000 
      3.26000000 -0.233371100652109E+005  0.737826449929763E+000 
      3.28000000 -0.233371023903821E+005  0.745501278766498E+000 
      3.30000000 -0.233370948282709E+005  0.753063389966856E+000 
      3.32000000 -0.233370873831633E+005  0.760508497550997E+000 
      3.34000000 -0.233370800592813E+005  0.767832379498773E+000 
      3.36000000 -0.233370728607564E+005  0.775030904391604E+000 
      3.38000000 -0.233370657915895E+005  0.782100071347457E+000 
      3.40000000 -0.233370588555929E+005  0.789036067944966E+000 
      3.42000000 -0.233370520563098E+005  0.795835351058586E+000 
      3.44000000 -0.233370453969056E+005  0.802494755211101E+000 
      3.46000000 -0.233370388800287E+005  0.809011632084632E+000 
      3.48000000 -0.233370325076370E+005  0.815384023841350E+000 
      3.50000000 -0.233370262807901E+005  0.821610870758126E+000 
      3.52000000 -0.233370201994095E+005  0.827692251340646E+000 
      3.54000000 -0.233370142620113E+005  0.833629649537252E+000 
      3.56000000 -0.233370084654202E+005  0.839426240610143E+000 
      3.58000000 -0.233370028044778E+005  0.845087183069986E+000 
      3.60000000 -0.233369972717604E+005  0.850619900417186E+000 
      3.62000000 -0.233369918573286E+005  0.856034332207268E+000 
      3.64000000 -0.233369865485286E+005  0.861343132212994E+000 
      3.66000000 -0.233369813298738E+005  0.866561786991865E+000 
      3.68000000 -0.233369761830321E+005  0.871708628746121E+000 
      3.70000000 -0.233369710869449E+005  0.876804715879754E+000 
      3.72000000 -0.233369660181053E+005  0.881873555517088E+000 
      3.74000000 -0.233369609510131E+005  0.886940647698343E+000 
      3.76000000 -0.233369558588263E+005  0.892032834562325E+000 
      3.78000000 -0.233369507142145E+005  0.897177446290438E+000 
      3.80000000 -0.233369454904162E+005  0.902401244650375E+000 
      3.82000000 -0.233369401624844E+005  0.907729176467384E+000 
      3.84000000 -0.233369347086999E+005  0.913182960936451E+000 
      3.86000000 -0.233369291121116E+005  0.918779549234756E+000 
      3.88000000 -0.233369233621524E+005  0.924529508418841E+000 
      3.90000000 -0.233369174562658E+005  0.930435395010894E+000 
      3.92000000 -0.233369114014627E+005  0.936490198144092E+000 
      3.94000000 -0.233369052157179E+005  0.942675942887136E+000 
      3.96000000 -0.233368989291069E+005  0.948962553939648E+000 
      3.98000000 -0.233368925845741E+005  0.955307086736148E+000 
      4.00000000 -0.233368862382255E+005  0.961653435288706E+000 
      4.02000000 -0.233368799590352E+005  0.967932625609561E+000 
      4.04000000 -0.233368738278647E+005  0.974063796145895E+000 
      4.06000000 -0.233368679357045E+005  0.979955956326376E+000 
      4.08000000 -0.233368623810633E+005  0.985510597517918E+000 
      4.10000000 -0.233368572664524E+005  0.990625208420408E+000 
      4.12000000 -0.233368526939403E+005  0.995197720495657E+000 
      4.14000000 -0.233368487597840E+005  0.999131876866001E+000 
      4.16000000 -0.233368455481781E+005  0.100234348276460E+001 
      4.18000000 -0.233368431242044E+005  0.100476745640530E+001 
      4.20000000 -0.233368415261015E+005  0.100636555930394E+001 
      4.22000000 -0.233368407570182E+005  0.100713464265767E+001 
      4.24000000 -0.233368407764545E+005  0.100711520632402E+001 
      4.26000000 -0.233368414916322E+005  0.100640002866443E+001 
      4.28000000 -0.233368427490703E+005  0.100514259056609E+001 
      4.30000000 -0.233368443266721E+005  0.100356498872345E+001 
      4.32000000 -0.233368459266497E+005  0.100196501111138E+001 
      4.34000000 -0.233368471696260E+005  0.100072203484813E+001 
      4.36000000 -0.233368475902580E+005  0.100030140281700E+001 
      4.38000000 -0.233368466347169E+005  0.100125694391012E+001 
      4.40000000 -0.233368436603403E+005  0.100423132051137E+001 
      4.42000000 -0.233368379377420E+005  0.100995391879484E+001 
      4.44000000 -0.233368286556195E+005  0.101923604128250E+001 
      4.46000000 -0.233368149284435E+005  0.103296321729003E+001 
      4.48000000 -0.233367958071468E+005  0.105208451407004E+001 
      4.50000000 -0.233367702928516E+005  0.107759880926509E+001 
      4.52000000 -0.233367373535892E+005  0.111053807166834E+001 
      4.54000000 -0.233366959438701E+005  0.115194779068127E+001 
      4.56000000 -0.233366450268685E+005  0.120286479229955E+001 
      4.58000000 -0.233365835988807E+005  0.126429278007366E+001 
      4.60000000 -0.233365107156235E+005  0.133717603736833E+001 
      4.62000000 -0.233364255198370E+005  0.142237182385751E+001 
      4.64000000 -0.233363272695757E+005  0.152062208515561E+001 
      4.66000000 -0.233362153664872E+005  0.163252517365688E+001 
      4.68000000 -0.233360893833209E+005  0.175850833994429E+001 
      4.70000000 -0.233359490898580E+005  0.189880180280105E+001 
      4.72000000 -0.233357944764294E+005  0.205341523144121E+001 
      4.74000000 -0.233356257741834E+005  0.222211747745573E+001 
      4.76000000 -0.233354434712862E+005  0.240442037459159E+001 
      4.78000000 -0.233352483242822E+005  0.259956737867248E+001 
      4.80000000 -0.233350413639141E+005  0.280652774667298E+001 
      4.82000000 -0.233348238948053E+005  0.302399685549306E+001 
      4.84000000 -0.233345974885235E+005  0.325040313729830E+001 
      4.86000000 -0.233343639697005E+005  0.348392196028241E+001 
      4.88000000 -0.233341253950453E+005  0.372249661550748E+001 
      4.90000000 -0.233338840252726E+005  0.396386638817325E+001 
      4.92000000 -0.233336422901666E+005  0.420560149418190E+001 
      4.94000000 -0.233334027471971E+005  0.444514446371893E+001 
      4.96000000 -0.233331680343077E+005  0.467985735308854E+001 
      4.98000000 -0.233329408176878E+005  0.490707397299024E+001 
      5.00000000 -0.233327237355164E+005  0.512415614442155E+001 
      5.02000000 -0.233325193388241E+005  0.532855283673877E+001 
      5.04000000 -0.233323300307488E+005  0.551786091206672E+001 
      5.06000000 -0.233321580055554E+005  0.568988610542332E+001 
      5.08000000 -0.233320051888522E+005  0.584270280864193E+001 
      5.10000000 -0.233318731804551E+005  0.597471120576839E+001 
      5.12000000 -0.233317632013317E+005  0.608469032916944E+001 
      5.14000000 -0.233316760459966E+005  0.617184566423990E+001 
      5.16000000 -0.233316120416324E+005  0.623585002839031E+001 
      5.18000000 -0.233315710150801E+005  0.627687658074680E+001 
      5.20000000 -0.233315522686831E+005  0.629562297775702E+001 
      5.22000000 -0.233315545657895E+005  0.629332587135313E+001 
      5.24000000 -0.233315761265191E+005  0.627176514169429E+001 
      5.26000000 -0.233316146342009E+005  0.623325745992002E+001 
      5.28000000 -0.233316672526774E+005  0.618063898339272E+001 
      5.30000000 -0.233317306544737E+005  0.611723718714470E+001 
      5.32000000 -0.233318010596315E+005  0.604683202932996E+001 
      5.34000000 -0.233318742848285E+005  0.597360683233508E+001 
      5.36000000 -0.233319458022287E+005  0.590208943208688E+001 
      5.38000000 -0.233320108073521E+005  0.583708430876840E+001 
      5.40000000 -0.233320642950986E+005  0.578359656219330E+001 
      5.42000000 -0.233321011429221E+005  0.574674873869877E+001 
      5.44000000 -0.233321162000053E+005  0.573169165549189E+001 
      5.46000000 -0.233321043811542E+005  0.574351050666105E+001 
      5.48000000 -0.233320607639875E+005  0.578712767333754E+001 
      5.50000000 -0.233319806878610E+005  0.586720379982716E+001 
      5.52000000 -0.233318598528238E+005  0.598803883700876E+001 
      5.54000000 -0.233316944167725E+005  0.615347488829153E+001 
      5.56000000 -0.233314810888422E+005  0.636680281863583E+001 
      5.58000000 -0.233312172169680E+005  0.663067469286770E+001 
      5.60000000 -0.233309008674738E+005  0.694702418703068E+001 
      5.62000000 -0.233305308945072E+005  0.731699715364079E+001 
      5.64000000 -0.233301069971543E+005  0.774089450652757E+001 
      5.66000000 -0.233296297621484E+005  0.821812951241985E+001 
      5.68000000 -0.233291006902389E+005  0.874720142189213E+001 
      5.70000000 -0.233285222045242E+005  0.932568713664968E+001 
      5.72000000 -0.233278976393755E+005  0.995025228530828E+001 
      5.74000000 -0.233272312089941E+005  0.106166826667266E+002 
      5.76000000 -0.233265279551376E+005  0.113199365232325E+002 
      5.78000000 -0.233257936741288E+005  0.120542175320714E+002 
      5.80000000 -0.233250348238888E+005  0.128130677719776E+002 
      5.82000000 -0.233242584124139E+005  0.135894792469008E+002 
      5.84000000 -0.233234718697972E+005  0.143760218636728E+002 
      5.86000000 -0.233226829065727E+005  0.151649850880920E+002 
      5.88000000 -0.233218993617777E+005  0.159485298830965E+002 
      5.90000000 -0.233211290446697E+005  0.167188469910988E+002 
      5.92000000 -0.233203795744603E+005  0.174683172004774E+002 
      5.94000000 -0.233196582226963E+005  0.181896689645277E+002 
      5.96000000 -0.233189717630211E+005  0.188761286397460E+002 
      5.98000000 -0.233183263329512E+005  0.195215587096688E+002 
      6.00000000 -0.233177273119995E+005  0.201205796613383E+002 
      6.02000000 -0.233171792199740E+005  0.206686716867727E+002 
      6.04000000 -0.233166856385782E+005  0.211622530826291E+002 
      6.06000000 -0.233162491585748E+005  0.215987330859970E+002 
      6.08000000 -0.233158713537838E+005  0.219765378769987E+002 
      6.10000000 -0.233155527821051E+005  0.222951095557690E+002 
      6.12000000 -0.233152930126630E+005  0.225548789977951E+002 
      6.14000000 -0.233150906771104E+005  0.227572145503750E+002 
      6.16000000 -0.233149435421678E+005  0.229043494930109E+002 
      6.18000000 -0.233148485996816E+005  0.229992919792542E+002 
      6.20000000 -0.233148021698939E+005  0.230457217668819E+002 
      6.22000000 -0.233148000132847E+005  0.230478783761353E+002 
      6.24000000 -0.233148374462775E+005  0.230104453833395E+002 
      6.26000000 -0.233149094563117E+005  0.229384353491418E+002 
      6.28000000 -0.233150108122461E+005  0.228370794147715E+002 
      6.30000000 -0.233151361667445E+005  0.227117249163516E+002 
      6.32000000 -0.233152801481441E+005  0.225677435167413E+002 
      6.34000000 -0.233154374402578E+005  0.224104514029798E+002 
      6.36000000 -0.233156028495434E+005  0.222450421174337E+002 
      6.38000000 -0.233157713599998E+005  0.220765316610085E+002 
      6.40000000 -0.233159381769695E+005  0.219097146913060E+002 
      6.42000000 -0.233160987616625E+005  0.217491299983468E+002 
      6.44000000 -0.233162488586401E+005  0.215990330207437E+002 
      6.46000000 -0.233163845186761E+005  0.214633729847443E+002 
      6.48000000 -0.233165021193470E+005  0.213457723138025E+002 
      6.50000000 -0.233165983854106E+005  0.212495062502687E+002 
      6.52000000 -0.233166704105465E+005  0.211774811143080E+002 
      6.54000000 -0.233167156814091E+005  0.211322102517403E+002 
      6.56000000 -0.233167321042312E+005  0.211157874296275E+002 
      6.58000000 -0.233167180334984E+005  0.211298581624311E+002 
      6.60000000 -0.233166723015312E+005  0.211755901296052E+002 
      6.62000000 -0.233165942472398E+005  0.212536444210180E+002 
      6.64000000 -0.233164837418885E+005  0.213641497722748E+002 
      6.66000000 -0.233163412094628E+005  0.215066821980470E+002 
      6.68000000 -0.233161676391829E+005  0.216802524779432E+002 
      6.70000000 -0.233159645878636E+005  0.218833037972182E+002 
      6.72000000 -0.233157341701527E+005  0.221137215081444E+002 
      6.74000000 -0.233154790351812E+005  0.223688564796394E+002 
      6.76000000 -0.233152023287766E+005  0.226455628841960E+002 
      6.78000000 -0.233149076410898E+005  0.229402505710561E+002 
      6.80000000 -0.233145989402196E+005  0.232489514411795E+002 
      6.82000000 -0.233142804931426E+005  0.235673985182627E+002 
      6.84000000 -0.233139567759157E+005  0.238911157451000E+002 
      6.86000000 -0.233136323757006E+005  0.242155159602641E+002 
      6.88000000 -0.233133118875993E+005  0.245360040615531E+002 
      6.90000000 -0.233129998096032E+005  0.248480820575816E+002 
      6.92000000 -0.233127004390979E+005  0.251474525629148E+002 
      6.94000000 -0.233124177743534E+005  0.254301173073947E+002 
      6.96000000 -0.233121554242575E+005  0.256924674033284E+002 
      6.98000000 -0.233119165292314E+005  0.259313624293910E+002 
      7.00000000 -0.233117036958285E+005  0.261441958323345E+002 
      7.02000000 -0.233115189469738E+005  0.263289446870358E+002 
      7.04000000 -0.233113636891932E+005  0.264842024675794E+002 
      7.06000000 -0.233112386975269E+005  0.266091941339335E+002 
      7.08000000 -0.233111441181612E+005  0.267037734996444E+002 
      7.10000000 -0.233110794881738E+005  0.267684034870325E+002 
      7.12000000 -0.233110437711944E+005  0.268041204664254E+002 
      7.14000000 -0.233110354072613E+005  0.268124843995057E+002 
      7.16000000 -0.233110523747276E+005  0.267955169332546E+002 
      7.18000000 -0.233110922617428E+005  0.267556299180080E+002 
      7.20000000 -0.233111523446269E+005  0.266955470339401E+002 
      7.22000000 -0.233112296703528E+005  0.266182213080159E+002 
      7.24000000 -0.233113211403729E+005  0.265267512879287E+002 
      7.26000000 -0.233114235931416E+005  0.264242985192108E+002 
      7.28000000 -0.233115338829016E+005  0.263140087592318E+002 
      7.30000000 -0.233116489525913E+005  0.261989390695491E+002 
      7.32000000 -0.233117658990831E+005  0.260819925777633E+002 
      7.34000000 -0.233118820293561E+005  0.259658623047335E+002 
      7.36000000 -0.233119949066228E+005  0.258529850380248E+002 
      7.38000000 -0.233121023858491E+005  0.257455058117486E+002 
      7.40000000 -0.233122026385122E+005  0.256452531486261E+002 
      7.42000000 -0.233122941668179E+005  0.255537248429378E+002 
      7.44000000 -0.233123758079277E+005  0.254720837331394E+002 
      7.46000000 -0.233124467290292E+005  0.254011626315931E+002 
      7.48000000 -0.233125064142987E+005  0.253414773620864E+002 
      7.50000000 -0.233125546449623E+005  0.252932466985714E+002 
      7.52000000 -0.233125914737538E+005  0.252564179070213E+002 
      7.54000000 -0.233126171951044E+005  0.252306965564123E+002 
      7.56000000 -0.233126323123740E+005  0.252155792867934E+002 
      7.58000000 -0.233126375033757E+005  0.252103882851128E+002 
      7.60000000 -0.233126335853389E+005  0.252143063218902E+002 
      7.62000000 -0.233126214803322E+005  0.252264113285747E+002 
      7.64000000 -0.233126021820198E+005  0.252457096410537E+002 
      7.66000000 -0.233125767244730E+005  0.252711671878488E+002 
      7.68000000 -0.233125461536042E+005  0.253017380566696E+002 
      7.70000000 -0.233125115016385E+005  0.253363900223677E+002 
      7.72000000 -0.233124737649005E+005  0.253741267603579E+002 
      7.74000000 -0.233124338850654E+005  0.254140065954262E+002 
      7.76000000 -0.233123927339128E+005  0.254551577479849E+002 
      7.78000000 -0.233123511015248E+005  0.254967901360596E+002 
      7.80000000 -0.233123096877921E+005  0.255382038686816E+002 
      7.82000000 -0.233122690970298E+005  0.255787946310367E+002 
      7.84000000 -0.233122298354522E+005  0.256180562085952E+002 
      7.86000000 -0.233121923112281E+005  0.256555804327477E+002 
      7.88000000 -0.233121568368078E+005  0.256910548530568E+002 
      7.90000000 -0.233121236332058E+005  0.257242584549948E+002 
      7.92000000 -0.233120928359161E+005  0.257550557446863E+002 
      7.94000000 -0.233120645021387E+005  0.257833895220755E+002 
      7.96000000 -0.233120386190059E+005  0.258092726548743E+002 
      7.98000000 -0.233120151125065E+005  0.258327791543194E+002 
      8.00000000 -0.233119938568236E+005  0.258540348372699E+002 
      8.02000000 -0.233119746838200E+005  0.258732078408146E+002 
      8.04000000 -0.233119573924272E+005  0.258904992335794E+002 
      8.06000000 -0.233119417577175E+005  0.259061339433236E+002 
      8.08000000 -0.233119275394681E+005  0.259203521927632E+002 
      8.10000000 -0.233119144900530E+005  0.259334016078208E+002 
      8.12000000 -0.233119023615319E+005  0.259455301288748E+002 
      8.14000000 -0.233118909118355E+005  0.259569798252774E+002 
      8.16000000 -0.233118799099824E+005  0.259679816783784E+002 
      8.18000000 -0.233118691402941E+005  0.259787513666820E+002 
      8.20000000 -0.233118584056074E+005  0.259894860534309E+002 
      8.22000000 -0.233118475295125E+005  0.260003621483143E+002 
      8.24000000 -0.233118363576737E+005  0.260115339871230E+002 
      8.26000000 -0.233118247583108E+005  0.260231333500486E+002 
      8.28000000 -0.233118126219402E+005  0.260352697206256E+002 
      8.30000000 -0.233117998604877E+005  0.260480311731635E+002 
      8.32000000 -0.233117864058940E+005  0.260614857668641E+002 
      8.34000000 -0.233117722083386E+005  0.260756833221869E+002 
      8.36000000 -0.233117572342060E+005  0.260906574548231E+002 
      8.38000000 -0.233117414639108E+005  0.261064277500126E+002 
      8.40000000 -0.233117248896920E+005  0.261230019688052E+002 
      8.42000000 -0.233117075134688E+005  0.261403781920483E+002 
      8.44000000 -0.233116893448378E+005  0.261585468230658E+002 
      8.46000000 -0.233116703992729E+005  0.261774923879501E+002 
      8.48000000 -0.233116506965702E+005  0.261971950906710E+002 
      8.50000000 -0.233116302595636E+005  0.262176320972697E+002 
      8.52000000 -0.233116091131196E+005  0.262387785412702E+002 
      8.54000000 -0.233115872834038E+005  0.262606082569876E+002 
      8.56000000 -0.233115647974009E+005  0.262830942599445E+002 
      8.58000000 -0.233115416826560E+005  0.263062090048476E+002 
      8.60000000 -0.233115179672029E+005  0.263299244579003E+002 
      8.62000000 -0.233114936796348E+005  0.263542120260428E+002 
      8.64000000 -0.233114688492737E+005  0.263790423871523E+002 
      8.66000000 -0.233114435063958E+005  0.264043852650129E+002 
      8.68000000 -0.233114176824706E+005  0.264302091902538E+002 
      8.70000000 -0.233113914103772E+005  0.264564812836558E+002 
      8.72000000 -0.233113647245685E+005  0.264831670923194E+002 
      8.74000000 -0.233113376611587E+005  0.265102305021658E+002 
      8.76000000 -0.233113102579188E+005  0.265376337420202E+002 
      8.78000000 -0.233112825541741E+005  0.265653374866807E+002 
      8.80000000 -0.233112545906024E+005  0.265933010583907E+002 
      8.82000000 -0.233112264089425E+005  0.266214827182843E+002 
      8.84000000 -0.233111980516272E+005  0.266498400336067E+002 
      8.86000000 -0.233111695613599E+005  0.266783303009521E+002 
      8.88000000 -0.233111409806584E+005  0.267069110024737E+002 
      8.90000000 -0.233111123513906E+005  0.267355402701984E+002 
      8.92000000 -0.233110837143328E+005  0.267641773279720E+002 
      8.94000000 -0.233110551088431E+005  0.267927828177638E+002 
      8.96000000 -0.233110265726560E+005  0.268213190048258E+002 
      8.98000000 -0.233109981416988E+005  0.268497499620302E+002 
      9.00000000 -0.233109698499495E+005  0.268780417113351E+002 
      9.02000000 -0.233109417293388E+005  0.269061623220554E+002 
      9.04000000 -0.233109138096887E+005  0.269340819721186E+002 
      9.06000000 -0.233108861186823E+005  0.269617729785053E+002 
      9.08000000 -0.233108586818573E+005  0.269892098035420E+002 
      9.10000000 -0.233108315226182E+005  0.270163690426008E+002 
      9.12000000 -0.233108046622620E+005  0.270432293988402E+002 
      9.14000000 -0.233107781200115E+005  0.270697716493246E+002 
      9.16000000 -0.233107519130549E+005  0.270959786058748E+002 
      9.18000000 -0.233107260565876E+005  0.271218350732492E+002 
      9.20000000 -0.233107005638552E+005  0.271473278056481E+002 
      9.22000000 -0.233106754461988E+005  0.271724454619898E+002 
      9.24000000 -0.233106507131013E+005  0.271971785595007E+002 
      9.26000000 -0.233106263722365E+005  0.272215194242895E+002 
      9.28000000 -0.233106024295239E+005  0.272454621369124E+002 
      9.30000000 -0.233105788891894E+005  0.272690024713739E+002 
      9.32000000 -0.233105557538363E+005  0.272921378245379E+002 
      9.34000000 -0.233105330245257E+005  0.273148671350756E+002 
      9.36000000 -0.233105107008714E+005  0.273371907894707E+002 
      9.38000000 -0.233104887811462E+005  0.273591105145760E+002 
      9.40000000 -0.233104672624041E+005  0.273806292567538E+002 
      9.42000000 -0.233104461406128E+005  0.274017510480075E+002 
      9.44000000 -0.233104254107993E+005  0.274224808615303E+002 
      9.46000000 -0.233104050672018E+005  0.274428244590212E+002 
      9.48000000 -0.233103851034269E+005  0.274627882339314E+002 
      9.50000000 -0.233103655126064E+005  0.274823790543960E+002 
      9.52000000 -0.233103462875498E+005  0.275016041110559E+002 
      9.54000000 -0.233103274208873E+005  0.275204707735152E+002 
      9.56000000 -0.233103089052005E+005  0.275389864603152E+002 
      9.58000000 -0.233102907331360E+005  0.275571585248715E+002 
      9.60000000 -0.233102728975006E+005  0.275749941602099E+002 
      9.62000000 -0.233102553913377E+005  0.275925003230936E+002 
      9.64000000 -0.233102382079834E+005  0.276096836773800E+002 
      9.66000000 -0.233102213411053E+005  0.276265505555084E+002 
      9.68000000 -0.233102047847247E+005  0.276431069361181E+002 
      9.70000000 -0.233101885332257E+005  0.276593584351330E+002 
      9.72000000 -0.233101725813529E+005  0.276753103079422E+002 
      9.74000000 -0.233101569242007E+005  0.276909674601100E+002 
      9.76000000 -0.233101415571968E+005  0.277063344639887E+002 
      9.78000000 -0.233101264760809E+005  0.277214155798752E+002 
      9.80000000 -0.233101116768818E+005  0.277362147789904E+002 
      9.82000000 -0.233100971558932E+005  0.277507357676243E+002 
      9.84000000 -0.233100829096511E+005  0.277649820097625E+002 
      9.86000000 -0.233100689349136E+005  0.277789567472132E+002 
      9.88000000 -0.233100552286459E+005  0.277926630149727E+002 
      9.90000000 -0.233100417880104E+005  0.278061036503858E+002 
      9.92000000 -0.233100286103657E+005  0.278192812951345E+002 
      9.94000000 -0.233100156932714E+005  0.278321983893948E+002 
      9.96000000 -0.233100030345020E+005  0.278448571587968E+002 
      9.98000000 -0.233099906320643E+005  0.278572595965255E+002 
     10.00000000 -0.233099784842179E+005  0.278694074429621E+002 
     10.02000000 -0.233099665894934E+005  0.278813021674160E+002 
     10.04000000 -0.233099549467047E+005  0.278929449561470E+002 
     10.06000000 -0.233099435549490E+005  0.279043367118513E+002 
     10.08000000 -0.233099324135923E+005  0.279154780685078E+002 
     10.10000000 -0.233099215222360E+005  0.279263694248106E+002 
     10.12000000 -0.233099108806634E+005  0.279370109973781E+002 
     10.14000000 -0.233099004887679E+005  0.279474028929323E+002 
     10.16000000 -0.233098903464636E+005  0.279575451971778E+002 
     10.18000000 -0.233098804535854E+005  0.279674380753796E+002 
     10.20000000 -0.233098708097819E+005  0.279770818788937E+002 
     10.22000000 -0.233098614144101E+005  0.279864772507014E+002 
     10.24000000 -0.233098522664376E+005  0.279956252232405E+002 
     10.26000000 -0.233098433643591E+005  0.280045273016751E+002 
     10.28000000 -0.233098347061331E+005  0.280131855277438E+002 
     10.30000000 -0.233098262891409E+005  0.280216025199642E+002 
     10.32000000 -0.233098181101721E+005  0.280297814887167E+002 
     10.34000000 -0.233098101654353E+005  0.280377262255658E+002 
     10.36000000 -0.233098024505920E+005  0.280454410688253E+002 
     10.38000000 -0.233097949608126E+005  0.280529308481928E+002 
     10.40000000 -0.233097876908485E+005  0.280602008122980E+002 
     10.42000000 -0.233097806351168E+005  0.280672565439911E+002 
     10.44000000 -0.233097737877928E+005  0.280741038680186E+002 
     10.46000000 -0.233097671429049E+005  0.280807487559416E+002 
     10.48000000 -0.233097606944286E+005  0.280871972321723E+002 
     10.50000000 -0.233097544363756E+005  0.280934552851875E+002 
     10.52000000 -0.233097483628747E+005  0.280995287860815E+002 
     10.54000000 -0.233097424682436E+005  0.281054234172499E+002 
     10.56000000 -0.233097367470487E+005  0.281111446120830E+002 
     10.58000000 -0.233097311941541E+005  0.281166975067156E+002 
     10.60000000 -0.233097258047571E+005  0.281220869036836E+002 
     10.62000000 -0.233097205744128E+005  0.281273172480449E+002 
     10.64000000 -0.233097154990461E+005  0.281323926147384E+002 
     10.66000000 -0.233097105749537E+005  0.281373167071093E+002 
     10.68000000 -0.233097057987954E+005  0.281420928654651E+002 
     10.70000000 -0.233097011675757E+005  0.281467240850929E+002 
     10.72000000 -0.233096966786185E+005  0.281512130423632E+002 
     10.74000000 -0.233096923295327E+005  0.281555621280847E+002 
     10.76000000 -0.233096881181739E+005  0.281597734868729E+002 
     10.78000000 -0.233096840426001E+005  0.281638490606955E+002 
     10.80000000 -0.233096801010252E+005  0.281677906356475E+002 
     10.82000000 -0.233096762917710E+005  0.281715998898454E+002 
     10.84000000 -0.233096726132202E+005  0.281752784405925E+002 
     10.86000000 -0.233096690637717E+005  0.281788278891702E+002 
     10.88000000 -0.233096656417992E+005  0.281822498616520E+002 
     10.90000000 -0.233096623456174E+005  0.281855460434027E+002 
     10.92000000 -0.233096591734538E+005  0.281887182070169E+002 
     10.94000000 -0.233096561234288E+005  0.281917682320215E+002 
     10.96000000 -0.233096531935446E+005  0.281946981162668E+002 
     10.98000000 -0.233096503816814E+005  0.281975099794279E+002 
     11.00000000 -0.233096476856017E+005  0.282002060590855E+002 
     11.02000000 -0.233096451029602E+005  0.282027887006592E+002 
     11.04000000 -0.233096426313179E+005  0.282052603429204E+002 
     11.06000000 -0.233096402681603E+005  0.282076235005506E+002 
     11.08000000 -0.233096380109150E+005  0.282098807457782E+002 
     11.10000000 -0.233096358569705E+005  0.282120346903425E+002 
     11.12000000 -0.233096338036913E+005  0.282140879694819E+002 
     11.14000000 -0.233096318484324E+005  0.282160432283896E+002 
     11.16000000 -0.233096299885490E+005  0.282179031118693E+002 
     11.18000000 -0.233096282214035E+005  0.282196702572998E+002 
     11.20000000 -0.233096265443705E+005  0.282213472903295E+002 
     11.22000000 -0.233096249548376E+005  0.282229368231865E+002 
     11.24000000 -0.233096234502061E+005  0.282244414547038E+002 
     11.26000000 -0.233096220278891E+005  0.282258637717361E+002 
     11.28000000 -0.233096206853099E+005  0.282272063508985E+002 
     11.30000000 -0.233096194199001E+005  0.282284717607192E+002 
     11.32000000 -0.233096182290974E+005  0.282296625634033E+002 
     11.34000000 -0.233096171103446E+005  0.282307813162032E+002 
     11.36000000 -0.233096160610888E+005  0.282318305720647E+002 
     11.38000000 -0.233096150787812E+005  0.282328128796525E+002 
     11.40000000 -0.233096141608785E+005  0.282337307822947E+002 
     11.42000000 -0.233096133048444E+005  0.282345868163988E+002 
     11.44000000 -0.233096125081523E+005  0.282353835084920E+002 
     11.46000000 -0.233096117682893E+005  0.282361233714830E+002 
     11.48000000 -0.233096110827609E+005  0.282368088999328E+002 
     11.50000000 -0.233096104490964E+005  0.282374425644118E+002 
     11.52000000 -0.233096098648557E+005  0.282380268051019E+002 
     11.54000000 -0.233096093276357E+005  0.282385640251180E+002 
     11.56000000 -0.233096088350771E+005  0.282390565836925E+002 
     11.58000000 -0.233096083848710E+005  0.282395067898090E+002 
     11.60000000 -0.233096079747643E+005  0.282399168964911E+002 
     11.62000000 -0.233096076025644E+005  0.282402890964629E+002 
     11.64000000 -0.233096072661418E+005  0.282406255190605E+002 
     11.66000000 -0.233096069634320E+005  0.282409282288720E+002 
     11.68000000 -0.233096066924347E+005  0.282411992261449E+002 
     11.70000000 -0.233096064512120E+005  0.282414404488595E+002 
     11.72000000 -0.233096062378847E+005  0.282416537760911E+002 
     11.74000000 -0.233096060506278E+005  0.282418410330250E+002 
     11.76000000 -0.233096058876641E+005  0.282420039966949E+002 
     11.78000000 -0.233096057472581E+005  0.282421444027117E+002 
     11.80000000 -0.233096056277086E+005  0.282422639522144E+002 
     11.82000000 -0.233096055273414E+005  0.282423643194063E+002 
     11.84000000 -0.233096054445020E+005  0.282424471588124E+002 
     11.86000000 -0.233096053775483E+005  0.282425141125525E+002 
     11.88000000 -0.233096053248437E+005  0.282425668171007E+002 
     11.90000000 -0.233096052847510E+005  0.282426069097817E+002 
     11.92000000 -0.233096052556264E+005  0.282426360344292E+002 
     11.94000000 -0.233096052358145E+005  0.282426558463168E+002 
     11.96000000 -0.233096052236443E+005  0.282426680165079E+002 
     11.98000000 -0.233096052174257E+005  0.282426742351160E+002 
     12.00000000 -0.233096052154470E+005  0.282426762138478E+002 
     12.02000000 -0.233096052151331E+005  0.282426765277345E+002 
     12.04000000 -0.233096052148300E+005  0.282426768308121E+002 
     12.06000000 -0.233096052145318E+005  0.282426771290205E+002 
     12.08000000 -0.233096052142384E+005  0.282426774224091E+002 
     12.10000000 -0.233096052139498E+005  0.282426777110336E+002 
     12.12000000 -0.233096052136657E+005  0.282426779951229E+002 
     12.14000000 -0.233096052133858E+005  0.282426782750049E+002 
     12.16000000 -0.233096052131097E+005  0.282426785511468E+002 
     12.18000000 -0.233096052128368E+005  0.282426788240405E+002 
     12.20000000 -0.233096052125666E+005  0.282426790941963E+002 
     12.22000000 -0.233096052122986E+005  0.282426793622392E+002 
     12.24000000 -0.233096052120322E+005  0.282426796286580E+002 
     12.26000000 -0.233096052117668E+005  0.282426798939910E+002 
     12.28000000 -0.233096052115021E+005  0.282426801586836E+002 
     12.30000000 -0.233096052112377E+005  0.282426804231503E+002 
     12.32000000 -0.233096052109729E+005  0.282426806878769E+002 
     12.34000000 -0.233096052107075E+005  0.282426809532996E+002 
     12.36000000 -0.233096052104409E+005  0.282426812199659E+002 
     12.38000000 -0.233096052101724E+005  0.282426814884264E+002 
     12.40000000 -0.233096052099016E+005  0.282426817592071E+002 
     12.42000000 -0.233096052096280E+005  0.282426820328525E+002 
     12.44000000 -0.233096052093512E+005  0.282426823095977E+002 
     12.46000000 -0.233096052090712E+005  0.282426825896220E+002 
     12.48000000 -0.233096052087881E+005  0.282426828727647E+002 
     12.50000000 -0.233096052085023E+005  0.282426831585152E+002 
     12.52000000 -0.233096052082147E+005  0.282426834461652E+002 
     12.54000000 -0.233096052079261E+005  0.282426837347650E+002 
     12.56000000 -0.233096052076376E+005  0.282426840232255E+002 
     12.58000000 -0.233096052073504E+005  0.282426843104269E+002 
     12.60000000 -0.233096052070655E+005  0.282426845953577E+002 
     12.62000000 -0.233096052067837E+005  0.282426848771206E+002 
     12.64000000 -0.233096052065057E+005  0.282426851551032E+002 
     12.66000000 -0.233096052062318E+005  0.282426854289868E+002 
     12.68000000 -0.233096052059621E+005  0.282426856986910E+002 
     12.70000000 -0.233096052056964E+005  0.282426859644013E+002 
     12.72000000 -0.233096052054344E+005  0.282426862264303E+002 
     12.74000000 -0.233096052051756E+005  0.282426864851925E+002 
     12.76000000 -0.233096052049196E+005  0.282426867411829E+002 
     12.78000000 -0.233096052046661E+005  0.282426869947417E+002 
     12.80000000 -0.233096052044146E+005  0.282426872462340E+002 
     12.82000000 -0.233096052041648E+005  0.282426874959784E+002 
     12.84000000 -0.233096052039166E+005  0.282426877442317E+002 
     12.86000000 -0.233096052036696E+005  0.282426879912290E+002 
     12.88000000 -0.233096052034234E+005  0.282426882373849E+002 
     12.90000000 -0.233096052031778E+005  0.282426884830489E+002 
     12.92000000 -0.233096052029321E+005  0.282426887286819E+002 
     12.94000000 -0.233096052026860E+005  0.282426889748130E+002 
     12.96000000 -0.233096052024390E+005  0.282426892218289E+002 
     12.98000000 -0.233096052021907E+005  0.282426894701163E+002 
     13.00000000 -0.233096052019410E+005  0.282426897197833E+002 
     13.02000000 -0.233096052016900E+005  0.282426899707899E+002 
     13.04000000 -0.233096052014380E+005  0.282426902228019E+002 
     13.06000000 -0.233096052011854E+005  0.282426904754203E+002 
     13.08000000 -0.233096052009328E+005  0.282426907279953E+002 
     13.10000000 -0.233096052006810E+005  0.282426909798712E+002 
     13.12000000 -0.233096052004303E+005  0.282426912304787E+002 
     13.14000000 -0.233096052001815E+005  0.282426914792858E+002 
     13.16000000 -0.233096051999348E+005  0.282426917259923E+002 
     13.18000000 -0.233096051996904E+005  0.282426919704591E+002 
     13.20000000 -0.233096051994481E+005  0.282426922127666E+002 
     13.22000000 -0.233096051992077E+005  0.282426924530941E+002 
     13.24000000 -0.233096051989691E+005  0.282426926917543E+002 
     13.26000000 -0.233096051987318E+005  0.282426929290408E+002 
     13.28000000 -0.233096051984955E+005  0.282426931652756E+002 
     13.30000000 -0.233096051982601E+005  0.282426934007060E+002 
     13.32000000 -0.233096051980253E+005  0.282426936354776E+002 
     13.34000000 -0.233096051977911E+005  0.282426938696798E+002 
     13.36000000 -0.233096051975574E+005  0.282426941033748E+002 
     13.38000000 -0.233096051973242E+005  0.282426943366521E+002 
     13.40000000 -0.233096051970913E+005  0.282426945695582E+002 
     13.42000000 -0.233096051968585E+005  0.282426948023189E+002 
     13.44000000 -0.233096051966256E+005  0.282426950351785E+002 
     13.46000000 -0.233096051963924E+005  0.282426952684311E+002 
     13.48000000 -0.233096051961584E+005  0.282426955024230E+002 
     13.50000000 -0.233096051959234E+005  0.282426957374637E+002 
     13.52000000 -0.233096051956871E+005  0.282426959737201E+002 
     13.54000000 -0.233096051954496E+005  0.282426962112387E+002 
     13.56000000 -0.233096051952110E+005  0.282426964498215E+002 
     13.58000000 -0.233096051949717E+005  0.282426966891467E+002 
     13.60000000 -0.233096051947321E+005  0.282426969287164E+002 
     13.62000000 -0.233096051944929E+005  0.282426971679395E+002 
     13.64000000 -0.233096051942545E+005  0.282426974063182E+002 
     13.66000000 -0.233096051940174E+005  0.282426976434470E+002 
     13.68000000 -0.233096051937817E+005  0.282426978791094E+002 
     13.70000000 -0.233096051935474E+005  0.282426981133798E+002 
     13.72000000 -0.233096051933144E+005  0.282426983464653E+002 
     13.74000000 -0.233096051930821E+005  0.282426985787341E+002 
     13.76000000 -0.233096051928502E+005  0.282426988105791E+002 
     13.78000000 -0.233096051926185E+005  0.282426990423282E+002 
     13.80000000 -0.233096051923867E+005  0.282426992741051E+002 
     13.82000000 -0.233096051921550E+005  0.282426995058449E+002 
     13.84000000 -0.233096051919236E+005  0.282426997372722E+002 
     13.86000000 -0.233096051916928E+005  0.282426999679912E+002 
     13.88000000 -0.233096051914634E+005  0.282427001974603E+002 
     13.90000000 -0.233096051912356E+005  0.282427004252279E+002 
     13.92000000 -0.233096051910099E+005  0.282427006509105E+002 
     13.94000000 -0.233096051907865E+005  0.282427008743162E+002 
     13.96000000 -0.233096051905654E+005  0.282427010954512E+002 
     13.98000000 -0.233096051903463E+005  0.282427013145166E+002 
     14.00000000 -0.233096051901290E+005  0.282427015318559E+002 
     14.02000000 -0.233096051899129E+005  0.282427017478988E+002 
     14.04000000 -0.233096051896977E+005  0.282427019631251E+002 
     14.06000000 -0.233096051894829E+005  0.282427021779616E+002 
     14.08000000 -0.233096051892681E+005  0.282427023927610E+002 
     14.10000000 -0.233096051890531E+005  0.282427026077429E+002 
     14.12000000 -0.233096051888378E+005  0.282427028229909E+002 
     14.14000000 -0.233096051886224E+005  0.282427030384399E+002 
     14.16000000 -0.233096051884068E+005  0.282427032539879E+002 
     14.18000000 -0.233096051881914E+005  0.282427034693874E+002 
     14.20000000 -0.233096051879765E+005  0.282427036843353E+002 
     14.22000000 -0.233096051877622E+005  0.282427038985995E+002 
     14.24000000 -0.233096051875489E+005  0.282427041119325E+002 
     14.26000000 -0.233096051873367E+005  0.282427043241364E+002 
     14.28000000 -0.233096051871257E+005  0.282427045351245E+002 
     14.30000000 -0.233096051869160E+005  0.282427047448257E+002 
     14.32000000 -0.233096051867075E+005  0.282427049533265E+002 
     14.34000000 -0.233096051865001E+005  0.282427051607106E+002 
     14.36000000 -0.233096051862937E+005  0.282427053671047E+002 
     14.38000000 -0.233096051860882E+005  0.282427055726667E+002 
     14.40000000 -0.233096051858832E+005  0.282427057776006E+002 
     14.42000000 -0.233096051856788E+005  0.282427059820675E+002 
     14.44000000 -0.233096051854746E+005  0.282427061862497E+002 
     14.46000000 -0.233096051852705E+005  0.282427063903236E+002 
     14.48000000 -0.233096051850664E+005  0.282427065944192E+002 
     14.50000000 -0.233096051848621E+005  0.282427067986757E+002 
     14.52000000 -0.233096051846577E+005  0.282427070031271E+002 
     14.54000000 -0.233096051844530E+005  0.282427072077950E+002 
     14.56000000 -0.233096051842482E+005  0.282427074125897E+002 
     14.58000000 -0.233096051840434E+005  0.282427076174278E+002 
     14.60000000 -0.233096051838387E+005  0.282427078220834E+002 
     14.62000000 -0.233096051836345E+005  0.282427080263429E+002 
     14.64000000 -0.233096051834308E+005  0.282427082300673E+002 
     14.66000000 -0.233096051832277E+005  0.282427084330956E+002 
     14.68000000 -0.233096051830254E+005  0.282427086353815E+002 
     14.70000000 -0.233096051828239E+005  0.282427088369001E+002 
     14.72000000 -0.233096051826231E+005  0.282427090377289E+002 
     14.74000000 -0.233096051824228E+005  0.282427092380163E+002 
     14.76000000 -0.233096051822229E+005  0.282427094379109E+002 
     14.78000000 -0.233096051820232E+005  0.282427096376260E+002 
     14.80000000 -0.233096051818235E+005  0.282427098373101E+002 
     14.82000000 -0.233096051816236E+005  0.282427100372108E+002 
     14.84000000 -0.233096051814233E+005  0.282427102375354E+002 
     14.86000000 -0.233096051812223E+005  0.282427104385034E+002 
     14.88000000 -0.233096051810205E+005  0.282427106403407E+002 
     14.90000000 -0.233096051808176E+005  0.282427108432731E+002 
     14.92000000 -0.233096051806134E+005  0.282427110474553E+002 
     14.94000000 -0.233096051804079E+005  0.282427112529616E+002 
     14.96000000 -0.233096051802010E+005  0.282427114598352E+002 
     14.98000000 -0.233096051799929E+005  0.282427116679401E+002 
     15.00000000 -0.233096051797837E+005  0.282427118771277E+002 
     15.02000000 -0.233096051795736E+005  0.282427120871939E+002 
     15.04000000 -0.233096051793629E+005  0.282427122979593E+002 
     15.06000000 -0.233096051791515E+005  0.282427125093279E+002 
     15.08000000 -0.233096051789395E+005  0.282427127213214E+002 
     15.10000000 -0.233096051787267E+005  0.282427129341038E+002 
     15.12000000 -0.233096051785129E+005  0.282427131478822E+002 
     15.14000000 -0.233096051782979E+005  0.282427133628765E+002 
     15.16000000 -0.233096051780816E+005  0.282427135792567E+002 
     15.18000000 -0.233096051778638E+005  0.282427137970445E+002 
     15.20000000 -0.233096051776449E+005  0.282427140159521E+002 
     15.22000000 -0.233096051774253E+005  0.282427142355249E+002 
     15.24000000 -0.233096051772057E+005  0.282427144550884E+002 
     15.26000000 -0.233096051769870E+005  0.282427146737950E+002 
     15.28000000 -0.233096051767700E+005  0.282427148908093E+002 
     15.30000000 -0.233096051765555E+005  0.282427151053427E+002 
     15.32000000 -0.233096051763440E+005  0.282427153168721E+002 
     15.34000000 -0.233096051761357E+005  0.282427155250791E+002 
     15.36000000 -0.233096051759308E+005  0.282427157300595E+002 
     15.38000000 -0.233096051757286E+005  0.282427159321876E+002 
     15.40000000 -0.233096051755286E+005  0.282427161322058E+002 
     15.42000000 -0.233096051753298E+005  0.282427163310516E+002 
     15.44000000 -0.233096051751311E+005  0.282427165297613E+002 
     15.46000000 -0.233096051749314E+005  0.282427167294640E+002 
     15.48000000 -0.233096051747298E+005  0.282427169310662E+002 
     15.50000000 -0.233096051745256E+005  0.282427171352670E+002 
     15.52000000 -0.233096051743185E+005  0.282427173423634E+002 
     15.54000000 -0.233096051741085E+005  0.282427175522904E+002 
     15.56000000 -0.233096051738963E+005  0.282427177645437E+002 
     15.58000000 -0.233096051736825E+005  0.282427179782789E+002 
     15.60000000 -0.233096051734684E+005  0.282427181924318E+002 
     15.62000000 -0.233096051732550E+005  0.282427184058205E+002 
     15.64000000 -0.233096051730434E+005  0.282427186174427E+002 
     15.66000000 -0.233096051728343E+005  0.282427188264942E+002 
     15.68000000 -0.233096051726283E+005  0.282427190325574E+002 
     15.70000000 -0.233096051724252E+005  0.282427192356012E+002 
     15.72000000 -0.233096051722248E+005  0.282427194360525E+002 
     15.74000000 -0.233096051720262E+005  0.282427196346106E+002 
     15.76000000 -0.233096051718286E+005  0.282427198322221E+002 
     15.78000000 -0.233096051716310E+005  0.282427200298212E+002 
     15.80000000 -0.233096051714326E+005  0.282427202282555E+002 
     15.82000000 -0.233096051712327E+005  0.282427204281068E+002 
     15.84000000 -0.233096051710312E+005  0.282427206296564E+002 
     15.86000000 -0.233096051708280E+005  0.282427208328394E+002 
     15.88000000 -0.233096051706236E+005  0.282427210372629E+002 
     15.90000000 -0.233096051704185E+005  0.282427212423330E+002 
     15.92000000 -0.233096051702136E+005  0.282427214472360E+002 
     15.94000000 -0.233096051700095E+005  0.282427216512759E+002 
     15.96000000 -0.233096051698071E+005  0.282427218537072E+002 
     15.98000000 -0.233096051696068E+005  0.282427220539884E+002 
     16.00000000 -0.233096051694090E+005  0.282427222518628E+002 
     16.02000000 -0.233096051692136E+005  0.282427224472407E+002 
     16.04000000 -0.233096051690205E+005  0.282427226403727E+002 
     16.06000000 -0.233096051688291E+005  0.282427228317537E+002 
     16.08000000 -0.233096051686388E+005  0.282427230220148E+002 
     16.10000000 -0.233096051684488E+005  0.282427232120099E+002 
     16.12000000 -0.233096051682583E+005  0.282427234025556E+002 
     16.14000000 -0.233096051680664E+005  0.282427235943945E+002 
     16.16000000 -0.233096051678727E+005  0.282427237881452E+002 
     16.18000000 -0.233096051676767E+005  0.282427239841604E+002 
     16.20000000 -0.233096051674784E+005  0.282427241824400E+002 
     16.22000000 -0.233096051672781E+005  0.282427243827275E+002 
     16.24000000 -0.233096051670762E+005  0.282427245845926E+002 
     16.26000000 -0.233096051668735E+005  0.282427247873332E+002 
     16.28000000 -0.233096051666705E+005  0.282427249902842E+002 
     16.30000000 -0.233096051664680E+005  0.282427251928516E+002 
     16.32000000 -0.233096051662662E+005  0.282427253945868E+002 
     16.34000000 -0.233096051660656E+005  0.282427255952454E+002 
     16.36000000 -0.233096051658660E+005  0.282427257947935E+002 
     16.38000000 -0.233096051656674E+005  0.282427259934134E+002 
     16.40000000 -0.233096051654694E+005  0.282427261913838E+002 
     16.42000000 -0.233096051652717E+005  0.282427263891313E+002 
     16.44000000 -0.233096051650737E+005  0.282427265871202E+002 
     16.46000000 -0.233096051648750E+005  0.282427267858206E+002 
     16.48000000 -0.233096051646752E+005  0.282427269856378E+002 
     16.50000000 -0.233096051644739E+005  0.282427271869121E+002 
     16.52000000 -0.233096051642709E+005  0.282427273899435E+002 
     16.54000000 -0.233096051640660E+005  0.282427275948280E+002 
     16.56000000 -0.233096051638592E+005  0.282427278015933E+002 
     16.58000000 -0.233096051636507E+005  0.282427280100787E+002 
     16.60000000 -0.233096051634408E+005  0.282427282199871E+002 
     16.62000000 -0.233096051632299E+005  0.282427284308979E+002 
     16.64000000 -0.233096051630186E+005  0.282427286422572E+002 
     16.66000000 -0.233096051628073E+005  0.282427288535083E+002 
     16.68000000 -0.233096051625968E+005  0.282427290640416E+002 
     16.70000000 -0.233096051623876E+005  0.282427292732540E+002 
     16.72000000 -0.233096051621802E+005  0.282427294806690E+002 
     16.74000000 -0.233096051619750E+005  0.282427296858257E+002 
     16.76000000 -0.233096051617723E+005  0.282427298885168E+002 
     16.78000000 -0.233096051615722E+005  0.282427300886495E+002 
     16.80000000 -0.233096051613745E+005  0.282427302863353E+002 
     16.82000000 -0.233096051611789E+005  0.282427304819204E+002 
     16.84000000 -0.233096051609849E+005  0.282427306758877E+002 
     16.86000000 -0.233096051607919E+005  0.282427308689392E+002 
     16.88000000 -0.233096051605991E+005  0.282427310617185E+002 
     16.90000000 -0.233096051604059E+005  0.282427312549185E+002 
     16.92000000 -0.233096051602117E+005  0.282427314490776E+002 
     16.94000000 -0.233096051600163E+005  0.282427316445483E+002 
     16.96000000 -0.233096051598194E+005  0.282427318414359E+002 
     16.98000000 -0.233096051596212E+005  0.282427320395918E+002 
     17.00000000 -0.233096051594221E+005  0.282427322387191E+002 
     17.02000000 -0.233096051592225E+005  0.282427324382857E+002 
     17.04000000 -0.233096051590231E+005  0.282427326377533E+002 
     17.06000000 -0.233096051588242E+005  0.282427328366517E+002 
     17.08000000 -0.233096051586263E+005  0.282427330345354E+002 
     17.10000000 -0.233096051584296E+005  0.282427332311910E+002 
     17.12000000 -0.233096051582343E+005  0.282427334265318E+002 
     17.14000000 -0.233096051580402E+005  0.282427336206444E+002 
     17.16000000 -0.233096051578471E+005  0.282427338137145E+002 
     17.18000000 -0.233096051576548E+005  0.282427340059741E+002 
     17.20000000 -0.233096051574631E+005  0.282427341977078E+002 
     17.22000000 -0.233096051572717E+005  0.282427343891383E+002 
     17.24000000 -0.233096051570804E+005  0.282427345804048E+002 
     17.26000000 -0.233096051568892E+005  0.282427347715847E+002 
     17.28000000 -0.233096051566981E+005  0.282427349626935E+002 
     17.30000000 -0.233096051565072E+005  0.282427351536476E+002 
     17.32000000 -0.233096051563164E+005  0.282427353444284E+002 
     17.34000000 -0.233096051561259E+005  0.282427355349061E+002 
     17.36000000 -0.233096051559358E+005  0.282427357250435E+002 
     17.38000000 -0.233096051557460E+005  0.282427359148220E+002 
     17.40000000 -0.233096051555566E+005  0.282427361041953E+002 
     17.42000000 -0.233096051553676E+005  0.282427362931943E+002 
     17.44000000 -0.233096051551790E+005  0.282427364818189E+002 
     17.46000000 -0.233096051549907E+005  0.282427366701496E+002 
     17.48000000 -0.233096051548027E+005  0.282427368581463E+002 
     17.50000000 -0.233096051546150E+005  0.282427370457809E+002 
     17.52000000 -0.233096051544278E+005  0.282427372329918E+002 
     17.54000000 -0.233096051542412E+005  0.282427374196304E+002 
     17.56000000 -0.233096051540552E+005  0.282427376055976E+002 
     17.58000000 -0.233096051538701E+005  0.282427377907667E+002 
     17.60000000 -0.233096051536858E+005  0.282427379750572E+002 
     17.62000000 -0.233096051535024E+005  0.282427381584506E+002 
     17.64000000 -0.233096051533198E+005  0.282427383410706E+002 
     17.66000000 -0.233096051531377E+005  0.282427385230967E+002 
     17.68000000 -0.233096051529560E+005  0.282427387048071E+002 
     17.70000000 -0.233096051527742E+005  0.282427388865981E+002 
     17.72000000 -0.233096051525920E+005  0.282427390688283E+002 
     17.74000000 -0.233096051524089E+005  0.282427392519185E+002 
     17.76000000 -0.233096051522247E+005  0.282427394361657E+002 
     17.78000000 -0.233096051520389E+005  0.282427396218917E+002 
     17.80000000 -0.233096051518516E+005  0.282427398092448E+002 
     17.82000000 -0.233096051516626E+005  0.282427399982376E+002 
     17.84000000 -0.233096051514720E+005  0.282427401887833E+002 
     17.86000000 -0.233096051512802E+005  0.282427403806253E+002 
     17.88000000 -0.233096051510874E+005  0.282427405733736E+002 
     17.90000000 -0.233096051508943E+005  0.282427407665520E+002 
     17.92000000 -0.233096051507012E+005  0.282427409596531E+002 
     17.94000000 -0.233096051505087E+005  0.282427411521199E+002 
     17.96000000 -0.233096051503173E+005  0.282427413434978E+002 
     17.98000000 -0.233096051501274E+005  0.282427415334248E+002 
     18.00000000 -0.233096051499391E+005  0.282427417216813E+002 
     18.02000000 -0.233096051497527E+005  0.282427419081436E+002 
     18.04000000 -0.233096051495680E+005  0.282427420928301E+002 
     18.06000000 -0.233096051493850E+005  0.282427422758646E+002 
     18.08000000 -0.233096051492034E+005  0.282427424573771E+002 
     18.10000000 -0.233096051490232E+005  0.282427426376491E+002 
     18.12000000 -0.233096051488440E+005  0.282427428168507E+002 
     18.14000000 -0.233096051486655E+005  0.282427429953191E+002 
     18.16000000 -0.233096051484875E+005  0.282427431733173E+002 
     18.18000000 -0.233096051483096E+005  0.282427433511979E+002 
     18.20000000 -0.233096051481315E+005  0.282427435293632E+002 
     18.22000000 -0.233096051479527E+005  0.282427437081657E+002 
     18.24000000 -0.233096051477727E+005  0.282427438880726E+002 
     18.26000000 -0.233096051475914E+005  0.282427440693778E+002 
     18.28000000 -0.233096051474085E+005  0.282427442523412E+002 
     18.30000000 -0.233096051472238E+005  0.282427444370494E+002 
     18.32000000 -0.233096051470374E+005  0.282427446233940E+002 
     18.34000000 -0.233096051468498E+005  0.282427448110473E+002 
     18.36000000 -0.233096051466613E+005  0.282427449994987E+002 
     18.38000000 -0.233096051464726E+005  0.282427451882440E+002 
     18.40000000 -0.233096051462841E+005  0.282427453767046E+002 
     18.42000000 -0.233096051460964E+005  0.282427455644476E+002 
     18.44000000 -0.233096051459096E+005  0.282427457512068E+002 
     18.46000000 -0.233096051457238E+005  0.282427459369760E+002 
     18.48000000 -0.233096051455389E+005  0.282427461219379E+002 
     18.50000000 -0.233096051453544E+005  0.282427463064542E+002 
     18.52000000 -0.233096051451699E+005  0.282427464908964E+002 
     18.54000000 -0.233096051449852E+005  0.282427466756355E+002 
     18.56000000 -0.233096051448000E+005  0.282427468607984E+002 
     18.58000000 -0.233096051446145E+005  0.282427470463418E+002 
     18.60000000 -0.233096051444288E+005  0.282427472320213E+002 
     18.62000000 -0.233096051442435E+005  0.282427474173668E+002 
     18.64000000 -0.233096051440589E+005  0.282427476019203E+002 
     18.66000000 -0.233096051438756E+005  0.282427477851899E+002 
     18.68000000 -0.233096051436940E+005  0.282427479668138E+002 
     18.70000000 -0.233096051435142E+005  0.282427481466403E+002 
     18.72000000 -0.233096051433361E+005  0.282427483247003E+002 
     18.74000000 -0.233096051431595E+005  0.282427485012910E+002 
     18.76000000 -0.233096051429840E+005  0.282427486768143E+002 
     18.78000000 -0.233096051428091E+005  0.282427488517065E+002 
     18.80000000 -0.233096051426344E+005  0.282427490264565E+002 
     18.82000000 -0.233096051424594E+005  0.282427492014230E+002 
     18.84000000 -0.233096051422839E+005  0.282427493768813E+002 
     18.86000000 -0.233096051421079E+005  0.282427495529460E+002 
     18.88000000 -0.233096051419312E+005  0.282427497296078E+002 
     18.90000000 -0.233096051417540E+005  0.282427499068202E+002 
     18.92000000 -0.233096051415764E+005  0.282427500844410E+002 
     18.94000000 -0.233096051413985E+005  0.282427502623402E+002 
     18.96000000 -0.233096051412204E+005  0.282427504404374E+002 
     18.98000000 -0.233096051410421E+005  0.282427506187264E+002 
     19.00000000 -0.233096051408636E+005  0.282427507972288E+002 
     19.02000000 -0.233096051406848E+005  0.282427509759911E+002 
     19.04000000 -0.233096051405057E+005  0.282427511551154E+002 
     19.06000000 -0.233096051403263E+005  0.282427513345676E+002 
     19.08000000 -0.233096051401465E+005  0.282427515142858E+002 
     19.10000000 -0.233096051399668E+005  0.282427516940628E+002 
     19.12000000 -0.233096051397872E+005  0.282427518736666E+002 
     19.14000000 -0.233096051396081E+005  0.282427520527444E+002 
     19.16000000 -0.233096051394298E+005  0.282427522310117E+002 
     19.18000000 -0.233096051392527E+005  0.282427524081561E+002 
     19.20000000 -0.233096051390767E+005  0.282427525840909E+002 
     19.22000000 -0.233096051389020E+005  0.282427527587820E+002 
     19.24000000 -0.233096051387284E+005  0.282427529323936E+002 
     19.26000000 -0.233096051385556E+005  0.282427531052564E+002 
     19.28000000 -0.233096051383831E+005  0.282427532777419E+002 
     19.30000000 -0.233096051382105E+005  0.282427534503139E+002 
     19.32000000 -0.233096051380374E+005  0.282427536233748E+002 
     19.34000000 -0.233096051378635E+005  0.282427537972894E+002 
     19.36000000 -0.233096051376885E+005  0.282427539723178E+002 
     19.38000000 -0.233096051375122E+005  0.282427541485898E+002 
     19.40000000 -0.233096051373347E+005  0.282427543261611E+002 
     19.42000000 -0.233096051371559E+005  0.282427545049698E+002 
     19.44000000 -0.233096051369760E+005  0.282427546848179E+002 
     19.46000000 -0.233096051367953E+005  0.282427548655663E+002 
     19.48000000 -0.233096051366139E+005  0.282427550469520E+002 
     19.50000000 -0.233096051364320E+005  0.282427552288109E+002 
     19.52000000 -0.233096051362499E+005  0.282427554109483E+002 
     19.54000000 -0.233096051360676E+005  0.282427555932404E+002 
     19.56000000 -0.233096051358851E+005  0.282427557756779E+002 
     19.58000000 -0.233096051357026E+005  0.282427559582670E+002 
     19.60000000 -0.233096051355198E+005  0.282427561410571E+002 
     19.62000000 -0.233096051353366E+005  0.282427563241875E+002 
     19.64000000 -0.233096051351530E+005  0.282427565077882E+002 
     19.66000000 -0.233096051349688E+005  0.282427566920261E+002 
     19.68000000 -0.233096051347838E+005  0.282427568770065E+002 
     19.70000000 -0.233096051345979E+005  0.282427570629676E+002 
     19.72000000 -0.233096051344109E+005  0.282427572499619E+002 
     19.74000000 -0.233096051342228E+005  0.282427574380699E+002 
     19.76000000 -0.233096051340335E+005  0.282427576273349E+002 
     19.78000000 -0.233096051338431E+005  0.282427578177321E+002 
     19.80000000 -0.233096051336517E+005  0.282427580091132E+002 
     19.82000000 -0.233096051334595E+005  0.282427582013232E+002 
     19.84000000 -0.233096051332667E+005  0.282427583940964E+002 
     19.86000000 -0.233096051330737E+005  0.282427585871015E+002 
     19.88000000 -0.233096051328808E+005  0.282427587799891E+002 
     19.90000000 -0.233096051326885E+005  0.282427589723105E+002 
     19.92000000 -0.233096051324971E+005  0.282427591637163E+002 
     19.94000000 -0.233096051323069E+005  0.282427593538877E+002 
     19.96000000 -0.233096051321183E+005  0.282427595425340E+002 
     19.98000000 -0.233096051319313E+005  0.282427597295623E+002 
     20.00000000 -0.233096051317459E+005  0.282427599149665E+002 
     20.02000000 -0.233096051315618E+005  0.282427600989724E+002 
     20.04000000 -0.233096051313789E+005  0.282427602819142E+002 
     20.06000000 -0.233096051311964E+005  0.282427604643919E+002 
     20.08000000 -0.233096051310137E+005  0.282427606470737E+002 
     20.10000000 -0.233096051308301E+005  0.282427608307425E+002 
     20.12000000 -0.233096051306446E+005  0.282427610162054E+002 
     20.14000000 -0.233096051304567E+005  0.282427612041340E+002 
     20.16000000 -0.233096051302657E+005  0.282427613950819E+002 
     20.18000000 -0.233096051300716E+005  0.282427615892224E+002 
     20.20000000 -0.233096051298744E+005  0.282427617864565E+002 
     20.22000000 -0.233096051296746E+005  0.282427619862458E+002 
     20.24000000 -0.233096051294730E+005  0.282427621878263E+002 
     20.26000000 -0.233096051292708E+005  0.282427623900441E+002 
     20.28000000 -0.233096051290691E+005  0.282427625917639E+002 
     20.30000000 -0.233096051288690E+005  0.282427627917821E+002 
     20.32000000 -0.233096051286716E+005  0.282427629892080E+002 
     20.34000000 -0.233096051284774E+005  0.282427631833794E+002 
     20.36000000 -0.233096051282867E+005  0.282427633741108E+002 
     20.38000000 -0.233096051280992E+005  0.282427635616372E+002 
     20.40000000 -0.233096051279143E+005  0.282427637465093E+002 
     20.42000000 -0.233096051277312E+005  0.282427639295840E+002 
     20.44000000 -0.233096051275491E+005  0.282427641117245E+002 
     20.46000000 -0.233096051273671E+005  0.282427642937567E+002 
     20.48000000 -0.233096051271846E+005  0.282427644762530E+002 
     20.50000000 -0.233096051270013E+005  0.282427646594855E+002 
     20.52000000 -0.233096051268174E+005  0.282427648433832E+002 
     20.54000000 -0.233096051266332E+005  0.282427650276335E+002 
     20.56000000 -0.233096051264492E+005  0.282427652116518E+002 
     20.58000000 -0.233096051262660E+005  0.282427653948565E+002 
     20.60000000 -0.233096051260841E+005  0.282427655767000E+002 
     20.62000000 -0.233096051259040E+005  0.282427657568389E+002 
     20.64000000 -0.233096051257257E+005  0.282427659351310E+002 
     20.66000000 -0.233096051255491E+005  0.282427661117031E+002 
     20.68000000 -0.233096051253738E+005  0.282427662870191E+002 
     20.70000000 -0.233096051251991E+005  0.282427664616732E+002 
     20.72000000 -0.233096051250245E+005  0.282427666363303E+002 
     20.74000000 -0.233096051248490E+005  0.282427668118103E+002 
     20.76000000 -0.233096051246721E+005  0.282427669887691E+002 
     20.78000000 -0.233096051244931E+005  0.282427671677634E+002 
     20.80000000 -0.233096051243117E+005  0.282427673491614E+002 
     20.82000000 -0.233096051241278E+005  0.282427675330158E+002 
     20.84000000 -0.233096051239416E+005  0.282427677192336E+002 
     20.86000000 -0.233096051237534E+005  0.282427679074437E+002 
     20.88000000 -0.233096051235637E+005  0.282427680971294E+002 
     20.90000000 -0.233096051233733E+005  0.282427682875390E+002 
     20.92000000 -0.233096051231829E+005  0.282427684779239E+002 
     20.94000000 -0.233096051229933E+005  0.282427686674921E+002 
     20.96000000 -0.233096051228053E+005  0.282427688555073E+002 
     20.98000000 -0.233096051226195E+005  0.282427690413724E+002 
     21.00000000 -0.233096051224362E+005  0.282427692246204E+002 
     21.02000000 -0.233096051222557E+005  0.282427694050966E+002 
     21.04000000 -0.233096051220780E+005  0.282427695827823E+002 
     21.06000000 -0.233096051219028E+005  0.282427697579808E+002 
     21.08000000 -0.233096051217297E+005  0.282427699311499E+002 
     21.10000000 -0.233096051215578E+005  0.282427701029888E+002 
     21.12000000 -0.233096051213866E+005  0.282427702741966E+002 
     21.14000000 -0.233096051212152E+005  0.282427704455807E+002 
     21.16000000 -0.233096051210431E+005  0.282427706177475E+002 
     21.18000000 -0.233096051208695E+005  0.282427707912910E+002 
     21.20000000 -0.233096051206943E+005  0.282427709665173E+002 
     21.22000000 -0.233096051205172E+005  0.282427711436091E+002 
     21.24000000 -0.233096051203383E+005  0.282427713225539E+002 
     21.26000000 -0.233096051201576E+005  0.282427715032312E+002 
     21.28000000 -0.233096051199753E+005  0.282427716854985E+002 
     21.30000000 -0.233096051197917E+005  0.282427718691208E+002 
     21.32000000 -0.233096051196069E+005  0.282427720539682E+002 
     21.34000000 -0.233096051194210E+005  0.282427722398457E+002 
     21.36000000 -0.233096051192342E+005  0.282427724266482E+002 
     21.38000000 -0.233096051190466E+005  0.282427726142087E+002 
     21.40000000 -0.233096051188584E+005  0.282427728024064E+002 
     21.42000000 -0.233096051186698E+005  0.282427729909722E+002 
     21.44000000 -0.233096051184811E+005  0.282427731796897E+002 
     21.46000000 -0.233096051182926E+005  0.282427733681720E+002 
     21.48000000 -0.233096051181048E+005  0.282427735560294E+002 
     21.50000000 -0.233096051179180E+005  0.282427737428443E+002 
     21.52000000 -0.233096051177327E+005  0.282427739281186E+002 
     21.54000000 -0.233096051175494E+005  0.282427741114439E+002 
     21.56000000 -0.233096051173684E+005  0.282427742924615E+002 
     21.58000000 -0.233096051171900E+005  0.282427744708618E+002 
     21.60000000 -0.233096051170142E+005  0.282427746465955E+002 
     21.62000000 -0.233096051168411E+005  0.282427748197244E+002 
     21.64000000 -0.233096051166703E+005  0.282427749905579E+002 
     21.66000000 -0.233096051165013E+005  0.282427751595631E+002 
     21.68000000 -0.233096051163334E+005  0.282427753274514E+002 
     21.70000000 -0.233096051161658E+005  0.282427754950212E+002 
     21.72000000 -0.233096051159976E+005  0.282427756631756E+002 
     21.74000000 -0.233096051158280E+005  0.282427758327902E+002 
     21.76000000 -0.233096051156562E+005  0.282427760046631E+002 
     21.78000000 -0.233096051154814E+005  0.282427761794533E+002 
     21.80000000 -0.233096051153033E+005  0.282427763575443E+002 
     21.82000000 -0.233096051151218E+005  0.282427765390723E+002 
     21.84000000 -0.233096051149369E+005  0.282427767239011E+002 
     21.86000000 -0.233096051147492E+005  0.282427769116007E+002 
     21.88000000 -0.233096051145593E+005  0.282427771015216E+002 
     21.90000000 -0.233096051143679E+005  0.282427772929026E+002 
     21.92000000 -0.233096051141760E+005  0.282427774848652E+002 
     21.94000000 -0.233096051139842E+005  0.282427776766174E+002 
     21.96000000 -0.233096051137934E+005  0.282427778674292E+002 
     21.98000000 -0.233096051136040E+005  0.282427780567746E+002 
     22.00000000 -0.233096051134165E+005  0.282427782443165E+002 
     22.02000000 -0.233096051132308E+005  0.282427784300084E+002 
     22.04000000 -0.233096051130470E+005  0.282427786138658E+002 
     22.06000000 -0.233096051128647E+005  0.282427787961517E+002 
     22.08000000 -0.233096051126837E+005  0.282427789771136E+002 
     22.10000000 -0.233096051125038E+005  0.282427791570607E+002 
     22.12000000 -0.233096051123246E+005  0.282427793361819E+002 
     22.14000000 -0.233096051121462E+005  0.282427795146534E+002 
     22.16000000 -0.233096051119683E+005  0.282427796925278E+002 
     22.18000000 -0.233096051117910E+005  0.282427798698516E+002 
     22.20000000 -0.233096051116142E+005  0.282427800466681E+002 
     22.22000000 -0.233096051114378E+005  0.282427802230267E+002 
     22.24000000 -0.233096051112617E+005  0.282427803991378E+002 
     22.26000000 -0.233096051110856E+005  0.282427805752365E+002 
     22.28000000 -0.233096051109092E+005  0.282427807516570E+002 
     22.30000000 -0.233096051107321E+005  0.282427809287426E+002 
     22.32000000 -0.233096051105540E+005  0.282427811068429E+002 
     22.34000000 -0.233096051103746E+005  0.282427812861899E+002 
     22.36000000 -0.233096051101939E+005  0.282427814668980E+002 
     22.38000000 -0.233096051100119E+005  0.282427816489581E+002 
     22.40000000 -0.233096051098286E+005  0.282427818322556E+002 
     22.42000000 -0.233096051096443E+005  0.282427820165523E+002 
     22.44000000 -0.233096051094592E+005  0.282427822015915E+002 
     22.46000000 -0.233096051092737E+005  0.282427823871194E+002 
     22.48000000 -0.233096051090878E+005  0.282427825729877E+002 
     22.50000000 -0.233096051089018E+005  0.282427827590354E+002 
     22.52000000 -0.233096051087155E+005  0.282427829452872E+002 
     22.54000000 -0.233096051085290E+005  0.282427831317958E+002 
     22.56000000 -0.233096051083422E+005  0.282427833186509E+002 
     22.58000000 -0.233096051081549E+005  0.282427835059422E+002 
     22.60000000 -0.233096051079671E+005  0.282427836937161E+002 
     22.62000000 -0.233096051077789E+005  0.282427838819231E+002 
     22.64000000 -0.233096051075905E+005  0.282427840703560E+002 
     22.66000000 -0.233096051074020E+005  0.282427842587950E+002 
     22.68000000 -0.233096051072140E+005  0.282427844468349E+002 
     22.70000000 -0.233096051070267E+005  0.282427846341015E+002 
     22.72000000 -0.233096051068407E+005  0.282427848201677E+002 
     22.74000000 -0.233096051066562E+005  0.282427850046655E+002 
     22.76000000 -0.233096051064735E+005  0.282427851873257E+002 
     22.78000000 -0.233096051062928E+005  0.282427853680524E+002 
     22.80000000 -0.233096051061140E+005  0.282427855468271E+002 
     22.82000000 -0.233096051059369E+005  0.282427857238942E+002 
     22.84000000 -0.233096051057613E+005  0.282427858995350E+002 
     22.86000000 -0.233096051055866E+005  0.282427860742200E+002 
     22.88000000 -0.233096051054124E+005  0.282427862484657E+002 
     22.90000000 -0.233096051052380E+005  0.282427864228289E+002 
     22.92000000 -0.233096051050629E+005  0.282427865979099E+002 
     22.94000000 -0.233096051048866E+005  0.282427867741881E+002 
     22.96000000 -0.233096051047087E+005  0.282427869521677E+002 
     22.98000000 -0.233096051045286E+005  0.282427871321829E+002 
     23.00000000 -0.233096051043464E+005  0.282427873144193E+002 
     23.02000000 -0.233096051041619E+005  0.282427874988892E+002 
     23.04000000 -0.233096051039753E+005  0.282427876854783E+002 
     23.06000000 -0.233096051037870E+005  0.282427878738554E+002 
     23.08000000 -0.233096051035973E+005  0.282427880635659E+002 
     23.10000000 -0.233096051034068E+005  0.282427882540560E+002 
     23.12000000 -0.233096051032161E+005  0.282427884447162E+002 
     23.14000000 -0.233096051030259E+005  0.282427886349680E+002 
     23.16000000 -0.233096051028366E+005  0.282427888242516E+002 
     23.18000000 -0.233096051026486E+005  0.282427890121802E+002 
     23.20000000 -0.233096051024623E+005  0.282427891984939E+002 
     23.22000000 -0.233096051022777E+005  0.282427893830814E+002 
     23.24000000 -0.233096051020947E+005  0.282427895660788E+002 
     23.26000000 -0.233096051019131E+005  0.282427897476841E+002 
     23.28000000 -0.233096051017325E+005  0.282427899283490E+002 
     23.30000000 -0.233096051015523E+005  0.282427901085220E+002 
     23.32000000 -0.233096051013720E+005  0.282427902888063E+002 
     23.34000000 -0.233096051011912E+005  0.282427904696258E+002 
     23.36000000 -0.233096051010094E+005  0.282427906513796E+002 
     23.38000000 -0.233096051008265E+005  0.282427908342781E+002 
     23.40000000 -0.233096051006425E+005  0.282427910183118E+002 
     23.42000000 -0.233096051004575E+005  0.282427912033015E+002 
     23.44000000 -0.233096051002719E+005  0.282427913888882E+002 
     23.46000000 -0.233096051000862E+005  0.282427915746513E+002 
     23.48000000 -0.233096050999007E+005  0.282427917601050E+002 
     23.50000000 -0.233096050997160E+005  0.282427919448596E+002 
     23.52000000 -0.233096050995322E+005  0.282427921286397E+002 
     23.54000000 -0.233096050993495E+005  0.282427923112751E+002 
     23.56000000 -0.233096050991680E+005  0.282427924927938E+002 
     23.58000000 -0.233096050989875E+005  0.282427926733566E+002 
     23.60000000 -0.233096050988076E+005  0.282427928531924E+002 
     23.62000000 -0.233096050986282E+005  0.282427930326105E+002 
     23.64000000 -0.233096050984489E+005  0.282427932119482E+002 
     23.66000000 -0.233096050982693E+005  0.282427933915087E+002 
     23.68000000 -0.233096050980893E+005  0.282427935714868E+002 
     23.70000000 -0.233096050979087E+005  0.282427937521083E+002 
     23.72000000 -0.233096050977274E+005  0.282427939334352E+002 
     23.74000000 -0.233096050975454E+005  0.282427941154550E+002 
     23.76000000 -0.233096050973627E+005  0.282427942980998E+002 
     23.78000000 -0.233096050971796E+005  0.282427944811993E+002 
     23.80000000 -0.233096050969963E+005  0.282427946645060E+002 
     23.82000000 -0.233096050968131E+005  0.282427948477417E+002 
     23.84000000 -0.233096050966302E+005  0.282427950306401E+002 
     23.86000000 -0.233096050964479E+005  0.282427952129445E+002 
     23.88000000 -0.233096050962663E+005  0.282427953945096E+002 
     23.90000000 -0.233096050960856E+005  0.282427955752302E+002 
     23.92000000 -0.233096050959056E+005  0.282427957551835E+002 
     23.94000000 -0.233096050957263E+005  0.282427959345026E+002 
     23.96000000 -0.233096050955474E+005  0.282427961134042E+002 
     23.98000000 -0.233096050953686E+005  0.282427962921881E+002 
     24.00000000 -0.233096050951897E+005  0.282427964711237E+002 
     24.02000000 -0.233096050950104E+005  0.282427966504614E+002 
     24.04000000 -0.233096050948304E+005  0.282427968304178E+002 
     24.06000000 -0.233096050946497E+005  0.282427970111693E+002 
     24.08000000 -0.233096050944679E+005  0.282427971928891E+002 
     24.10000000 -0.233096050942851E+005  0.282427973757070E+002 
     24.12000000 -0.233096050941011E+005  0.282427975597315E+002 
     24.14000000 -0.233096050939157E+005  0.282427977451110E+002 
     24.16000000 -0.233096050937289E+005  0.282427979318764E+002 
     24.18000000 -0.233096050935408E+005  0.282427981199999E+002 
     24.20000000 -0.233096050933514E+005  0.282427983093917E+002 
     24.22000000 -0.233096050931611E+005  0.282427984997580E+002 
     24.24000000 -0.233096050929701E+005  0.282427986907616E+002 
     24.26000000 -0.233096050927789E+005  0.282427988818796E+002 
     24.28000000 -0.233096050925882E+005  0.282427990725862E+002 
     24.30000000 -0.233096050923984E+005  0.282427992623802E+002 
     24.32000000 -0.233096050922100E+005  0.282427994508471E+002 
     24.34000000 -0.233096050920232E+005  0.282427996376620E+002 
     24.36000000 -0.233096050918380E+005  0.282427998228311E+002 
     24.38000000 -0.233096050916544E+005  0.282428000064658E+002 
     24.40000000 -0.233096050914718E+005  0.282428001889868E+002 
     24.42000000 -0.233096050912899E+005  0.282428003708922E+002 
     24.44000000 -0.233096050911079E+005  0.282428005528904E+002 
     24.46000000 -0.233096050909252E+005  0.282428007356434E+002 
     24.48000000 -0.233096050907411E+005  0.282428009197390E+002 
     24.50000000 -0.233096050905551E+005  0.282428011057063E+002 
     24.52000000 -0.233096050903670E+005  0.282428012937957E+002 
     24.54000000 -0.233096050901768E+005  0.282428014840692E+002 
     24.56000000 -0.233096050899844E+005  0.282428016763907E+002 
     24.58000000 -0.233096050897904E+005  0.282428018703888E+002 
     24.60000000 -0.233096050895953E+005  0.282428020655718E+002 
     24.62000000 -0.233096050893995E+005  0.282428022613736E+002 
     24.64000000 -0.233096050892036E+005  0.282428024571784E+002 
     24.66000000 -0.233096050890084E+005  0.282428026524171E+002 
     24.68000000 -0.233096050888143E+005  0.282428028465514E+002 
     24.70000000 -0.233096050886216E+005  0.282428030392193E+002 
     24.72000000 -0.233096050884306E+005  0.282428032301827E+002 
     24.74000000 -0.233096050882415E+005  0.282428034193456E+002 
     24.76000000 -0.233096050880540E+005  0.282428036068411E+002 
     24.78000000 -0.233096050878679E+005  0.282428037928794E+002 
     24.80000000 -0.233096050876829E+005  0.282428039779001E+002 
     24.82000000 -0.233096050874984E+005  0.282428041624381E+002 
     24.84000000 -0.233096050873138E+005  0.282428043470441E+002 
     24.86000000 -0.233096050871285E+005  0.282428045322844E+002 
     24.88000000 -0.233096050869423E+005  0.282428047185579E+002 
     24.90000000 -0.233096050867547E+005  0.282428049061586E+002 
     24.92000000 -0.233096050865657E+005  0.282428050951204E+002 
     24.94000000 -0.233096050863755E+005  0.282428052852825E+002 
     24.96000000 -0.233096050861846E+005  0.282428054762335E+002 
     24.98000000 -0.233096050859934E+005  0.282428056674289E+002 
     25.00000000 -0.233096050858025E+005  0.282428058583366E+002 
     25.02000000 -0.233096050856124E+005  0.282428060484059E+002 
     25.04000000 -0.233096050854236E+005  0.282428062372719E+002 
     25.06000000 -0.233096050852360E+005  0.282428064248014E+002 
     25.08000000 -0.233096050850498E+005  0.282428066110718E+002 
     25.10000000 -0.233096050848644E+005  0.282428067963863E+002 
     25.12000000 -0.233096050846796E+005  0.282428069812182E+002 
     25.14000000 -0.233096050844948E+005  0.282428071660130E+002 
     25.16000000 -0.233096050843096E+005  0.282428073511976E+002 
     25.18000000 -0.233096050841239E+005  0.282428075369421E+002 
     25.20000000 -0.233096050839375E+005  0.282428077233177E+002 
     25.22000000 -0.233096050837507E+005  0.282428079100892E+002 
     25.24000000 -0.233096050835639E+005  0.282428080968794E+002 
     25.26000000 -0.233096050833776E+005  0.282428082831931E+002 
     25.28000000 -0.233096050831923E+005  0.282428084685293E+002 
     25.30000000 -0.233096050830084E+005  0.282428086524609E+002 
     25.32000000 -0.233096050828261E+005  0.282428088347159E+002 
     25.34000000 -0.233096050826457E+005  0.282428090151704E+002 
     25.36000000 -0.233096050824670E+005  0.282428091938151E+002 
     25.38000000 -0.233096050822900E+005  0.282428093708203E+002 
     25.40000000 -0.233096050821144E+005  0.282428095464519E+002 
     25.42000000 -0.233096050819398E+005  0.282428097209822E+002 
     25.44000000 -0.233096050817661E+005  0.282428098946865E+002 
     25.46000000 -0.233096050815930E+005  0.282428100678185E+002 
     25.48000000 -0.233096050814202E+005  0.282428102405978E+002 
     25.50000000 -0.233096050812475E+005  0.282428104133029E+002 
     25.52000000 -0.233096050810748E+005  0.282428105860420E+002 
     25.54000000 -0.233096050809018E+005  0.282428107590565E+002 
     25.56000000 -0.233096050807283E+005  0.282428109324762E+002 
     25.58000000 -0.233096050805543E+005  0.282428111065270E+002 
     25.60000000 -0.233096050803795E+005  0.282428112813511E+002 
     25.62000000 -0.233096050802037E+005  0.282428114570787E+002 
     25.64000000 -0.233096050800271E+005  0.282428116337590E+002 
     25.66000000 -0.233096050798494E+005  0.282428118114355E+002 
     25.68000000 -0.233096050796709E+005  0.282428119899596E+002 
     25.70000000 -0.233096050794917E+005  0.282428121691086E+002 
     25.72000000 -0.233096050793123E+005  0.282428123485669E+002 
     25.74000000 -0.233096050791329E+005  0.282428125279108E+002 
     25.76000000 -0.233096050789541E+005  0.282428127067103E+002 
     25.78000000 -0.233096050787763E+005  0.282428128845290E+002 
     25.80000000 -0.233096050785998E+005  0.282428130609866E+002 
     25.82000000 -0.233096050784249E+005  0.282428132359005E+002 
     25.84000000 -0.233096050782517E+005  0.282428134091624E+002 
     25.86000000 -0.233096050780800E+005  0.282428135808219E+002 
     25.88000000 -0.233096050779097E+005  0.282428137511140E+002 
     25.90000000 -0.233096050777405E+005  0.282428139203326E+002 
     25.92000000 -0.233096050775720E+005  0.282428140888273E+002 
     25.94000000 -0.233096050774039E+005  0.282428142569694E+002 
     25.96000000 -0.233096050772357E+005  0.282428144250805E+002 
     25.98000000 -0.233096050770674E+005  0.282428145934020E+002 
     26.00000000 -0.233096050768988E+005  0.282428147620514E+002 
     26.02000000 -0.233096050767297E+005  0.282428149311463E+002 
     26.04000000 -0.233096050765601E+005  0.282428151007114E+002 
     26.06000000 -0.233096050763901E+005  0.282428152707034E+002 
     26.08000000 -0.233096050762197E+005  0.282428154410976E+002 
     26.10000000 -0.233096050760489E+005  0.282428156119063E+002 
     26.12000000 -0.233096050758777E+005  0.282428157831079E+002 
     26.14000000 -0.233096050757061E+005  0.282428159547674E+002 
     26.16000000 -0.233096050755339E+005  0.282428161269249E+002 
     26.18000000 -0.233096050753612E+005  0.282428162996455E+002 
     26.20000000 -0.233096050751878E+005  0.282428164730033E+002 
     26.22000000 -0.233096050750138E+005  0.282428166470015E+002 
     26.24000000 -0.233096050748392E+005  0.282428168216184E+002 
     26.26000000 -0.233096050746640E+005  0.282428169968448E+002 
     26.28000000 -0.233096050744882E+005  0.282428171726403E+002 
     26.30000000 -0.233096050743118E+005  0.282428173489773E+002 
     26.32000000 -0.233096050741349E+005  0.282428175258772E+002 
     26.34000000 -0.233096050739574E+005  0.282428177034640E+002 
     26.36000000 -0.233096050737790E+005  0.282428178818427E+002 
     26.38000000 -0.233096050735996E+005  0.282428180612144E+002 
     26.40000000 -0.233096050734190E+005  0.282428182418051E+002 
     26.42000000 -0.233096050732371E+005  0.282428184237445E+002 
     26.44000000 -0.233096050730537E+005  0.282428186071502E+002 
     26.46000000 -0.233096050728688E+005  0.282428187919914E+002 
     26.48000000 -0.233096050726827E+005  0.282428189780762E+002 
     26.50000000 -0.233096050724957E+005  0.282428191650860E+002 
     26.52000000 -0.233096050723082E+005  0.282428193526588E+002 
     26.54000000 -0.233096050721205E+005  0.282428195402811E+002 
     26.56000000 -0.233096050719332E+005  0.282428197275972E+002 
     26.58000000 -0.233096050717465E+005  0.282428199143316E+002 
     26.60000000 -0.233096050715604E+005  0.282428201004474E+002 
     26.62000000 -0.233096050713747E+005  0.282428202860898E+002 
     26.64000000 -0.233096050711892E+005  0.282428204716270E+002 
     26.66000000 -0.233096050710032E+005  0.282428206575912E+002 
     26.68000000 -0.233096050708162E+005  0.282428208445855E+002 
     26.70000000 -0.233096050706277E+005  0.282428210331080E+002 
     26.72000000 -0.233096050704373E+005  0.282428212235486E+002 
     26.74000000 -0.233096050702449E+005  0.282428214159690E+002 
     26.76000000 -0.233096050700506E+005  0.282428216102394E+002 
     26.78000000 -0.233096050698551E+005  0.282428218057473E+002 
     26.80000000 -0.233096050696590E+005  0.282428220017810E+002 
     26.82000000 -0.233096050694634E+005  0.282428221973817E+002 
     26.84000000 -0.233096050692693E+005  0.282428223915593E+002 
     26.86000000 -0.233096050690775E+005  0.282428225833579E+002 
     26.88000000 -0.233096050688888E+005  0.282428227720568E+002 
     26.90000000 -0.233096050687037E+005  0.282428229571331E+002 
     26.92000000 -0.233096050685224E+005  0.282428231384135E+002 
     26.94000000 -0.233096050683449E+005  0.282428233159632E+002 
     26.96000000 -0.233096050681707E+005  0.282428234901717E+002 
     26.98000000 -0.233096050679992E+005  0.282428236616239E+002 
     27.00000000 -0.233096050678297E+005  0.282428238310869E+002 
     27.02000000 -0.233096050676614E+005  0.282428239993961E+002 
     27.04000000 -0.233096050674935E+005  0.282428241673711E+002 
     27.06000000 -0.233096050673250E+005  0.282428243358349E+002 
     27.08000000 -0.233096050671554E+005  0.282428245054618E+002 
     27.10000000 -0.233096050669840E+005  0.282428246768150E+002 
     27.12000000 -0.233096050668106E+005  0.282428248502223E+002 
     27.14000000 -0.233096050666349E+005  0.282428250258880E+002 
     27.16000000 -0.233096050664571E+005  0.282428252037191E+002 
     27.18000000 -0.233096050662773E+005  0.282428253834930E+002 
     27.20000000 -0.233096050660960E+005  0.282428255648199E+002 
     27.22000000 -0.233096050659137E+005  0.282428257471429E+002 
     27.24000000 -0.233096050657310E+005  0.282428259298681E+002 
     27.26000000 -0.233096050655486E+005  0.282428261122716E+002 
     27.28000000 -0.233096050653670E+005  0.282428262937810E+002 
     27.30000000 -0.233096050651870E+005  0.282428264737807E+002 
     27.32000000 -0.233096050650090E+005  0.282428266518531E+002 
     27.34000000 -0.233096050648331E+005  0.282428268277353E+002 
     27.36000000 -0.233096050646594E+005  0.282428270014644E+002 
     27.38000000 -0.233096050644875E+005  0.282428271732754E+002 
     27.40000000 -0.233096050643172E+005  0.282428273436325E+002 
     27.42000000 -0.233096050641476E+005  0.282428275132595E+002 
     27.44000000 -0.233096050639779E+005  0.282428276829545E+002 
     27.46000000 -0.233096050638074E+005  0.282428278534662E+002 
     27.48000000 -0.233096050636352E+005  0.282428280255928E+002 
     27.50000000 -0.233096050634610E+005  0.282428281998076E+002 
     27.52000000 -0.233096050632845E+005  0.282428283763178E+002 
     27.54000000 -0.233096050631058E+005  0.282428285550089E+002 
     27.56000000 -0.233096050629254E+005  0.282428287354325E+002 
     27.58000000 -0.233096050627440E+005  0.282428289168429E+002 
     27.60000000 -0.233096050625624E+005  0.282428290983739E+002 
     27.62000000 -0.233096050623817E+005  0.282428292790976E+002 
     27.64000000 -0.233096050622027E+005  0.282428294581476E+002 
     27.66000000 -0.233096050620259E+005  0.282428296349671E+002 
     27.68000000 -0.233096050618516E+005  0.282428298092221E+002 
     27.70000000 -0.233096050616799E+005  0.282428299809620E+002 
     27.72000000 -0.233096050615103E+005  0.282428301505642E+002 
     27.74000000 -0.233096050613422E+005  0.282428303186691E+002 
     27.76000000 -0.233096050611748E+005  0.282428304860100E+002 
     27.78000000 -0.233096050610074E+005  0.282428306534529E+002 
     27.80000000 -0.233096050608391E+005  0.282428308217465E+002 
     27.82000000 -0.233096050606693E+005  0.282428309915158E+002 
     27.84000000 -0.233096050604977E+005  0.282428311631350E+002 
     27.86000000 -0.233096050603240E+005  0.282428313367837E+002 
     27.88000000 -0.233096050601484E+005  0.282428315123874E+002 
     27.90000000 -0.233096050599711E+005  0.282428316897267E+002 
     27.92000000 -0.233096050597924E+005  0.282428318684519E+002 
     27.94000000 -0.233096050596127E+005  0.282428320481268E+002 
     27.96000000 -0.233096050594325E+005  0.282428322283647E+002 
     27.98000000 -0.233096050592520E+005  0.282428324087759E+002 
     28.00000000 -0.233096050590718E+005  0.282428325890541E+002 
     28.02000000 -0.233096050588918E+005  0.282428327689796E+002 
     28.04000000 -0.233096050587124E+005  0.282428329483853E+002 
     28.06000000 -0.233096050585336E+005  0.282428331271724E+002 
     28.08000000 -0.233096050583555E+005  0.282428333052789E+002 
     28.10000000 -0.233096050581782E+005  0.282428334826491E+002 
     28.12000000 -0.233096050580015E+005  0.282428336592799E+002 
     28.14000000 -0.233096050578256E+005  0.282428338352023E+002 
     28.16000000 -0.233096050576503E+005  0.282428340104751E+002 
     28.18000000 -0.233096050574755E+005  0.282428341852807E+002 
     28.20000000 -0.233096050573010E+005  0.282428343598667E+002 
     28.22000000 -0.233096050571262E+005  0.282428345346630E+002 
     28.24000000 -0.233096050569507E+005  0.282428347101307E+002 
     28.26000000 -0.233096050567740E+005  0.282428348867862E+002 
     28.28000000 -0.233096050565957E+005  0.282428350651495E+002 
     28.30000000 -0.233096050564153E+005  0.282428352455421E+002 
     28.32000000 -0.233096050562326E+005  0.282428354281899E+002 
     28.34000000 -0.233096050560478E+005  0.282428356130342E+002 
     28.36000000 -0.233096050558610E+005  0.282428357997749E+002 
     28.38000000 -0.233096050556730E+005  0.282428359878457E+002 
     28.40000000 -0.233096050554842E+005  0.282428361765972E+002 
     28.42000000 -0.233096050552956E+005  0.282428363652435E+002 
     28.44000000 -0.233096050551078E+005  0.282428365530452E+002 
     28.46000000 -0.233096050549214E+005  0.282428367393992E+002 
     28.48000000 -0.233096050547370E+005  0.282428369238567E+002 
     28.50000000 -0.233096050545546E+005  0.282428371062478E+002 
     28.52000000 -0.233096050543743E+005  0.282428372865012E+002 
     28.54000000 -0.233096050541960E+005  0.282428374647902E+002 
     28.56000000 -0.233096050540194E+005  0.282428376414365E+002 
     28.58000000 -0.233096050538440E+005  0.282428378167804E+002 
     28.60000000 -0.233096050536695E+005  0.282428379912767E+002 
     28.62000000 -0.233096050534955E+005  0.282428381653275E+002 
     28.64000000 -0.233096050533215E+005  0.282428383393164E+002 
     28.66000000 -0.233096050531472E+005  0.282428385136209E+002 
     28.68000000 -0.233096050529723E+005  0.282428386885626E+002 
     28.70000000 -0.233096050527964E+005  0.282428388643767E+002 
     28.72000000 -0.233096050526195E+005  0.282428390413231E+002 
     28.74000000 -0.233096050524413E+005  0.282428392195286E+002 
     28.76000000 -0.233096050522617E+005  0.282428393991076E+002 
     28.78000000 -0.233096050520807E+005  0.282428395801251E+002 
     28.80000000 -0.233096050518982E+005  0.282428397625750E+002 
     28.82000000 -0.233096050517144E+005  0.282428399464324E+002 
     28.84000000 -0.233096050515292E+005  0.282428401316479E+002 
     28.86000000 -0.233096050513426E+005  0.282428403181936E+002 
     28.88000000 -0.233096050511549E+005  0.282428405059644E+002 
     28.90000000 -0.233096050509660E+005  0.282428406948582E+002 
     28.92000000 -0.233096050507761E+005  0.282428408847110E+002 
     28.94000000 -0.233096050505855E+005  0.282428410753619E+002 
     28.96000000 -0.233096050503943E+005  0.282428412665326E+002 
     28.98000000 -0.233096050502029E+005  0.282428414579507E+002 
     29.00000000 -0.233096050500115E+005  0.282428416492884E+002 
     29.02000000 -0.233096050498205E+005  0.282428418403012E+002 
     29.04000000 -0.233096050496301E+005  0.282428420307387E+002 
     29.06000000 -0.233096050494403E+005  0.282428422204739E+002 
     29.08000000 -0.233096050492514E+005  0.282428424093801E+002 
     29.10000000 -0.233096050490633E+005  0.282428425974726E+002 
     29.12000000 -0.233096050488760E+005  0.282428427848072E+002 
     29.14000000 -0.233096050486893E+005  0.282428429715386E+002 
     29.16000000 -0.233096050485030E+005  0.282428431577966E+002 
     29.18000000 -0.233096050483171E+005  0.282428433437577E+002 
     29.20000000 -0.233096050481312E+005  0.282428435296012E+002 
     29.22000000 -0.233096050479454E+005  0.282428437154416E+002 
     29.24000000 -0.233096050477594E+005  0.282428439014243E+002 
     29.26000000 -0.233096050475733E+005  0.282428440875710E+002 
     29.28000000 -0.233096050473869E+005  0.282428442739342E+002 
     29.30000000 -0.233096050472003E+005  0.282428444604892E+002 
     29.32000000 -0.233096050470137E+005  0.282428446471556E+002 
     29.34000000 -0.233096050468269E+005  0.282428448339210E+002 
     29.36000000 -0.233096050466402E+005  0.282428450206369E+002 
     29.38000000 -0.233096050464536E+005  0.282428452072291E+002 
     29.40000000 -0.233096050462673E+005  0.282428453935706E+002 
     29.42000000 -0.233096050460813E+005  0.282428455795224E+002 
     29.44000000 -0.233096050458958E+005  0.282428457650009E+002 
     29.46000000 -0.233096050457110E+005  0.282428459498359E+002 
     29.48000000 -0.233096050455269E+005  0.282428461338913E+002 
     29.50000000 -0.233096050453438E+005  0.282428463170496E+002 
     29.52000000 -0.233096050451617E+005  0.282428464991684E+002 
     29.54000000 -0.233096050449807E+005  0.282428466801333E+002 
     29.56000000 -0.233096050448009E+005  0.282428468599011E+002 
     29.58000000 -0.233096050446223E+005  0.282428470384777E+002 
     29.60000000 -0.233096050444449E+005  0.282428472159098E+002 
     29.62000000 -0.233096050442684E+005  0.282428473923860E+002 
     29.64000000 -0.233096050440927E+005  0.282428475681042E+002 
     29.66000000 -0.233096050439174E+005  0.282428477433924E+002 
     29.68000000 -0.233096050437423E+005  0.282428479185538E+002 
     29.70000000 -0.233096050435669E+005  0.282428480938761E+002 
     29.72000000 -0.233096050433912E+005  0.282428482695974E+002 
     29.74000000 -0.233096050432151E+005  0.282428484457642E+002 
     29.76000000 -0.233096050430385E+005  0.282428486223455E+002 
     29.78000000 -0.233096050428617E+005  0.282428487990939E+002 
     29.80000000 -0.233096050426851E+005  0.282428489757247E+002 
     29.82000000 -0.233096050425089E+005  0.282428491518884E+002 
     29.84000000 -0.233096050423336E+005  0.282428493272293E+002 
     29.86000000 -0.233096050421593E+005  0.282428495015585E+002 
     29.88000000 -0.233096050419861E+005  0.282428496747554E+002 
     29.90000000 -0.233096050418139E+005  0.282428498469068E+002 
     29.92000000 -0.233096050416426E+005  0.282428500182166E+002 
     29.94000000 -0.233096050414718E+005  0.282428501889882E+002 
     29.96000000 -0.233096050413013E+005  0.282428503595433E+002 
     29.98000000 -0.233096050411306E+005  0.282428505301788E+002 
     30.00000000 -0.233096050409597E+005  0.282428507011298E+002 
