# Real time calculation: 
# Eall: Total energy
# Eall0: Initial total energy
# 1:Time[fs] 2:Eall[eV] 3:Eall-Eall0[eV] 
      0.00000000 -0.233378478916608E+005  0.000000000000000E+000 
      0.02000000 -0.233378478917033E+005 -0.424686156709868E-007 
      0.04000000 -0.233378478917013E+005 -0.405103818627310E-007 
      0.06000000 -0.233378478916869E+005 -0.260788483469128E-007 
      0.08000000 -0.233378478916340E+005  0.267965580523082E-007 
      0.10000000 -0.233378478914905E+005  0.170344686284034E-006 
      0.12000000 -0.233378478911663E+005  0.494477238406944E-006 
      0.14000000 -0.233378478905219E+005  0.113896817954680E-005 
      0.16000000 -0.233378478893548E+005  0.230602603204616E-005 
      0.18000000 -0.233378478873879E+005  0.427290329252979E-005 
      0.20000000 -0.233378478842567E+005  0.740415318127018E-005 
      0.22000000 -0.233378478794976E+005  0.121632274597975E-004 
      0.24000000 -0.233378478725375E+005  0.191233534452279E-004 
      0.26000000 -0.233378478626840E+005  0.289767745227207E-004 
      0.28000000 -0.233378478491183E+005  0.425425335834899E-004 
      0.30000000 -0.233378478308885E+005  0.607723662876873E-004 
      0.32000000 -0.233378478069060E+005  0.847548031465978E-004 
      0.34000000 -0.233378477759437E+005  0.115717090633532E-003 
      0.36000000 -0.233378477366356E+005  0.155025209745283E-003 
      0.38000000 -0.233378476874790E+005  0.204181865177524E-003 
      0.40000000 -0.233378476268384E+005  0.264822420365524E-003 
      0.42000000 -0.233378475529516E+005  0.338709214584458E-003 
      0.44000000 -0.233378474639365E+005  0.427724289951486E-003 
      0.46000000 -0.233378473578001E+005  0.533860735599220E-003 
      0.48000000 -0.233378472324478E+005  0.659213010969007E-003 
      0.50000000 -0.233378470856949E+005  0.805965960521428E-003 
      0.52000000 -0.233378469152775E+005  0.976383296351675E-003 
      0.54000000 -0.233378467188656E+005  0.117279517438706E-002 
      0.56000000 -0.233378464940754E+005  0.139758540554253E-002 
      0.58000000 -0.233378462384829E+005  0.165317789966924E-002 
      0.60000000 -0.233378459496378E+005  0.194202300432155E-002 
      0.62000000 -0.233378456250771E+005  0.226658374452956E-002 
      0.64000000 -0.233378452623386E+005  0.262932226056055E-002 
      0.66000000 -0.233378448589741E+005  0.303268675302690E-002 
      0.68000000 -0.233378444125615E+005  0.347909930966333E-002 
      0.70000000 -0.233378439207162E+005  0.397094463542833E-002 
      0.72000000 -0.233378433811007E+005  0.451056014687284E-002 
      0.74000000 -0.233378427914337E+005  0.510022709666976E-002 
      0.76000000 -0.233378421494975E+005  0.574216330989677E-002 
      0.78000000 -0.233378414531435E+005  0.643851729696063E-002 
      0.80000000 -0.233378407002972E+005  0.719136365654273E-002 
      0.82000000 -0.233378398889612E+005  0.800269961698079E-002 
      0.84000000 -0.233378390172179E+005  0.887444294191770E-002 
      0.86000000 -0.233378380832301E+005  0.980843073618105E-002 
      0.88000000 -0.233378370852409E+005  0.108064199500361E-001 
      0.90000000 -0.233378360215718E+005  0.118700889909389E-001 
      0.92000000 -0.233378348906202E+005  0.130010406005625E-001 
      0.94000000 -0.233378336908550E+005  0.142008058052938E-001 
      0.96000000 -0.233378324208121E+005  0.154708487298383E-001 
      0.98000000 -0.233378310790883E+005  0.168125724750148E-001 
      1.00000000 -0.233378296643352E+005  0.182273256482956E-001 
      1.02000000 -0.233378281752512E+005  0.197164096429912E-001 
      1.04000000 -0.233378266105745E+005  0.212810862855710E-001 
      1.06000000 -0.233378249690752E+005  0.229225856562241E-001 
      1.08000000 -0.233378232495470E+005  0.246421138506426E-001 
      1.10000000 -0.233378214508000E+005  0.264408608500795E-001 
      1.12000000 -0.233378195716531E+005  0.283200077355688E-001 
      1.14000000 -0.233378176109273E+005  0.302807335092611E-001 
      1.16000000 -0.233378155674395E+005  0.323242212815763E-001 
      1.18000000 -0.233378134399973E+005  0.344516635426580E-001 
      1.20000000 -0.233378112273941E+005  0.366642667223044E-001 
      1.22000000 -0.233378089284061E+005  0.389632547290199E-001 
      1.24000000 -0.233378065417887E+005  0.413498720776208E-001 
      1.26000000 -0.233378040662752E+005  0.438253856494803E-001 
      1.28000000 -0.233378015005748E+005  0.463910860444210E-001 
      1.30000000 -0.233377988433726E+005  0.490482881808691E-001 
      1.32000000 -0.233377960933297E+005  0.517983310793037E-001 
      1.34000000 -0.233377932490837E+005  0.546425771600152E-001 
      1.36000000 -0.233377903092499E+005  0.575824109190548E-001 
      1.38000000 -0.233377872724240E+005  0.606192368091344E-001 
      1.40000000 -0.233377841371846E+005  0.637544762388574E-001 
      1.42000000 -0.233377809020971E+005  0.669895637707142E-001 
      1.44000000 -0.233377775657185E+005  0.703259423507867E-001 
      1.46000000 -0.233377741266030E+005  0.737650578207442E-001 
      1.48000000 -0.233377705833081E+005  0.773083527214102E-001 
      1.50000000 -0.233377669344016E+005  0.809572592672506E-001 
      1.52000000 -0.233377631784689E+005  0.847131919496322E-001 
      1.54000000 -0.233377593141212E+005  0.885775395956130E-001 
      1.56000000 -0.233377553400033E+005  0.925516575164451E-001 
      1.58000000 -0.233377512548012E+005  0.966368595818322E-001 
      1.60000000 -0.233377470572506E+005  0.100834410198286E+000 
      1.62000000 -0.233377427461443E+005  0.105145516479286E+000 
      1.64000000 -0.233377383203404E+005  0.109571320375219E+000 
      1.66000000 -0.233377337787698E+005  0.114112891050807E+000 
      1.68000000 -0.233377291204436E+005  0.118771217175920E+000 
      1.70000000 -0.233377243444613E+005  0.123547199500986E+000 
      1.72000000 -0.233377194500175E+005  0.128441643308669E+000 
      1.74000000 -0.233377144364100E+005  0.133455250834605E+000 
      1.76000000 -0.233377093030469E+005  0.138588613929441E+000 
      1.78000000 -0.233377040494539E+005  0.143842206900298E+000 
      1.80000000 -0.233376986752811E+005  0.149216379735839E+000 
      1.82000000 -0.233376931803088E+005  0.154711351999549E+000 
      1.84000000 -0.233376875644535E+005  0.160327207360293E+000 
      1.86000000 -0.233376818277719E+005  0.166063888883893E+000 
      1.88000000 -0.233376759704655E+005  0.171921195308461E+000 
      1.90000000 -0.233376699928827E+005  0.177898778099314E+000 
      1.92000000 -0.233376638955217E+005  0.183996139172105E+000 
      1.94000000 -0.233376576790314E+005  0.190212629395527E+000 
      1.96000000 -0.233376513442133E+005  0.196547447533315E+000 
      1.98000000 -0.233376448920209E+005  0.202999639885388E+000 
      2.00000000 -0.233376383235602E+005  0.209568100628142E+000 
      2.02000000 -0.233376316400879E+005  0.216251572915767E+000 
      2.04000000 -0.233376248430105E+005  0.223048650368251E+000 
      2.06000000 -0.233376179338815E+005  0.229957779366822E+000 
      2.08000000 -0.233376109143992E+005  0.236977261637075E+000 
      2.10000000 -0.233376037864031E+005  0.244105257750907E+000 
      2.12000000 -0.233375965518697E+005  0.251339791157444E+000 
      2.14000000 -0.233375892129080E+005  0.258678752798658E+000 
      2.16000000 -0.233375817717550E+005  0.266119905845633E+000 
      2.18000000 -0.233375742307693E+005  0.273660891483550E+000 
      2.20000000 -0.233375665924262E+005  0.281299234594590E+000 
      2.22000000 -0.233375588593108E+005  0.289032350053357E+000 
      2.24000000 -0.233375510341116E+005  0.296857549176992E+000 
      2.26000000 -0.233375431196145E+005  0.304772046283548E+000 
      2.28000000 -0.233375351186955E+005  0.312772965293686E+000 
      2.30000000 -0.233375270343147E+005  0.320857346106532E+000 
      2.32000000 -0.233375188695096E+005  0.329022151185905E+000 
      2.34000000 -0.233375106273891E+005  0.337264271697971E+000 
      2.36000000 -0.233375023111273E+005  0.345580533522061E+000 
      2.38000000 -0.233374939239576E+005  0.353967703267675E+000 
      2.40000000 -0.233374854691673E+005  0.362422493530474E+000 
      2.42000000 -0.233374769500929E+005  0.370941567916243E+000 
      2.44000000 -0.233374683701150E+005  0.379521545860684E+000 
      2.46000000 -0.233374597326539E+005  0.388159006892365E+000 
      2.48000000 -0.233374510411664E+005  0.396850494444006E+000 
      2.50000000 -0.233374422991417E+005  0.405592519137854E+000 
      2.52000000 -0.233374335100992E+005  0.414381561650342E+000 
      2.54000000 -0.233374246775857E+005  0.423214075100320E+000 
      2.56000000 -0.233374158051739E+005  0.432086486902117E+000 
      2.58000000 -0.233374068964608E+005  0.440995200049367E+000 
      2.60000000 -0.233373979550672E+005  0.449936593609986E+000 
      2.62000000 -0.233373889846378E+005  0.458907022998406E+000 
      2.64000000 -0.233373799888415E+005  0.467902819291893E+000 
      2.66000000 -0.233373709713724E+005  0.476920288426221E+000 
      2.68000000 -0.233373619359511E+005  0.485955709738591E+000 
      2.70000000 -0.233373528863265E+005  0.495005334355885E+000 
      2.72000000 -0.233373438262773E+005  0.504065383539596E+000 
      2.74000000 -0.233373347596141E+005  0.513132046770910E+000 
      2.76000000 -0.233373256901805E+005  0.522201480287441E+000 
      2.78000000 -0.233373166218555E+005  0.531269805350829E+000 
      2.80000000 -0.233373075585540E+005  0.540333106780386E+000 
      2.82000000 -0.233372985042292E+005  0.549387431653791E+000 
      2.84000000 -0.233372894628728E+005  0.558428788029448E+000 
      2.86000000 -0.233372804385169E+005  0.567453143910130E+000 
      2.88000000 -0.233372714352346E+005  0.576456426188080E+000 
      2.90000000 -0.233372624571407E+005  0.585434520103626E+000 
      2.92000000 -0.233372535083918E+005  0.594383269068851E+000 
      2.94000000 -0.233372445931862E+005  0.603298474571692E+000 
      2.96000000 -0.233372357157640E+005  0.612175896841059E+000 
      2.98000000 -0.233372268804049E+005  0.621011255945054E+000 
      3.00000000 -0.233372180914268E+005  0.629800233996692E+000 
      3.02000000 -0.233372093531834E+005  0.638538477430771E+000 
      3.04000000 -0.233372006700602E+005  0.647221600669761E+000 
      3.06000000 -0.233371920464709E+005  0.655845189935093E+000 
      3.08000000 -0.233371834868527E+005  0.664404808085507E+000 
      3.10000000 -0.233371749956609E+005  0.672895999885415E+000 
      3.12000000 -0.233371665773629E+005  0.681314297941477E+000 
      3.14000000 -0.233371582364321E+005  0.689655228741255E+000 
      3.16000000 -0.233371499773416E+005  0.697914319258007E+000 
      3.18000000 -0.233371418045571E+005  0.706087103765826E+000 
      3.20000000 -0.233371337225300E+005  0.714169130824945E+000 
      3.22000000 -0.233371257356903E+005  0.722155970551633E+000 
      3.24000000 -0.233371178484388E+005  0.730043221999476E+000 
      3.26000000 -0.233371100651399E+005  0.737826520961369E+000 
      3.28000000 -0.233371023901135E+005  0.745501547369355E+000 
      3.30000000 -0.233370948276275E+005  0.753064033362671E+000 
      3.32000000 -0.233370873818898E+005  0.760509771064998E+000 
      3.34000000 -0.233370800570403E+005  0.767834620522580E+000 
      3.36000000 -0.233370728571433E+005  0.775034517527876E+000 
      3.38000000 -0.233370657861792E+005  0.782105481591707E+000 
      3.40000000 -0.233370588480374E+005  0.789043623404965E+000 
      3.42000000 -0.233370520465085E+005  0.795845152294125E+000 
      3.44000000 -0.233370453852775E+005  0.802506383274607E+000 
      3.46000000 -0.233370388679172E+005  0.809023743671023E+000 
      3.48000000 -0.233370324978817E+005  0.815393779134187E+000 
      3.50000000 -0.233370262785014E+005  0.821613159441569E+000 
      3.52000000 -0.233370202129774E+005  0.827678683409894E+000 
      3.54000000 -0.233370143043773E+005  0.833587283516946E+000 
      3.56000000 -0.233370085556311E+005  0.839336029728319E+000 
      3.58000000 -0.233370029695277E+005  0.844922133095251E+000 
      3.60000000 -0.233369975487123E+005  0.850342948504811E+000 
      3.62000000 -0.233369922956840E+005  0.855595976839212E+000 
      3.64000000 -0.233369872127939E+005  0.860678866881460E+000 
      3.66000000 -0.233369823022446E+005  0.865589416258892E+000 
      3.68000000 -0.233369775660887E+005  0.870325572074262E+000 
      3.70000000 -0.233369730062299E+005  0.874885430970715E+000 
      3.72000000 -0.233369686244225E+005  0.879267238290324E+000 
      3.74000000 -0.233369644222738E+005  0.883469387068684E+000 
      3.76000000 -0.233369604012446E+005  0.887490416253012E+000 
      3.78000000 -0.233369565626523E+005  0.891329008474769E+000 
      3.80000000 -0.233369529076735E+005  0.894983987324222E+000 
      3.82000000 -0.233369494373465E+005  0.898454314272332E+000 
      3.84000000 -0.233369461525755E+005  0.901739085311135E+000 
      3.86000000 -0.233369430541335E+005  0.904837527352817E+000 
      3.88000000 -0.233369401426661E+005  0.907748994740158E+000 
      3.90000000 -0.233369374186952E+005  0.910472965639423E+000 
      3.92000000 -0.233369348826225E+005  0.913009038294045E+000 
      3.94000000 -0.233369325347329E+005  0.915356927952697E+000 
      3.96000000 -0.233369303751972E+005  0.917516463605574E+000 
      3.98000000 -0.233369284040755E+005  0.919487585277513E+000 
      4.00000000 -0.233369266213192E+005  0.921270341580970E+000 
      4.02000000 -0.233369250267732E+005  0.922864887652612E+000 
      4.04000000 -0.233369236201771E+005  0.924271483755014E+000 
      4.06000000 -0.233369224011668E+005  0.925490493977360E+000 
      4.08000000 -0.233369213692750E+005  0.926522385817809E+000 
      4.10000000 -0.233369205239307E+005  0.927367730155654E+000 
      4.12000000 -0.233369198644590E+005  0.928027201857662E+000 
      4.14000000 -0.233369193900796E+005  0.928501581213493E+000 
      4.16000000 -0.233369190999052E+005  0.928791755652637E+000 
      4.18000000 -0.233369189929386E+005  0.928898722216180E+000 
      4.20000000 -0.233369190680705E+005  0.928823590371956E+000 
      4.22000000 -0.233369193240753E+005  0.928567585501012E+000 
      4.24000000 -0.233369197596084E+005  0.928132052402630E+000 
      4.26000000 -0.233369203732016E+005  0.927518459241723E+000 
      4.28000000 -0.233369211632591E+005  0.926728401691145E+000 
      4.30000000 -0.233369221280536E+005  0.925763607216283E+000 
      4.32000000 -0.233369232657216E+005  0.924625939189523E+000 
      4.34000000 -0.233369245742596E+005  0.923317401227436E+000 
      4.36000000 -0.233369260515195E+005  0.921840141292867E+000 
      4.38000000 -0.233369276952053E+005  0.920196455527872E+000 
      4.40000000 -0.233369295028688E+005  0.918388792049536E+000 
      4.42000000 -0.233369314719066E+005  0.916419754176575E+000 
      4.44000000 -0.233369335995575E+005  0.914292103275426E+000 
      4.46000000 -0.233369358828998E+005  0.912008760984526E+000 
      4.48000000 -0.233369383188499E+005  0.909572810949814E+000 
      4.50000000 -0.233369409041612E+005  0.906987499601209E+000 
      4.52000000 -0.233369436354245E+005  0.904256236288739E+000 
      4.54000000 -0.233369465090681E+005  0.901382592756623E+000 
      4.56000000 -0.233369495213594E+005  0.898370301463465E+000 
      4.58000000 -0.233369526684076E+005  0.895223253231133E+000 
      4.60000000 -0.233369559461670E+005  0.891945493863484E+000 
      4.62000000 -0.233369593504408E+005  0.888541220034995E+000 
      4.64000000 -0.233369628768867E+005  0.885014774121402E+000 
      4.66000000 -0.233369665210224E+005  0.881370638451833E+000 
      4.68000000 -0.233369702782320E+005  0.877613428775178E+000 
      4.70000000 -0.233369741437739E+005  0.873747886912838E+000 
      4.72000000 -0.233369781127877E+005  0.869778873160910E+000 
      4.74000000 -0.233369821803030E+005  0.865711357863279E+000 
      4.76000000 -0.233369863412481E+005  0.861550412678456E+000 
      4.78000000 -0.233369905904593E+005  0.857301201484460E+000 
      4.80000000 -0.233369949226899E+005  0.852968970946509E+000 
      4.82000000 -0.233369993326198E+005  0.848559041019734E+000 
      4.84000000 -0.233370038148660E+005  0.844076794805348E+000 
      4.86000000 -0.233370083639918E+005  0.839527669044083E+000 
      4.88000000 -0.233370129745165E+005  0.834917144284805E+000 
      4.90000000 -0.233370176409253E+005  0.830250735495511E+000 
      4.92000000 -0.233370223576778E+005  0.825533982999149E+000 
      4.94000000 -0.233370271192170E+005  0.820772443820884E+000 
      4.96000000 -0.233370319199771E+005  0.815971683746892E+000 
      4.98000000 -0.233370367543909E+005  0.811137269943082E+000 
      5.00000000 -0.233370416168965E+005  0.806274764337939E+000 
      5.02000000 -0.233370465019429E+005  0.801389717899406E+000 
      5.04000000 -0.233370514039952E+005  0.796487665598546E+000 
      5.06000000 -0.233370563175384E+005  0.791574122421915E+000 
      5.08000000 -0.233370612370810E+005  0.786654579804675E+000 
      5.10000000 -0.233370661571577E+005  0.781734503165011E+000 
      5.12000000 -0.233370710723307E+005  0.776819330072733E+000 
      5.14000000 -0.233370759771920E+005  0.771914468816952E+000 
      5.16000000 -0.233370808663632E+005  0.767025297576999E+000 
      5.18000000 -0.233370857344968E+005  0.762157163995517E+000 
      5.20000000 -0.233370905762759E+005  0.757315384958809E+000 
      5.22000000 -0.233370953864145E+005  0.752505246361734E+000 
      5.24000000 -0.233371001596578E+005  0.747732003067483E+000 
      5.26000000 -0.233371048907822E+005  0.743000878641540E+000 
      5.28000000 -0.233371095745961E+005  0.738317064754613E+000 
      5.30000000 -0.233371142059404E+005  0.733685720393779E+000 
      5.32000000 -0.233371187796904E+005  0.729111970405406E+000 
      5.34000000 -0.233371232907570E+005  0.724600903821529E+000 
      5.36000000 -0.233371277340895E+005  0.720157571313836E+000 
      5.38000000 -0.233371321046786E+005  0.715786982230023E+000 
      5.40000000 -0.233371363975598E+005  0.711494101048556E+000 
      5.42000000 -0.233371406078180E+005  0.707283842849672E+000 
      5.44000000 -0.233371447305921E+005  0.703161068767828E+000 
      5.46000000 -0.233371487610804E+005  0.699130580441818E+000 
      5.48000000 -0.233371526945467E+005  0.695197114087484E+000 
      5.50000000 -0.233371565263262E+005  0.691365334626111E+000 
      5.52000000 -0.233371602518320E+005  0.687639828847618E+000 
      5.54000000 -0.233371638665618E+005  0.684025099050170E+000 
      5.56000000 -0.233371673661046E+005  0.680525556265239E+000 
      5.58000000 -0.233371707461473E+005  0.677145513495057E+000 
      5.60000000 -0.233371740024815E+005  0.673889179342931E+000 
      5.62000000 -0.233371771310092E+005  0.670760651600267E+000 
      5.64000000 -0.233371801277494E+005  0.667763911399706E+000 
      5.66000000 -0.233371829888433E+005  0.664902817507480E+000 
      5.68000000 -0.233371857105595E+005  0.662181101283973E+000 
      5.70000000 -0.233371882892987E+005  0.659602362111417E+000 
      5.72000000 -0.233371907215975E+005  0.657170063313461E+000 
      5.74000000 -0.233371930041321E+005  0.654887528770806E+000 
      5.76000000 -0.233371951337206E+005  0.652757940229786E+000 
      5.78000000 -0.233371971073258E+005  0.650784335028594E+000 
      5.80000000 -0.233371989220561E+005  0.648969604689702E+000 
      5.82000000 -0.233372005751669E+005  0.647316493908265E+000 
      5.84000000 -0.233372020640605E+005  0.645827600363408E+000 
      5.86000000 -0.233372033862860E+005  0.644505374832693E+000 
      5.88000000 -0.233372045395387E+005  0.643352122101629E+000 
      5.90000000 -0.233372055216588E+005  0.642370002012391E+000 
      5.92000000 -0.233372063306296E+005  0.641561031208603E+000 
      5.94000000 -0.233372069645760E+005  0.640927084858454E+000 
      5.96000000 -0.233372074217619E+005  0.640469898934670E+000 
      5.98000000 -0.233372077005884E+005  0.640191072460445E+000 
      6.00000000 -0.233372077995907E+005  0.640092070160638E+000 
      6.02000000 -0.233372077174361E+005  0.640174224732458E+000 
      6.04000000 -0.233372074529211E+005  0.640438739676086E+000 
      6.06000000 -0.233372070049692E+005  0.640886691617952E+000 
      6.08000000 -0.233372063726280E+005  0.641519032835093E+000 
      6.10000000 -0.233372055550672E+005  0.642336593640298E+000 
      6.12000000 -0.233372045515763E+005  0.643340084556894E+000 
      6.14000000 -0.233372033615625E+005  0.644530098323384E+000 
      6.16000000 -0.233372019845490E+005  0.645907111864056E+000 
      6.18000000 -0.233372004201729E+005  0.647471487937854E+000 
      6.20000000 -0.233371986681843E+005  0.649223476511933E+000 
      6.22000000 -0.233371967284446E+005  0.651163216203260E+000 
      6.24000000 -0.233371946009256E+005  0.653290735225251E+000 
      6.26000000 -0.233371922857084E+005  0.655605952430305E+000 
      6.28000000 -0.233371897829830E+005  0.658108677829528E+000 
      6.30000000 -0.233371870930474E+005  0.660798613412524E+000 
      6.32000000 -0.233371842163074E+005  0.663675353428918E+000 
      6.34000000 -0.233371811532760E+005  0.666738384821452E+000 
      6.36000000 -0.233371779045733E+005  0.669987087516784E+000 
      6.38000000 -0.233371744709262E+005  0.673420734620379E+000 
      6.40000000 -0.233371708531681E+005  0.677038492682561E+000 
      6.42000000 -0.233371670522389E+005  0.680839421874845E+000 
      6.44000000 -0.233371630691846E+005  0.684822476218863E+000 
      6.46000000 -0.233371589051569E+005  0.688986503935935E+000 
      6.48000000 -0.233371545614132E+005  0.693330247645061E+000 
      6.50000000 -0.233371500393160E+005  0.697852344839331E+000 
      6.52000000 -0.233371453403326E+005  0.702551328254059E+000 
      6.54000000 -0.233371404660344E+005  0.707425626386505E+000 
      6.56000000 -0.233371354180967E+005  0.712473564126967E+000 
      6.58000000 -0.233371301982975E+005  0.717693363297057E+000 
      6.60000000 -0.233371248085174E+005  0.723083143444758E+000 
      6.62000000 -0.233371192507381E+005  0.728640922676589E+000 
      6.64000000 -0.233371135270424E+005  0.734364618461939E+000 
      6.66000000 -0.233371076396121E+005  0.740252048768408E+000 
      6.68000000 -0.233371015907278E+005  0.746300933017723E+000 
      6.70000000 -0.233370953827675E+005  0.752508893289139E+000 
      6.72000000 -0.233370890182053E+005  0.758873455488809E+000 
      6.74000000 -0.233370824996103E+005  0.765392050565563E+000 
      6.76000000 -0.233370758296450E+005  0.772062015834954E+000 
      6.78000000 -0.233370690110645E+005  0.778880596294032E+000 
      6.80000000 -0.233370620467148E+005  0.785844946007266E+000 
      6.82000000 -0.233370549395314E+005  0.792952129427498E+000 
      6.84000000 -0.233370476925380E+005  0.800199122871581E+000 
      6.86000000 -0.233370403088450E+005  0.807582815819681E+000 
      6.88000000 -0.233370327916484E+005  0.815100012437318E+000 
      6.90000000 -0.233370251442278E+005  0.822747433063372E+000 
      6.92000000 -0.233370173699452E+005  0.830521715592914E+000 
      6.94000000 -0.233370094722437E+005  0.838419417104431E+000 
      6.96000000 -0.233370014546457E+005  0.846437015109623E+000 
      6.98000000 -0.233369933207516E+005  0.854570909217753E+000 
      7.00000000 -0.233369850742384E+005  0.862817422425668E+000 
      7.02000000 -0.233369767188582E+005  0.871172802574868E+000 
      7.04000000 -0.233369682584373E+005  0.879633223554915E+000 
      7.06000000 -0.233369596968742E+005  0.888194786667695E+000 
      7.08000000 -0.233369510381392E+005  0.896853521651392E+000 
      7.10000000 -0.233369422862731E+005  0.905605387766335E+000 
      7.12000000 -0.233369334453859E+005  0.914446274911781E+000 
      7.14000000 -0.233369245196564E+005  0.923372004427144E+000 
      7.16000000 -0.233369155133308E+005  0.932378329995327E+000 
      7.18000000 -0.233369064307224E+005  0.941460938382083E+000 
      7.20000000 -0.233368972762105E+005  0.950615450292937E+000 
      7.22000000 -0.233368880542398E+005  0.959837421047584E+000 
      7.24000000 -0.233368787693195E+005  0.969122341291413E+000 
      7.26000000 -0.233368694260230E+005  0.978465637802929E+000 
      7.28000000 -0.233368600289865E+005  0.987862674332114E+000 
      7.30000000 -0.233368505829084E+005  0.997308752448068E+000 
      7.32000000 -0.233368410925482E+005  0.100679911257844E+001 
      7.34000000 -0.233368315627256E+005  0.101632893520977E+001 
      7.36000000 -0.233368219983185E+005  0.102589334229499E+001 
      7.38000000 -0.233368124042620E+005  0.103548739884054E+001 
      7.40000000 -0.233368027855459E+005  0.104510611490781E+001 
      7.42000000 -0.233367931472130E+005  0.105474444781272E+001 
      7.44000000 -0.233367834943562E+005  0.106439730464081E+001 
      7.46000000 -0.233367738321155E+005  0.107405954528818E+001 
      7.48000000 -0.233367641656751E+005  0.108372598571907E+001 
      7.50000000 -0.233367545002591E+005  0.109339140170598E+001 
      7.52000000 -0.233367448411279E+005  0.110305053288224E+001 
      7.54000000 -0.233367351935734E+005  0.111269808746901E+001 
      7.56000000 -0.233367255629137E+005  0.112232874713838E+001 
      7.58000000 -0.233367159544884E+005  0.113193717238691E+001 
      7.60000000 -0.233367063736522E+005  0.114151800862688E+001 
      7.62000000 -0.233366968257685E+005  0.115106589231466E+001 
      7.64000000 -0.233366873162031E+005  0.116057545769163E+001 
      7.66000000 -0.233366778503169E+005  0.117004134390249E+001 
      7.68000000 -0.233366684334586E+005  0.117945820224350E+001 
      7.70000000 -0.233366590709570E+005  0.118882070385622E+001 
      7.72000000 -0.233366497681131E+005  0.119812354773366E+001 
      7.74000000 -0.233366405301920E+005  0.120736146883477E+001 
      7.76000000 -0.233366313624144E+005  0.121652924641850E+001 
      7.78000000 -0.233366222699484E+005  0.122562171241813E+001 
      7.80000000 -0.233366132579009E+005  0.123463375989291E+001 
      7.82000000 -0.233366043313094E+005  0.124356035143332E+001 
      7.84000000 -0.233365954951331E+005  0.125239652772406E+001 
      7.86000000 -0.233365867542454E+005  0.126113741538012E+001 
      7.88000000 -0.233365781134254E+005  0.126977823540768E+001 
      7.90000000 -0.233365695773501E+005  0.127831431073699E+001 
      7.92000000 -0.233365611505873E+005  0.128674107354794E+001 
      7.94000000 -0.233365528375883E+005  0.129505407249356E+001 
      7.96000000 -0.233365446426817E+005  0.130324897912850E+001 
      7.98000000 -0.233365365700667E+005  0.131132159412089E+001 
      8.00000000 -0.233365286238079E+005  0.131926785291670E+001 
      8.02000000 -0.233365208078301E+005  0.132708383070496E+001 
      8.04000000 -0.233365131259138E+005  0.133476574704569E+001 
      8.06000000 -0.233365055816910E+005  0.134230996979258E+001 
      8.08000000 -0.233364981786423E+005  0.134971301855782E+001 
      8.10000000 -0.233364909200935E+005  0.135697156735400E+001 
      8.12000000 -0.233364838092137E+005  0.136408244708130E+001 
      8.14000000 -0.233364768490138E+005  0.137104264705270E+001 
      8.16000000 -0.233364700423445E+005  0.137784931635820E+001 
      8.18000000 -0.233364633918961E+005  0.138449976473102E+001 
      8.20000000 -0.233364569001981E+005  0.139099146274252E+001 
      8.22000000 -0.233364505696187E+005  0.139732204213319E+001 
      8.24000000 -0.233364444023655E+005  0.140348929529295E+001 
      8.26000000 -0.233364384004860E+005  0.140949117484348E+001 
      8.28000000 -0.233364325658680E+005  0.141532579280920E+001 
      8.30000000 -0.233364269002409E+005  0.142099141993971E+001 
      8.32000000 -0.233364214051765E+005  0.142648648431775E+001 
      8.34000000 -0.233364160820905E+005  0.143180957037229E+001 
      8.36000000 -0.233364109322435E+005  0.143695941735960E+001 
      8.38000000 -0.233364059567430E+005  0.144193491778246E+001 
      8.40000000 -0.233364011565452E+005  0.144673511559587E+001 
      8.42000000 -0.233363965324561E+005  0.145135920468188E+001 
      8.44000000 -0.233363920851341E+005  0.145580652675840E+001 
      8.46000000 -0.233363878150914E+005  0.146007656938378E+001 
      8.48000000 -0.233363837226969E+005  0.146416896389655E+001 
      8.50000000 -0.233363798081778E+005  0.146808348302402E+001 
      8.52000000 -0.233363760716224E+005  0.147182003846315E+001 
      8.54000000 -0.233363725129826E+005  0.147537867822933E+001 
      8.56000000 -0.233363691320769E+005  0.147875958394335E+001 
      8.58000000 -0.233363659285929E+005  0.148196306789244E+001 
      8.60000000 -0.233363629020908E+005  0.148498957005432E+001 
      8.62000000 -0.233363600520061E+005  0.148783965470348E+001 
      8.64000000 -0.233363573776535E+005  0.149051400730530E+001 
      8.66000000 -0.233363548782299E+005  0.149301343093670E+001 
      8.68000000 -0.233363525528179E+005  0.149533884293898E+001 
      8.70000000 -0.233363504003893E+005  0.149749127150553E+001 
      8.72000000 -0.233363484198087E+005  0.149947185212116E+001 
      8.74000000 -0.233363466098367E+005  0.150128182410348E+001 
      8.76000000 -0.233363449691335E+005  0.150292252727731E+001 
      8.78000000 -0.233363434962620E+005  0.150439539884394E+001 
      8.80000000 -0.233363421896904E+005  0.150570197042993E+001 
      8.82000000 -0.233363410477955E+005  0.150684386536778E+001 
      8.84000000 -0.233363400688644E+005  0.150782279644078E+001 
      8.86000000 -0.233363392510972E+005  0.150864056360299E+001 
      8.88000000 -0.233363385926082E+005  0.150929905259645E+001 
      8.90000000 -0.233363380914271E+005  0.150980023368589E+001 
      8.92000000 -0.233363377455000E+005  0.151014616084202E+001 
      8.94000000 -0.233363375526894E+005  0.151033897141362E+001 
      8.96000000 -0.233363375107745E+005  0.151038088630078E+001 
      8.98000000 -0.233363376174505E+005  0.151027421033852E+001 
      9.00000000 -0.233363378703277E+005  0.151002133311345E+001 
      9.02000000 -0.233363382669308E+005  0.150962473007131E+001 
      9.04000000 -0.233363388046971E+005  0.150908696373892E+001 
      9.06000000 -0.233363394809759E+005  0.150841068492758E+001 
      9.08000000 -0.233363402930266E+005  0.150759863420562E+001 
      9.10000000 -0.233363412380179E+005  0.150665364290688E+001 
      9.12000000 -0.233363423130269E+005  0.150557863394126E+001 
      9.14000000 -0.233363435150386E+005  0.150437662225875E+001 
      9.16000000 -0.233363448409463E+005  0.150305071456479E+001 
      9.18000000 -0.233363462875523E+005  0.150160410855621E+001 
      9.20000000 -0.233363478515694E+005  0.150004009139604E+001 
      9.22000000 -0.233363495296236E+005  0.149836203719229E+001 
      9.24000000 -0.233363513182570E+005  0.149657340379607E+001 
      9.26000000 -0.233363532139322E+005  0.149467772865932E+001 
      9.28000000 -0.233363552130373E+005  0.149267862352309E+001 
      9.30000000 -0.233363573118923E+005  0.149057976853980E+001 
      9.32000000 -0.233363595067555E+005  0.148838490535289E+001 
      9.34000000 -0.233363617938313E+005  0.148609782955158E+001 
      9.36000000 -0.233363641692784E+005  0.148372238242337E+001 
      9.38000000 -0.233363666292188E+005  0.148126244200440E+001 
      9.40000000 -0.233363691697471E+005  0.147872191376462E+001 
      9.42000000 -0.233363717869400E+005  0.147610472079499E+001 
      9.44000000 -0.233363744768665E+005  0.147341479433185E+001 
      9.46000000 -0.233363772355971E+005  0.147065606374305E+001 
      9.48000000 -0.233363800592138E+005  0.146783244704917E+001 
      9.50000000 -0.233363829438192E+005  0.146494784163046E+001 
      9.52000000 -0.233363858855453E+005  0.146200611553697E+001 
      9.54000000 -0.233363888805616E+005  0.145901109926584E+001 
      9.56000000 -0.233363919250824E+005  0.145596657840475E+001 
      9.58000000 -0.233363950153740E+005  0.145287628679204E+001 
      9.60000000 -0.233363981477597E+005  0.144974390109985E+001 
      9.62000000 -0.233364013186251E+005  0.144657303572663E+001 
      9.64000000 -0.233364045244218E+005  0.144336723899823E+001 
      9.66000000 -0.233364077616706E+005  0.144012999023518E+001 
      9.68000000 -0.233364110269631E+005  0.143686469770166E+001 
      9.70000000 -0.233364143169635E+005  0.143357469734332E+001 
      9.72000000 -0.233364176284083E+005  0.143026325254289E+001 
      9.74000000 -0.233364209581064E+005  0.142693355441713E+001 
      9.76000000 -0.233364243029379E+005  0.142358872296769E+001 
      9.78000000 -0.233364276598523E+005  0.142023180848557E+001 
      9.80000000 -0.233364310258670E+005  0.141686579380324E+001 
      9.82000000 -0.233364343980643E+005  0.141349359654368E+001 
      9.84000000 -0.233364377735891E+005  0.141011807175919E+001 
      9.86000000 -0.233364411496461E+005  0.140674201475892E+001 
      9.88000000 -0.233364445234972E+005  0.140336816364252E+001 
      9.90000000 -0.233364478924587E+005  0.139999920207199E+001 
      9.92000000 -0.233364512538991E+005  0.139663776167843E+001 
      9.94000000 -0.233364546052366E+005  0.139328642426167E+001 
      9.96000000 -0.233364579439373E+005  0.138994772349472E+001 
      9.98000000 -0.233364612675144E+005  0.138662414639950E+001 
     10.00000000 -0.233364645735267E+005  0.138331813416656E+001 
     10.02000000 -0.233364678595783E+005  0.138003208251090E+001 
     10.04000000 -0.233364711233194E+005  0.137676834137497E+001 
     10.06000000 -0.233364743624467E+005  0.137352921413051E+001 
     10.08000000 -0.233364775747046E+005  0.137031695625142E+001 
     10.10000000 -0.233364807578876E+005  0.136713377319466E+001 
     10.12000000 -0.233364839098427E+005  0.136398181814813E+001 
     10.14000000 -0.233364870284719E+005  0.136086318890923E+001 
     10.16000000 -0.233364901117363E+005  0.135777992448814E+001 
     10.18000000 -0.233364931576592E+005  0.135473400159971E+001 
     10.20000000 -0.233364961643301E+005  0.135172733071909E+001 
     10.22000000 -0.233364991299089E+005  0.134876175189622E+001 
     10.24000000 -0.233365020526301E+005  0.134583903074954E+001 
     10.26000000 -0.233365049308064E+005  0.134296085442279E+001 
     10.28000000 -0.233365077628333E+005  0.134012882750758E+001 
     10.30000000 -0.233365105471923E+005  0.133734446856320E+001 
     10.32000000 -0.233365132824543E+005  0.133460920655276E+001 
     10.34000000 -0.233365159672829E+005  0.133192437796620E+001 
     10.36000000 -0.233365186004367E+005  0.132929122415669E+001 
     10.38000000 -0.233365211807716E+005  0.132671088926798E+001 
     10.40000000 -0.233365237072421E+005  0.132418441875869E+001 
     10.42000000 -0.233365261789026E+005  0.132171275826707E+001 
     10.44000000 -0.233365285949077E+005  0.131929675310356E+001 
     10.46000000 -0.233365309545125E+005  0.131693714831269E+001 
     10.48000000 -0.233365332570717E+005  0.131463458912170E+001 
     10.50000000 -0.233365355020390E+005  0.131238962185614E+001 
     10.52000000 -0.233365376889655E+005  0.131020269529805E+001 
     10.54000000 -0.233365398174986E+005  0.130807416218008E+001 
     10.56000000 -0.233365418873794E+005  0.130600428139128E+001 
     10.58000000 -0.233365438984409E+005  0.130399321992907E+001 
     10.60000000 -0.233365458506053E+005  0.130204105547625E+001 
     10.62000000 -0.233365477438820E+005  0.130014777884799E+001 
     10.64000000 -0.233365495783641E+005  0.129831329670490E+001 
     10.66000000 -0.233365513542265E+005  0.129653743433108E+001 
     10.68000000 -0.233365530717225E+005  0.129481993830695E+001 
     10.70000000 -0.233365547311812E+005  0.129316047961209E+001 
     10.72000000 -0.233365563330046E+005  0.129155865618677E+001 
     10.74000000 -0.233365578776647E+005  0.129001399614614E+001 
     10.76000000 -0.233365593657002E+005  0.128852596063561E+001 
     10.78000000 -0.233365607977141E+005  0.128709394673263E+001 
     10.80000000 -0.233365621743703E+005  0.128571729054952E+001 
     10.82000000 -0.233365634963906E+005  0.128439527025284E+001 
     10.84000000 -0.233365647645519E+005  0.128312710894659E+001 
     10.86000000 -0.233365659796828E+005  0.128191197801636E+001 
     10.88000000 -0.233365671426609E+005  0.128074899992281E+001 
     10.90000000 -0.233365682544094E+005  0.127963725138500E+001 
     10.92000000 -0.233365693158944E+005  0.127857576645538E+001 
     10.94000000 -0.233365703281213E+005  0.127756353950200E+001 
     10.96000000 -0.233365712921326E+005  0.127659952821239E+001 
     10.98000000 -0.233365722090042E+005  0.127568265662213E+001 
     11.00000000 -0.233365730798429E+005  0.127481181788985E+001 
     11.02000000 -0.233365739057836E+005  0.127398587727008E+001 
     11.04000000 -0.233365746879860E+005  0.127320367477690E+001 
     11.06000000 -0.233365754276330E+005  0.127246402779795E+001 
     11.08000000 -0.233365761259269E+005  0.127176573391889E+001 
     11.10000000 -0.233365767840877E+005  0.127110757316625E+001 
     11.12000000 -0.233365774033504E+005  0.127048831043897E+001 
     11.14000000 -0.233365779849628E+005  0.126990669798634E+001 
     11.16000000 -0.233365785301834E+005  0.126936147740030E+001 
     11.18000000 -0.233365790402789E+005  0.126885138197272E+001 
     11.20000000 -0.233365795165222E+005  0.126837513863507E+001 
     11.22000000 -0.233365799601907E+005  0.126793147007444E+001 
     11.24000000 -0.233365803725641E+005  0.126751909669485E+001 
     11.26000000 -0.233365807549223E+005  0.126713673856314E+001 
     11.28000000 -0.233365811085435E+005  0.126678311734552E+001 
     11.30000000 -0.233365814347026E+005  0.126645695823177E+001 
     11.32000000 -0.233365817346690E+005  0.126615699179450E+001 
     11.34000000 -0.233365820097049E+005  0.126588195596287E+001 
     11.36000000 -0.233365822610630E+005  0.126563059785701E+001 
     11.38000000 -0.233365824899851E+005  0.126540167574014E+001 
     11.40000000 -0.233365826977000E+005  0.126519396083757E+001 
     11.42000000 -0.233365828854214E+005  0.126500623942484E+001 
     11.44000000 -0.233365830543462E+005  0.126483731466225E+001 
     11.46000000 -0.233365832056522E+005  0.126468600858398E+001 
     11.48000000 -0.233365833404968E+005  0.126455116405638E+001 
     11.50000000 -0.233365834600140E+005  0.126443164680113E+001 
     11.52000000 -0.233365835653135E+005  0.126432634730709E+001 
     11.54000000 -0.233365836574780E+005  0.126423418286894E+001 
     11.56000000 -0.233365837375613E+005  0.126415409950215E+001 
     11.58000000 -0.233365838065869E+005  0.126408507388879E+001 
     11.60000000 -0.233365838655454E+005  0.126402611540385E+001 
     11.62000000 -0.233365839153929E+005  0.126397626793427E+001 
     11.64000000 -0.233365839570490E+005  0.126393461178145E+001 
     11.66000000 -0.233365839913953E+005  0.126390026554529E+001 
     11.68000000 -0.233365840192729E+005  0.126387238792462E+001 
     11.70000000 -0.233365840414814E+005  0.126385017946198E+001 
     11.72000000 -0.233365840587766E+005  0.126383288426055E+001 
     11.74000000 -0.233365840718691E+005  0.126381979174442E+001 
     11.76000000 -0.233365840814226E+005  0.126381023818060E+001 
     11.78000000 -0.233365840880525E+005  0.126380360829698E+001 
     11.80000000 -0.233365840923241E+005  0.126379933675486E+001 
     11.82000000 -0.233365840947512E+005  0.126379690960294E+001 
     11.84000000 -0.233365840957952E+005  0.126379586564777E+001 
     11.86000000 -0.233365840958631E+005  0.126379579774687E+001 
     11.88000000 -0.233365840953068E+005  0.126379635404614E+001 
     11.90000000 -0.233365840944218E+005  0.126379723903479E+001 
     11.92000000 -0.233365840934461E+005  0.126379821468689E+001 
     11.94000000 -0.233365840925594E+005  0.126379910141105E+001 
     11.96000000 -0.233365840918820E+005  0.126379977886404E+001 
     11.98000000 -0.233365840914741E+005  0.126380018674280E+001 
     12.00000000 -0.233365840913353E+005  0.126380032553919E+001 
     12.02000000 -0.233365840913259E+005  0.126380033494367E+001 
     12.04000000 -0.233365840913172E+005  0.126380034366136E+001 
     12.06000000 -0.233365840913085E+005  0.126380035228007E+001 
     12.08000000 -0.233365840912999E+005  0.126380036094208E+001 
     12.10000000 -0.233365840912911E+005  0.126380036968453E+001 
     12.12000000 -0.233365840912823E+005  0.126380037855072E+001 
     12.14000000 -0.233365840912733E+005  0.126380038752518E+001 
     12.16000000 -0.233365840912642E+005  0.126380039664814E+001 
     12.18000000 -0.233365840912549E+005  0.126380040587937E+001 
     12.20000000 -0.233365840912456E+005  0.126380041524053E+001 
     12.22000000 -0.233365840912361E+005  0.126380042467285E+001 
     12.24000000 -0.233365840912266E+005  0.126380043420416E+001 
     12.26000000 -0.233365840912170E+005  0.126380044378806E+001 
     12.28000000 -0.233365840912074E+005  0.126380045343383E+001 
     12.30000000 -0.233365840911977E+005  0.126380046310435E+001 
     12.32000000 -0.233365840911881E+005  0.126380047276249E+001 
     12.34000000 -0.233365840911784E+005  0.126380048242373E+001 
     12.36000000 -0.233365840911688E+005  0.126380049203547E+001 
     12.38000000 -0.233365840911592E+005  0.126380050161628E+001 
     12.40000000 -0.233365840911497E+005  0.126380051114759E+001 
     12.42000000 -0.233365840911402E+005  0.126380052062630E+001 
     12.44000000 -0.233365840911308E+005  0.126380053002459E+001 
     12.46000000 -0.233365840911215E+005  0.126380053936410E+001 
     12.48000000 -0.233365840911122E+005  0.126380054865101E+001 
     12.50000000 -0.233365840911029E+005  0.126380055788224E+001 
     12.52000000 -0.233365840910938E+005  0.126380056706088E+001 
     12.54000000 -0.233365840910847E+005  0.126380057616219E+001 
     12.56000000 -0.233365840910756E+005  0.126380058522636E+001 
     12.58000000 -0.233365840910666E+005  0.126380059421011E+001 
     12.60000000 -0.233365840910577E+005  0.126380060316911E+001 
     12.62000000 -0.233365840910488E+005  0.126380061204767E+001 
     12.64000000 -0.233365840910399E+005  0.126380062087674E+001 
     12.66000000 -0.233365840910312E+005  0.126380062963775E+001 
     12.68000000 -0.233365840910225E+005  0.126380063833998E+001 
     12.70000000 -0.233365840910138E+005  0.126380064699271E+001 
     12.72000000 -0.233365840910052E+005  0.126380065557429E+001 
     12.74000000 -0.233365840909967E+005  0.126380066410637E+001 
     12.76000000 -0.233365840909882E+005  0.126380067258277E+001 
     12.78000000 -0.233365840909798E+005  0.126380068101895E+001 
     12.80000000 -0.233365840909714E+005  0.126380068937780E+001 
     12.82000000 -0.233365840909631E+005  0.126380069770571E+001 
     12.84000000 -0.233365840909549E+005  0.126380070595937E+001 
     12.86000000 -0.233365840909467E+005  0.126380071416353E+001 
     12.88000000 -0.233365840909385E+005  0.126380072233367E+001 
     12.90000000 -0.233365840909304E+005  0.126380073044812E+001 
     12.92000000 -0.233365840909223E+005  0.126380073851926E+001 
     12.94000000 -0.233365840909143E+005  0.126380074652543E+001 
     12.96000000 -0.233365840909063E+005  0.126380075450686E+001 
     12.98000000 -0.233365840908984E+005  0.126380076242642E+001 
     13.00000000 -0.233365840908905E+005  0.126380077033050E+001 
     13.02000000 -0.233365840908826E+005  0.126380077818819E+001 
     13.04000000 -0.233365840908748E+005  0.126380078601184E+001 
     13.06000000 -0.233365840908670E+005  0.126380079381384E+001 
     13.08000000 -0.233365840908592E+005  0.126380080160347E+001 
     13.10000000 -0.233365840908514E+005  0.126380080937453E+001 
     13.12000000 -0.233365840908437E+005  0.126380081715178E+001 
     13.14000000 -0.233365840908359E+005  0.126380082493212E+001 
     13.16000000 -0.233365840908281E+005  0.126380083272484E+001 
     13.18000000 -0.233365840908203E+005  0.126380084054231E+001 
     13.20000000 -0.233365840908124E+005  0.126380084839690E+001 
     13.22000000 -0.233365840908045E+005  0.126380085628243E+001 
     13.24000000 -0.233365840907966E+005  0.126380086422054E+001 
     13.26000000 -0.233365840907886E+005  0.126380087222363E+001 
     13.28000000 -0.233365840907805E+005  0.126380088027930E+001 
     13.30000000 -0.233365840907724E+005  0.126380088841231E+001 
     13.32000000 -0.233365840907642E+005  0.126380089661338E+001 
     13.34000000 -0.233365840907559E+005  0.126380090490417E+001 
     13.36000000 -0.233365840907476E+005  0.126380091326301E+001 
     13.38000000 -0.233365840907391E+005  0.126380092171466E+001 
     13.40000000 -0.233365840907306E+005  0.126380093024056E+001 
     13.42000000 -0.233365840907219E+005  0.126380093887782E+001 
     13.44000000 -0.233365840907133E+005  0.126380094754602E+001 
     13.46000000 -0.233365840907045E+005  0.126380095630394E+001 
     13.48000000 -0.233365840906957E+005  0.126380096512372E+001 
     13.50000000 -0.233365840906868E+005  0.126380097399610E+001 
     13.52000000 -0.233365840906779E+005  0.126380098294582E+001 
     13.54000000 -0.233365840906689E+005  0.126380099188316E+001 
     13.56000000 -0.233365840906599E+005  0.126380100088547E+001 
     13.58000000 -0.233365840906509E+005  0.126380100990943E+001 
     13.60000000 -0.233365840906419E+005  0.126380101890245E+001 
     13.62000000 -0.233365840906329E+005  0.126380102789857E+001 
     13.64000000 -0.233365840906239E+005  0.126380103689160E+001 
     13.66000000 -0.233365840906150E+005  0.126380104585369E+001 
     13.68000000 -0.233365840906060E+005  0.126380105477556E+001 
     13.70000000 -0.233365840905972E+005  0.126380106365413E+001 
     13.72000000 -0.233365840905884E+005  0.126380107246463E+001 
     13.74000000 -0.233365840905796E+005  0.126380108121945E+001 
     13.76000000 -0.233365840905709E+005  0.126380108988766E+001 
     13.78000000 -0.233365840905623E+005  0.126380109851255E+001 
     13.80000000 -0.233365840905538E+005  0.126380110706319E+001 
     13.82000000 -0.233365840905453E+005  0.126380111552722E+001 
     13.84000000 -0.233365840905369E+005  0.126380112392318E+001 
     13.86000000 -0.233365840905286E+005  0.126380113225728E+001 
     13.88000000 -0.233365840905203E+005  0.126380114047382E+001 
     13.90000000 -0.233365840905122E+005  0.126380114865942E+001 
     13.92000000 -0.233365840905041E+005  0.126380115676459E+001 
     13.94000000 -0.233365840904960E+005  0.126380116480789E+001 
     13.96000000 -0.233365840904880E+005  0.126380117280788E+001 
     13.98000000 -0.233365840904801E+005  0.126380118069649E+001 
     14.00000000 -0.233365840904722E+005  0.126380118857274E+001 
     14.02000000 -0.233365840904644E+005  0.126380119637474E+001 
     14.04000000 -0.233365840904567E+005  0.126380120410868E+001 
     14.06000000 -0.233365840904490E+005  0.126380121181169E+001 
     14.08000000 -0.233365840904414E+005  0.126380121945282E+001 
     14.10000000 -0.233365840904338E+005  0.126380122704446E+001 
     14.12000000 -0.233365840904263E+005  0.126380123455566E+001 
     14.14000000 -0.233365840904188E+005  0.126380124202665E+001 
     14.16000000 -0.233365840904114E+005  0.126380124943576E+001 
     14.18000000 -0.233365840904040E+005  0.126380125677991E+001 
     14.20000000 -0.233365840903968E+005  0.126380126405600E+001 
     14.22000000 -0.233365840903895E+005  0.126380127128569E+001 
     14.24000000 -0.233365840903824E+005  0.126380127840710E+001 
     14.26000000 -0.233365840903754E+005  0.126380128546046E+001 
     14.28000000 -0.233365840903684E+005  0.126380129243338E+001 
     14.30000000 -0.233365840903615E+005  0.126380129932277E+001 
     14.32000000 -0.233365840903547E+005  0.126380130612555E+001 
     14.34000000 -0.233365840903480E+005  0.126380131283551E+001 
     14.36000000 -0.233365840903414E+005  0.126380131945577E+001 
     14.38000000 -0.233365840903349E+005  0.126380132596775E+001 
     14.40000000 -0.233365840903284E+005  0.126380133241785E+001 
     14.42000000 -0.233365840903221E+005  0.126380133875350E+001 
     14.44000000 -0.233365840903158E+005  0.126380134501489E+001 
     14.46000000 -0.233365840903097E+005  0.126380135116492E+001 
     14.48000000 -0.233365840903036E+005  0.126380135724999E+001 
     14.50000000 -0.233365840902976E+005  0.126380136324534E+001 
     14.52000000 -0.233365840902917E+005  0.126380136915098E+001 
     14.54000000 -0.233365840902858E+005  0.126380137501640E+001 
     14.56000000 -0.233365840902800E+005  0.126380138077664E+001 
     14.58000000 -0.233365840902743E+005  0.126380138650594E+001 
     14.60000000 -0.233365840902687E+005  0.126380139217337E+001 
     14.62000000 -0.233365840902630E+005  0.126380139780987E+001 
     14.64000000 -0.233365840902574E+005  0.126380140340615E+001 
     14.66000000 -0.233365840902519E+005  0.126380140895602E+001 
     14.68000000 -0.233365840902463E+005  0.126380141450281E+001 
     14.70000000 -0.233365840902408E+005  0.126380142001865E+001 
     14.72000000 -0.233365840902353E+005  0.126380142552522E+001 
     14.74000000 -0.233365840902298E+005  0.126380143104106E+001 
     14.76000000 -0.233365840902243E+005  0.126380143653526E+001 
     14.78000000 -0.233365840902188E+005  0.126380144204801E+001 
     14.80000000 -0.233365840902133E+005  0.126380144756695E+001 
     14.82000000 -0.233365840902077E+005  0.126380145310445E+001 
     14.84000000 -0.233365840902022E+005  0.126380145866361E+001 
     14.86000000 -0.233365840901966E+005  0.126380146424442E+001 
     14.88000000 -0.233365840901910E+005  0.126380146982832E+001 
     14.90000000 -0.233365840901853E+005  0.126380147547719E+001 
     14.92000000 -0.233365840901797E+005  0.126380148112607E+001 
     14.94000000 -0.233365840901740E+005  0.126380148681825E+001 
     14.96000000 -0.233365840901683E+005  0.126380149254136E+001 
     14.98000000 -0.233365840901625E+005  0.126380149828613E+001 
     15.00000000 -0.233365840901568E+005  0.126380150406184E+001 
     15.02000000 -0.233365840901510E+005  0.126380150985611E+001 
     15.04000000 -0.233365840901452E+005  0.126380151566894E+001 
     15.06000000 -0.233365840901393E+005  0.126380152153127E+001 
     15.08000000 -0.233365840901334E+005  0.126380152739978E+001 
     15.10000000 -0.233365840901276E+005  0.126380153325901E+001 
     15.12000000 -0.233365840901217E+005  0.126380153914300E+001 
     15.14000000 -0.233365840901158E+005  0.126380154503007E+001 
     15.16000000 -0.233365840901099E+005  0.126380155091405E+001 
     15.18000000 -0.233365840901040E+005  0.126380155678875E+001 
     15.20000000 -0.233365840900982E+005  0.126380156266655E+001 
     15.22000000 -0.233365840900923E+005  0.126380156851960E+001 
     15.24000000 -0.233365840900865E+005  0.126380157435099E+001 
     15.26000000 -0.233365840900807E+005  0.126380158016072E+001 
     15.28000000 -0.233365840900749E+005  0.126380158594571E+001 
     15.30000000 -0.233365840900691E+005  0.126380159169667E+001 
     15.32000000 -0.233365840900634E+005  0.126380159741669E+001 
     15.34000000 -0.233365840900577E+005  0.126380160308722E+001 
     15.36000000 -0.233365840900521E+005  0.126380160872681E+001 
     15.38000000 -0.233365840900465E+005  0.126380161433546E+001 
     15.40000000 -0.233365840900409E+005  0.126380161989152E+001 
     15.42000000 -0.233365840900354E+005  0.126380162542903E+001 
     15.44000000 -0.233365840900299E+005  0.126380163092012E+001 
     15.46000000 -0.233365840900244E+005  0.126380163637410E+001 
     15.48000000 -0.233365840900190E+005  0.126380164179404E+001 
     15.50000000 -0.233365840900137E+005  0.126380164716759E+001 
     15.52000000 -0.233365840900083E+005  0.126380165251638E+001 
     15.54000000 -0.233365840900030E+005  0.126380165782186E+001 
     15.56000000 -0.233365840899977E+005  0.126380166309951E+001 
     15.58000000 -0.233365840899925E+005  0.126380166832456E+001 
     15.60000000 -0.233365840899873E+005  0.126380167353414E+001 
     15.62000000 -0.233365840899821E+005  0.126380167869422E+001 
     15.64000000 -0.233365840899770E+005  0.126380168381409E+001 
     15.66000000 -0.233365840899719E+005  0.126380168888446E+001 
     15.68000000 -0.233365840899669E+005  0.126380169391462E+001 
     15.70000000 -0.233365840899619E+005  0.126380169892621E+001 
     15.72000000 -0.233365840899570E+005  0.126380170384500E+001 
     15.74000000 -0.233365840899521E+005  0.126380170875760E+001 
     15.76000000 -0.233365840899472E+005  0.126380171358358E+001 
     15.78000000 -0.233365840899424E+005  0.126380171838481E+001 
     15.80000000 -0.233365840899377E+005  0.126380172312417E+001 
     15.82000000 -0.233365840899330E+005  0.126380172782022E+001 
     15.84000000 -0.233365840899284E+005  0.126380173246058E+001 
     15.86000000 -0.233365840899238E+005  0.126380173706691E+001 
     15.88000000 -0.233365840899192E+005  0.126380174160828E+001 
     15.90000000 -0.233365840899147E+005  0.126380174614656E+001 
     15.92000000 -0.233365840899102E+005  0.126380175062915E+001 
     15.94000000 -0.233365840899057E+005  0.126380175508700E+001 
     15.96000000 -0.233365840899013E+005  0.126380175952937E+001 
     15.98000000 -0.233365840898969E+005  0.126380176394700E+001 
     16.00000000 -0.233365840898925E+005  0.126380176835225E+001 
     16.02000000 -0.233365840898881E+005  0.126380177274513E+001 
     16.04000000 -0.233365840898837E+005  0.126380177713182E+001 
     16.06000000 -0.233365840898793E+005  0.126380178151542E+001 
     16.08000000 -0.233365840898749E+005  0.126380178592995E+001 
     16.10000000 -0.233365840898705E+005  0.126380179034449E+001 
     16.12000000 -0.233365840898661E+005  0.126380179476211E+001 
     16.14000000 -0.233365840898616E+005  0.126380179921068E+001 
     16.16000000 -0.233365840898572E+005  0.126380180366233E+001 
     16.18000000 -0.233365840898527E+005  0.126380180816039E+001 
     16.20000000 -0.233365840898482E+005  0.126380181265226E+001 
     16.22000000 -0.233365840898436E+005  0.126380181719982E+001 
     16.24000000 -0.233365840898391E+005  0.126380182174119E+001 
     16.26000000 -0.233365840898345E+005  0.126380182634443E+001 
     16.28000000 -0.233365840898299E+005  0.126380183096005E+001 
     16.30000000 -0.233365840898252E+005  0.126380183558804E+001 
     16.32000000 -0.233365840898206E+005  0.126380184025315E+001 
     16.34000000 -0.233365840898159E+005  0.126380184491827E+001 
     16.36000000 -0.233365840898112E+005  0.126380184961741E+001 
     16.38000000 -0.233365840898065E+005  0.126380185434130E+001 
     16.40000000 -0.233365840898017E+005  0.126380185907447E+001 
     16.42000000 -0.233365840897970E+005  0.126380186380764E+001 
     16.44000000 -0.233365840897923E+005  0.126380186855319E+001 
     16.46000000 -0.233365840897875E+005  0.126380187329873E+001 
     16.48000000 -0.233365840897828E+005  0.126380187806284E+001 
     16.50000000 -0.233365840897780E+005  0.126380188278055E+001 
     16.52000000 -0.233365840897733E+005  0.126380188751991E+001 
     16.54000000 -0.233365840897686E+005  0.126380189222523E+001 
     16.56000000 -0.233365840897639E+005  0.126380189689963E+001 
     16.58000000 -0.233365840897592E+005  0.126380190158330E+001 
     16.60000000 -0.233365840897546E+005  0.126380190620201E+001 
     16.62000000 -0.233365840897500E+005  0.126380191079907E+001 
     16.64000000 -0.233365840897455E+005  0.126380191536828E+001 
     16.66000000 -0.233365840897409E+005  0.126380191987562E+001 
     16.68000000 -0.233365840897365E+005  0.126380192432728E+001 
     16.70000000 -0.233365840897321E+005  0.126380192875418E+001 
     16.72000000 -0.233365840897277E+005  0.126380193313469E+001 
     16.74000000 -0.233365840897234E+005  0.126380193744713E+001 
     16.76000000 -0.233365840897191E+005  0.126380194169152E+001 
     16.78000000 -0.233365840897149E+005  0.126380194589569E+001 
     16.80000000 -0.233365840897108E+005  0.126380195005036E+001 
     16.82000000 -0.233365840897067E+005  0.126380195415245E+001 
     16.84000000 -0.233365840897026E+005  0.126380195820194E+001 
     16.86000000 -0.233365840896986E+005  0.126380196219574E+001 
     16.88000000 -0.233365840896947E+005  0.126380196615552E+001 
     16.90000000 -0.233365840896908E+005  0.126380197007199E+001 
     16.92000000 -0.233365840896869E+005  0.126380197393277E+001 
     16.94000000 -0.233365840896830E+005  0.126380197777809E+001 
     16.96000000 -0.233365840896792E+005  0.126380198161103E+001 
     16.98000000 -0.233365840896754E+005  0.126380198538519E+001 
     17.00000000 -0.233365840896716E+005  0.126380198917792E+001 
     17.02000000 -0.233365840896679E+005  0.126380199292733E+001 
     17.04000000 -0.233365840896641E+005  0.126380199669221E+001 
     17.06000000 -0.233365840896604E+005  0.126380200044782E+001 
     17.08000000 -0.233365840896566E+005  0.126380200420651E+001 
     17.10000000 -0.233365840896529E+005  0.126380200796211E+001 
     17.12000000 -0.233365840896491E+005  0.126380201172390E+001 
     17.14000000 -0.233365840896453E+005  0.126380201552900E+001 
     17.16000000 -0.233365840896415E+005  0.126380201933100E+001 
     17.18000000 -0.233365840896377E+005  0.126380202316395E+001 
     17.20000000 -0.233365840896338E+005  0.126380202702473E+001 
     17.22000000 -0.233365840896299E+005  0.126380203091335E+001 
     17.24000000 -0.233365840896260E+005  0.126380203481435E+001 
     17.26000000 -0.233365840896221E+005  0.126380203876176E+001 
     17.28000000 -0.233365840896181E+005  0.126380204271844E+001 
     17.30000000 -0.233365840896141E+005  0.126380204671534E+001 
     17.32000000 -0.233365840896101E+005  0.126380205074009E+001 
     17.34000000 -0.233365840896060E+005  0.126380205478648E+001 
     17.36000000 -0.233365840896020E+005  0.126380205887000E+001 
     17.38000000 -0.233365840895978E+005  0.126380206297827E+001 
     17.40000000 -0.233365840895937E+005  0.126380206709273E+001 
     17.42000000 -0.233365840895896E+005  0.126380207123503E+001 
     17.44000000 -0.233365840895854E+005  0.126380207540517E+001 
     17.46000000 -0.233365840895813E+005  0.126380207955984E+001 
     17.48000000 -0.233365840895771E+005  0.126380208374854E+001 
     17.50000000 -0.233365840895729E+005  0.126380208794343E+001 
     17.52000000 -0.233365840895687E+005  0.126380209213523E+001 
     17.54000000 -0.233365840895645E+005  0.126380209632703E+001 
     17.56000000 -0.233365840895603E+005  0.126380210052810E+001 
     17.58000000 -0.233365840895561E+005  0.126380210469824E+001 
     17.60000000 -0.233365840895519E+005  0.126380210887457E+001 
     17.62000000 -0.233365840895478E+005  0.126380211306327E+001 
     17.64000000 -0.233365840895436E+005  0.126380211722413E+001 
     17.66000000 -0.233365840895394E+005  0.126380212137881E+001 
     17.68000000 -0.233365840895353E+005  0.126380212553657E+001 
     17.70000000 -0.233365840895312E+005  0.126380212966340E+001 
     17.72000000 -0.233365840895270E+005  0.126380213381808E+001 
     17.74000000 -0.233365840895229E+005  0.126380213794800E+001 
     17.76000000 -0.233365840895187E+005  0.126380214209339E+001 
     17.78000000 -0.233365840895146E+005  0.126380214623260E+001 
     17.80000000 -0.233365840895105E+005  0.126380215037180E+001 
     17.82000000 -0.233365840895063E+005  0.126380215452957E+001 
     17.84000000 -0.233365840895022E+005  0.126380215866878E+001 
     17.86000000 -0.233365840894980E+005  0.126380216285129E+001 
     17.88000000 -0.233365840894938E+005  0.126380216703999E+001 
     17.90000000 -0.233365840894896E+005  0.126380217121323E+001 
     17.92000000 -0.233365840894854E+005  0.126380217540502E+001 
     17.94000000 -0.233365840894812E+005  0.126380217961847E+001 
     17.96000000 -0.233365840894770E+005  0.126380218384430E+001 
     17.98000000 -0.233365840894728E+005  0.126380218807013E+001 
     18.00000000 -0.233365840894685E+005  0.126380219230523E+001 
     18.02000000 -0.233365840894643E+005  0.126380219654034E+001 
     18.04000000 -0.233365840894600E+005  0.126380220079091E+001 
     18.06000000 -0.233365840894558E+005  0.126380220504767E+001 
     18.08000000 -0.233365840894515E+005  0.126380220930753E+001 
     18.10000000 -0.233365840894473E+005  0.126380221354882E+001 
     18.12000000 -0.233365840894430E+005  0.126380221780249E+001 
     18.14000000 -0.233365840894388E+005  0.126380222204378E+001 
     18.16000000 -0.233365840894345E+005  0.126380222629435E+001 
     18.18000000 -0.233365840894303E+005  0.126380223054493E+001 
     18.20000000 -0.233365840894260E+005  0.126380223478313E+001 
     18.22000000 -0.233365840894218E+005  0.126380223902442E+001 
     18.24000000 -0.233365840894176E+005  0.126380224326571E+001 
     18.26000000 -0.233365840894133E+005  0.126380224751319E+001 
     18.28000000 -0.233365840894091E+005  0.126380225174211E+001 
     18.30000000 -0.233365840894048E+005  0.126380225597722E+001 
     18.32000000 -0.233365840894006E+005  0.126380226023707E+001 
     18.34000000 -0.233365840893963E+005  0.126380226449383E+001 
     18.36000000 -0.233365840893921E+005  0.126380226876606E+001 
     18.38000000 -0.233365840893878E+005  0.126380227304448E+001 
     18.40000000 -0.233365840893835E+005  0.126380227732599E+001 
     18.42000000 -0.233365840893792E+005  0.126380228164462E+001 
     18.44000000 -0.233365840893749E+005  0.126380228596944E+001 
     18.46000000 -0.233365840893705E+005  0.126380229031282E+001 
     18.48000000 -0.233365840893662E+005  0.126380229467167E+001 
     18.50000000 -0.233365840893618E+005  0.126380229906764E+001 
     18.52000000 -0.233365840893574E+005  0.126380230346671E+001 
     18.54000000 -0.233365840893529E+005  0.126380230791837E+001 
     18.56000000 -0.233365840893484E+005  0.126380231237930E+001 
     18.58000000 -0.233365840893440E+005  0.126380231684333E+001 
     18.60000000 -0.233365840893395E+005  0.126380232135067E+001 
     18.62000000 -0.233365840893349E+005  0.126380232588276E+001 
     18.64000000 -0.233365840893304E+005  0.126380233043960E+001 
     18.66000000 -0.233365840893259E+005  0.126380233497169E+001 
     18.68000000 -0.233365840893213E+005  0.126380233955018E+001 
     18.70000000 -0.233365840893167E+005  0.126380234414724E+001 
     18.72000000 -0.233365840893121E+005  0.126380234873501E+001 
     18.74000000 -0.233365840893075E+005  0.126380235336609E+001 
     18.76000000 -0.233365840893028E+005  0.126380235797552E+001 
     18.78000000 -0.233365840892982E+005  0.126380236260042E+001 
     18.80000000 -0.233365840892936E+005  0.126380236723769E+001 
     18.82000000 -0.233365840892889E+005  0.126380237188734E+001 
     18.84000000 -0.233365840892843E+005  0.126380237651533E+001 
     18.86000000 -0.233365840892797E+005  0.126380238115878E+001 
     18.88000000 -0.233365840892750E+005  0.126380238579915E+001 
     18.90000000 -0.233365840892704E+005  0.126380239044570E+001 
     18.92000000 -0.233365840892657E+005  0.126380239507988E+001 
     18.94000000 -0.233365840892611E+005  0.126380239970787E+001 
     18.96000000 -0.233365840892565E+005  0.126380240432348E+001 
     18.98000000 -0.233365840892519E+005  0.126380240892054E+001 
     19.00000000 -0.233365840892473E+005  0.126380241352997E+001 
     19.02000000 -0.233365840892427E+005  0.126380241808990E+001 
     19.04000000 -0.233365840892382E+005  0.126380242264983E+001 
     19.06000000 -0.233365840892336E+005  0.126380242718501E+001 
     19.08000000 -0.233365840892291E+005  0.126380243170163E+001 
     19.10000000 -0.233365840892246E+005  0.126380243620588E+001 
     19.12000000 -0.233365840892202E+005  0.126380244066682E+001 
     19.14000000 -0.233365840892157E+005  0.126380244512157E+001 
     19.16000000 -0.233365840892113E+005  0.126380244954848E+001 
     19.18000000 -0.233365840892069E+005  0.126380245393826E+001 
     19.20000000 -0.233365840892025E+005  0.126380245829402E+001 
     19.22000000 -0.233365840891982E+005  0.126380246264049E+001 
     19.24000000 -0.233365840891939E+005  0.126380246694366E+001 
     19.26000000 -0.233365840891896E+005  0.126380247123754E+001 
     19.28000000 -0.233365840891853E+005  0.126380247549430E+001 
     19.30000000 -0.233365840891811E+005  0.126380247971394E+001 
     19.32000000 -0.233365840891769E+005  0.126380248392739E+001 
     19.34000000 -0.233365840891727E+005  0.126380248811609E+001 
     19.36000000 -0.233365840891686E+005  0.126380249226148E+001 
     19.38000000 -0.233365840891645E+005  0.126380249636975E+001 
     19.40000000 -0.233365840891603E+005  0.126380250048421E+001 
     19.42000000 -0.233365840891563E+005  0.126380250454917E+001 
     19.44000000 -0.233365840891523E+005  0.126380250857082E+001 
     19.46000000 -0.233365840891482E+005  0.126380251258628E+001 
     19.48000000 -0.233365840891442E+005  0.126380251657699E+001 
     19.50000000 -0.233365840891403E+005  0.126380252051202E+001 
     19.52000000 -0.233365840891364E+005  0.126380252442230E+001 
     19.54000000 -0.233365840891325E+005  0.126380252828309E+001 
     19.56000000 -0.233365840891287E+005  0.126380253210984E+001 
     19.58000000 -0.233365840891249E+005  0.126380253589947E+001 
     19.60000000 -0.233365840891212E+005  0.126380253963342E+001 
     19.62000000 -0.233365840891175E+005  0.126380254334262E+001 
     19.64000000 -0.233365840891138E+005  0.126380254699304E+001 
     19.66000000 -0.233365840891102E+005  0.126380255057849E+001 
     19.68000000 -0.233365840891067E+005  0.126380255415467E+001 
     19.70000000 -0.233365840891031E+005  0.126380255767516E+001 
     19.72000000 -0.233365840890997E+005  0.126380256114924E+001 
     19.74000000 -0.233365840890962E+005  0.126380256458311E+001 
     19.76000000 -0.233365840890928E+005  0.126380256799842E+001 
     19.78000000 -0.233365840890894E+005  0.126380257137661E+001 
     19.80000000 -0.233365840890861E+005  0.126380257472076E+001 
     19.82000000 -0.233365840890828E+005  0.126380257804326E+001 
     19.84000000 -0.233365840890795E+005  0.126380258136267E+001 
     19.86000000 -0.233365840890762E+005  0.126380258466661E+001 
     19.88000000 -0.233365840890728E+005  0.126380258798911E+001 
     19.90000000 -0.233365840890695E+005  0.126380259128686E+001 
     19.92000000 -0.233365840890662E+005  0.126380259460318E+001 
     19.94000000 -0.233365840890629E+005  0.126380259793496E+001 
     19.96000000 -0.233365840890595E+005  0.126380260129458E+001 
     19.98000000 -0.233365840890561E+005  0.126380260467895E+001 
     20.00000000 -0.233365840890527E+005  0.126380260809117E+001 
     20.02000000 -0.233365840890493E+005  0.126380261151885E+001 
     20.04000000 -0.233365840890458E+005  0.126380261501150E+001 
     20.06000000 -0.233365840890423E+005  0.126380261851033E+001 
     20.08000000 -0.233365840890387E+005  0.126380262208651E+001 
     20.10000000 -0.233365840890352E+005  0.126380262566887E+001 
     20.12000000 -0.233365840890315E+005  0.126380262932857E+001 
     20.14000000 -0.233365840890278E+005  0.126380263300993E+001 
     20.16000000 -0.233365840890241E+005  0.126380263671912E+001 
     20.18000000 -0.233365840890203E+005  0.126380264051804E+001 
     20.20000000 -0.233365840890165E+005  0.126380264432932E+001 
     20.22000000 -0.233365840890126E+005  0.126380264819011E+001 
     20.24000000 -0.233365840890087E+005  0.126380265207564E+001 
     20.26000000 -0.233365840890048E+005  0.126380265604160E+001 
     20.28000000 -0.233365840890008E+005  0.126380266003232E+001 
     20.30000000 -0.233365840889968E+005  0.126380266403540E+001 
     20.32000000 -0.233365840889927E+005  0.126380266810036E+001 
     20.34000000 -0.233365840889886E+005  0.126380267218388E+001 
     20.36000000 -0.233365840889845E+005  0.126380267630453E+001 
     20.38000000 -0.233365840889804E+005  0.126380268043754E+001 
     20.40000000 -0.233365840889762E+005  0.126380268460150E+001 
     20.42000000 -0.233365840889720E+005  0.126380268877783E+001 
     20.44000000 -0.233365840889678E+005  0.126380269298509E+001 
     20.46000000 -0.233365840889636E+005  0.126380269717379E+001 
     20.48000000 -0.233365840889595E+005  0.126380270136249E+001 
     20.50000000 -0.233365840889553E+005  0.126380270554501E+001 
     20.52000000 -0.233365840889511E+005  0.126380270973371E+001 
     20.54000000 -0.233365840889470E+005  0.126380271386982E+001 
     20.56000000 -0.233365840889428E+005  0.126380271803068E+001 
     20.58000000 -0.233365840889387E+005  0.126380272213895E+001 
     20.60000000 -0.233365840889346E+005  0.126380272622866E+001 
     20.62000000 -0.233365840889305E+005  0.126380273029362E+001 
     20.64000000 -0.233365840889265E+005  0.126380273430290E+001 
     20.66000000 -0.233365840889225E+005  0.126380273829670E+001 
     20.68000000 -0.233365840889186E+005  0.126380274225957E+001 
     20.70000000 -0.233365840889146E+005  0.126380274618842E+001 
     20.72000000 -0.233365840889107E+005  0.126380275008632E+001 
     20.74000000 -0.233365840889068E+005  0.126380275397185E+001 
     20.76000000 -0.233365840889030E+005  0.126380275781408E+001 
     20.78000000 -0.233365840888992E+005  0.126380276162536E+001 
     20.80000000 -0.233365840888954E+005  0.126380276543665E+001 
     20.82000000 -0.233365840888916E+005  0.126380276922937E+001 
     20.84000000 -0.233365840888878E+005  0.126380277300972E+001 
     20.86000000 -0.233365840888840E+005  0.126380277677770E+001 
     20.88000000 -0.233365840888803E+005  0.126380278053949E+001 
     20.90000000 -0.233365840888765E+005  0.126380278431365E+001 
     20.92000000 -0.233365840888728E+005  0.126380278806306E+001 
     20.94000000 -0.233365840888690E+005  0.126380279184651E+001 
     20.96000000 -0.233365840888652E+005  0.126380279560211E+001 
     20.98000000 -0.233365840888614E+005  0.126380279939174E+001 
     21.00000000 -0.233365840888576E+005  0.126380280317518E+001 
     21.02000000 -0.233365840888538E+005  0.126380280698028E+001 
     21.04000000 -0.233365840888500E+005  0.126380281079776E+001 
     21.06000000 -0.233365840888462E+005  0.126380281463070E+001 
     21.08000000 -0.233365840888424E+005  0.126380281846673E+001 
     21.10000000 -0.233365840888385E+005  0.126380282229658E+001 
     21.12000000 -0.233365840888347E+005  0.126380282616355E+001 
     21.14000000 -0.233365840888308E+005  0.126380283003052E+001 
     21.16000000 -0.233365840888269E+005  0.126380283389749E+001 
     21.18000000 -0.233365840888231E+005  0.126380283777065E+001 
     21.20000000 -0.233365840888192E+005  0.126380284165618E+001 
     21.22000000 -0.233365840888153E+005  0.126380284556027E+001 
     21.24000000 -0.233365840888114E+005  0.126380284947055E+001 
     21.26000000 -0.233365840888075E+005  0.126380285334990E+001 
     21.28000000 -0.233365840888036E+005  0.126380285724162E+001 
     21.30000000 -0.233365840887997E+005  0.126380286113952E+001 
     21.32000000 -0.233365840887958E+005  0.126380286503743E+001 
     21.34000000 -0.233365840887919E+005  0.126380286891987E+001 
     21.36000000 -0.233365840887880E+005  0.126380287280231E+001 
     21.38000000 -0.233365840887841E+005  0.126380287669403E+001 
     21.40000000 -0.233365840887803E+005  0.126380288056100E+001 
     21.42000000 -0.233365840887764E+005  0.126380288442797E+001 
     21.44000000 -0.233365840887725E+005  0.126380288828256E+001 
     21.46000000 -0.233365840887687E+005  0.126380289212169E+001 
     21.48000000 -0.233365840887649E+005  0.126380289595773E+001 
     21.50000000 -0.233365840887610E+005  0.126380289978448E+001 
     21.52000000 -0.233365840887572E+005  0.126380290361123E+001 
     21.54000000 -0.233365840887534E+005  0.126380290740705E+001 
     21.56000000 -0.233365840887496E+005  0.126380291119050E+001 
     21.58000000 -0.233365840887459E+005  0.126380291495538E+001 
     21.60000000 -0.233365840887421E+005  0.126380291871407E+001 
     21.62000000 -0.233365840887384E+005  0.126380292246658E+001 
     21.64000000 -0.233365840887346E+005  0.126380292619125E+001 
     21.66000000 -0.233365840887309E+005  0.126380292990354E+001 
     21.68000000 -0.233365840887272E+005  0.126380293359727E+001 
     21.70000000 -0.233365840887235E+005  0.126380293728481E+001 
     21.72000000 -0.233365840887199E+005  0.126380294094761E+001 
     21.74000000 -0.233365840887162E+005  0.126380294460731E+001 
     21.76000000 -0.233365840887126E+005  0.126380294826391E+001 
     21.78000000 -0.233365840887089E+005  0.126380295188340E+001 
     21.80000000 -0.233365840887053E+005  0.126380295551835E+001 
     21.82000000 -0.233365840887017E+005  0.126380295911618E+001 
     21.84000000 -0.233365840886981E+005  0.126380296272638E+001 
     21.86000000 -0.233365840886945E+005  0.126380296633040E+001 
     21.88000000 -0.233365840886909E+005  0.126380296989729E+001 
     21.90000000 -0.233365840886873E+005  0.126380297347965E+001 
     21.92000000 -0.233365840886838E+005  0.126380297704036E+001 
     21.94000000 -0.233365840886802E+005  0.126380298059179E+001 
     21.96000000 -0.233365840886767E+005  0.126380298412774E+001 
     21.98000000 -0.233365840886732E+005  0.126380298765442E+001 
     22.00000000 -0.233365840886697E+005  0.126380299114398E+001 
     22.02000000 -0.233365840886662E+005  0.126380299464590E+001 
     22.04000000 -0.233365840886627E+005  0.126380299812308E+001 
     22.06000000 -0.233365840886592E+005  0.126380300158170E+001 
     22.08000000 -0.233365840886558E+005  0.126380300502176E+001 
     22.10000000 -0.233365840886524E+005  0.126380300843088E+001 
     22.12000000 -0.233365840886490E+005  0.126380301180907E+001 
     22.14000000 -0.233365840886456E+005  0.126380301517488E+001 
     22.16000000 -0.233365840886423E+005  0.126380301849119E+001 
     22.18000000 -0.233365840886390E+005  0.126380302181988E+001 
     22.20000000 -0.233365840886357E+005  0.126380302509598E+001 
     22.22000000 -0.233365840886325E+005  0.126380302835660E+001 
     22.24000000 -0.233365840886292E+005  0.126380303158320E+001 
     22.26000000 -0.233365840886260E+005  0.126380303479434E+001 
     22.28000000 -0.233365840886229E+005  0.126380303796216E+001 
     22.30000000 -0.233365840886197E+005  0.126380304112379E+001 
     22.32000000 -0.233365840886166E+005  0.126380304425449E+001 
     22.34000000 -0.233365840886135E+005  0.126380304733570E+001 
     22.36000000 -0.233365840886104E+005  0.126380305040762E+001 
     22.38000000 -0.233365840886074E+005  0.126380305344242E+001 
     22.40000000 -0.233365840886044E+005  0.126380305645865E+001 
     22.42000000 -0.233365840886014E+005  0.126380305944395E+001 
     22.44000000 -0.233365840885984E+005  0.126380306240451E+001 
     22.46000000 -0.233365840885955E+005  0.126380306535268E+001 
     22.48000000 -0.233365840885925E+005  0.126380306827921E+001 
     22.50000000 -0.233365840885896E+005  0.126380307117789E+001 
     22.52000000 -0.233365840885867E+005  0.126380307408894E+001 
     22.54000000 -0.233365840885839E+005  0.126380307694741E+001 
     22.56000000 -0.233365840885810E+005  0.126380307984300E+001 
     22.58000000 -0.233365840885781E+005  0.126380308272002E+001 
     22.60000000 -0.233365840885752E+005  0.126380308560942E+001 
     22.62000000 -0.233365840885723E+005  0.126380308847717E+001 
     22.64000000 -0.233365840885695E+005  0.126380309136966E+001 
     22.66000000 -0.233365840885666E+005  0.126380309426525E+001 
     22.68000000 -0.233365840885636E+005  0.126380309720415E+001 
     22.70000000 -0.233365840885607E+005  0.126380310011520E+001 
     22.72000000 -0.233365840885578E+005  0.126380310306647E+001 
     22.74000000 -0.233365840885548E+005  0.126380310603940E+001 
     22.76000000 -0.233365840885518E+005  0.126380310905254E+001 
     22.78000000 -0.233365840885488E+005  0.126380311204403E+001 
     22.80000000 -0.233365840885457E+005  0.126380311509120E+001 
     22.82000000 -0.233365840885427E+005  0.126380311812291E+001 
     22.84000000 -0.233365840885396E+005  0.126380312122267E+001 
     22.86000000 -0.233365840885365E+005  0.126380312431625E+001 
     22.88000000 -0.233365840885334E+005  0.126380312745004E+001 
     22.90000000 -0.233365840885302E+005  0.126380313058693E+001 
     22.92000000 -0.233365840885271E+005  0.126380313374547E+001 
     22.94000000 -0.233365840885239E+005  0.126380313695041E+001 
     22.96000000 -0.233365840885207E+005  0.126380314015536E+001 
     22.98000000 -0.233365840885174E+005  0.126380314340052E+001 
     23.00000000 -0.233365840885142E+005  0.126380314667043E+001 
     23.02000000 -0.233365840885109E+005  0.126380314997128E+001 
     23.04000000 -0.233365840885075E+005  0.126380315329687E+001 
     23.06000000 -0.233365840885041E+005  0.126380315667506E+001 
     23.08000000 -0.233365840885008E+005  0.126380316005943E+001 
     23.10000000 -0.233365840884973E+005  0.126380316352733E+001 
     23.12000000 -0.233365840884938E+005  0.126380316698904E+001 
     23.14000000 -0.233365840884903E+005  0.126380317049716E+001 
     23.16000000 -0.233365840884868E+005  0.126380317405477E+001 
     23.18000000 -0.233365840884832E+005  0.126380317764950E+001 
     23.20000000 -0.233365840884795E+005  0.126380318129064E+001 
     23.22000000 -0.233365840884759E+005  0.126380318494725E+001 
     23.24000000 -0.233365840884722E+005  0.126380318864098E+001 
     23.26000000 -0.233365840884684E+005  0.126380319238730E+001 
     23.28000000 -0.233365840884647E+005  0.126380319613672E+001 
     23.30000000 -0.233365840884609E+005  0.126380319992944E+001 
     23.32000000 -0.233365840884571E+005  0.126380320371907E+001 
     23.34000000 -0.233365840884533E+005  0.126380320754583E+001 
     23.36000000 -0.233365840884495E+005  0.126380321136330E+001 
     23.38000000 -0.233365840884456E+005  0.126380321520243E+001 
     23.40000000 -0.233365840884418E+005  0.126380321903537E+001 
     23.42000000 -0.233365840884380E+005  0.126380322287140E+001 
     23.44000000 -0.233365840884341E+005  0.126380322667650E+001 
     23.46000000 -0.233365840884303E+005  0.126380323049088E+001 
     23.48000000 -0.233365840884265E+005  0.126380323427433E+001 
     23.50000000 -0.233365840884228E+005  0.126380323805158E+001 
     23.52000000 -0.233365840884190E+005  0.126380324180100E+001 
     23.54000000 -0.233365840884153E+005  0.126380324552257E+001 
     23.56000000 -0.233365840884116E+005  0.126380324922249E+001 
     23.58000000 -0.233365840884079E+005  0.126380325288837E+001 
     23.60000000 -0.233365840884043E+005  0.126380325653261E+001 
     23.62000000 -0.233365840884007E+005  0.126380326013662E+001 
     23.64000000 -0.233365840883971E+005  0.126380326372827E+001 
     23.66000000 -0.233365840883935E+005  0.126380326729825E+001 
     23.68000000 -0.233365840883900E+005  0.126380327082184E+001 
     23.70000000 -0.233365840883865E+005  0.126380327434542E+001 
     23.72000000 -0.233365840883830E+005  0.126380327783188E+001 
     23.74000000 -0.233365840883795E+005  0.126380328129978E+001 
     23.76000000 -0.233365840883761E+005  0.126380328477386E+001 
     23.78000000 -0.233365840883726E+005  0.126380328820464E+001 
     23.80000000 -0.233365840883692E+005  0.126380329163851E+001 
     23.82000000 -0.233365840883657E+005  0.126380329510641E+001 
     23.84000000 -0.233365840883623E+005  0.126380329852172E+001 
     23.86000000 -0.233365840883589E+005  0.126380330194631E+001 
     23.88000000 -0.233365840883554E+005  0.126380330538636E+001 
     23.90000000 -0.233365840883520E+005  0.126380330882333E+001 
     23.92000000 -0.233365840883486E+005  0.126380331226957E+001 
     23.94000000 -0.233365840883451E+005  0.126380331572200E+001 
     23.96000000 -0.233365840883416E+005  0.126380331918062E+001 
     23.98000000 -0.233365840883382E+005  0.126380332263924E+001 
     24.00000000 -0.233365840883347E+005  0.126380332611951E+001 
     24.02000000 -0.233365840883312E+005  0.126380332960597E+001 
     24.04000000 -0.233365840883277E+005  0.126380333310790E+001 
     24.06000000 -0.233365840883242E+005  0.126380333660983E+001 
     24.08000000 -0.233365840883207E+005  0.126380334011176E+001 
     24.10000000 -0.233365840883172E+005  0.126380334363534E+001 
     24.12000000 -0.233365840883137E+005  0.126380334716202E+001 
     24.14000000 -0.233365840883101E+005  0.126380335068560E+001 
     24.16000000 -0.233365840883066E+005  0.126380335421228E+001 
     24.18000000 -0.233365840883031E+005  0.126380335775133E+001 
     24.20000000 -0.233365840882995E+005  0.126380336129038E+001 
     24.22000000 -0.233365840882960E+005  0.126380336481087E+001 
     24.24000000 -0.233365840882925E+005  0.126380336833136E+001 
     24.26000000 -0.233365840882890E+005  0.126380337186423E+001 
     24.28000000 -0.233365840882854E+005  0.126380337537234E+001 
     24.30000000 -0.233365840882819E+005  0.126380337888355E+001 
     24.32000000 -0.233365840882784E+005  0.126380338240095E+001 
     24.34000000 -0.233365840882749E+005  0.126380338587813E+001 
     24.36000000 -0.233365840882715E+005  0.126380338935840E+001 
     24.38000000 -0.233365840882680E+005  0.126380339284486E+001 
     24.40000000 -0.233365840882645E+005  0.126380339630657E+001 
     24.42000000 -0.233365840882610E+005  0.126380339977447E+001 
     24.44000000 -0.233365840882576E+005  0.126380340323000E+001 
     24.46000000 -0.233365840882542E+005  0.126380340666696E+001 
     24.48000000 -0.233365840882507E+005  0.126380341011011E+001 
     24.50000000 -0.233365840882473E+005  0.126380341355326E+001 
     24.52000000 -0.233365840882439E+005  0.126380341696857E+001 
     24.54000000 -0.233365840882404E+005  0.126380342039006E+001 
     24.56000000 -0.233365840882370E+005  0.126380342379609E+001 
     24.58000000 -0.233365840882336E+005  0.126380342721759E+001 
     24.60000000 -0.233365840882302E+005  0.126380343062671E+001 
     24.62000000 -0.233365840882268E+005  0.126380343405130E+001 
     24.64000000 -0.233365840882234E+005  0.126380343746042E+001 
     24.66000000 -0.233365840882200E+005  0.126380344086954E+001 
     24.68000000 -0.233365840882166E+005  0.126380344425391E+001 
     24.70000000 -0.233365840882132E+005  0.126380344763828E+001 
     24.72000000 -0.233365840882098E+005  0.126380345101647E+001 
     24.74000000 -0.233365840882064E+005  0.126380345438228E+001 
     24.76000000 -0.233365840882031E+005  0.126380345772334E+001 
     24.78000000 -0.233365840881998E+005  0.126380346105822E+001 
     24.80000000 -0.233365840881964E+005  0.126380346437763E+001 
     24.82000000 -0.233365840881931E+005  0.126380346768156E+001 
     24.84000000 -0.233365840881899E+005  0.126380347095766E+001 
     24.86000000 -0.233365840881866E+005  0.126380347423067E+001 
     24.88000000 -0.233365840881833E+005  0.126380347749439E+001 
     24.90000000 -0.233365840881801E+005  0.126380348072099E+001 
     24.92000000 -0.233365840881769E+005  0.126380348395068E+001 
     24.94000000 -0.233365840881736E+005  0.126380348717419E+001 
     24.96000000 -0.233365840881704E+005  0.126380349039151E+001 
     24.98000000 -0.233365840881672E+005  0.126380349360573E+001 
     25.00000000 -0.233365840881640E+005  0.126380349683233E+001 
     25.02000000 -0.233365840881608E+005  0.126380350004347E+001 
     25.04000000 -0.233365840881575E+005  0.126380350329172E+001 
     25.06000000 -0.233365840881543E+005  0.126380350655235E+001 
     25.08000000 -0.233365840881510E+005  0.126380350980989E+001 
     25.10000000 -0.233365840881477E+005  0.126380351311692E+001 
     25.12000000 -0.233365840881444E+005  0.126380351643323E+001 
     25.14000000 -0.233365840881410E+005  0.126380351979286E+001 
     25.16000000 -0.233365840881377E+005  0.126380352314939E+001 
     25.18000000 -0.233365840881343E+005  0.126380352653685E+001 
     25.20000000 -0.233365840881308E+005  0.126380352998000E+001 
     25.22000000 -0.233365840881274E+005  0.126380353341387E+001 
     25.24000000 -0.233365840881239E+005  0.126380353687559E+001 
     25.26000000 -0.233365840881205E+005  0.126380354036205E+001 
     25.28000000 -0.233365840881169E+005  0.126380354387944E+001 
     25.30000000 -0.233365840881134E+005  0.126380354739375E+001 
     25.32000000 -0.233365840881099E+005  0.126380355092661E+001 
     25.34000000 -0.233365840881064E+005  0.126380355447185E+001 
     25.36000000 -0.233365840881028E+005  0.126380355801709E+001 
     25.38000000 -0.233365840880993E+005  0.126380356154995E+001 
     25.40000000 -0.233365840880957E+005  0.126380356508591E+001 
     25.42000000 -0.233365840880922E+005  0.126380356860949E+001 
     25.44000000 -0.233365840880887E+005  0.126380357212689E+001 
     25.46000000 -0.233365840880852E+005  0.126380357563810E+001 
     25.48000000 -0.233365840880817E+005  0.126380357914003E+001 
     25.50000000 -0.233365840880782E+005  0.126380358259555E+001 
     25.52000000 -0.233365840880748E+005  0.126380358604489E+001 
     25.54000000 -0.233365840880714E+005  0.126380358946638E+001 
     25.56000000 -0.233365840880680E+005  0.126380359286313E+001 
     25.58000000 -0.233365840880646E+005  0.126380359625988E+001 
     25.60000000 -0.233365840880612E+005  0.126380359961022E+001 
     25.62000000 -0.233365840880579E+005  0.126380360296056E+001 
     25.64000000 -0.233365840880545E+005  0.126380360627378E+001 
     25.66000000 -0.233365840880513E+005  0.126380360957154E+001 
     25.68000000 -0.233365840880480E+005  0.126380361284763E+001 
     25.70000000 -0.233365840880447E+005  0.126380361611136E+001 
     25.72000000 -0.233365840880415E+005  0.126380361935033E+001 
     25.74000000 -0.233365840880382E+005  0.126380362257384E+001 
     25.76000000 -0.233365840880351E+005  0.126380362576022E+001 
     25.78000000 -0.233365840880319E+005  0.126380362893732E+001 
     25.80000000 -0.233365840880287E+005  0.126380363208658E+001 
     25.82000000 -0.233365840880256E+005  0.126380363524513E+001 
     25.84000000 -0.233365840880225E+005  0.126380363836345E+001 
     25.86000000 -0.233365840880194E+005  0.126380364145084E+001 
     25.88000000 -0.233365840880163E+005  0.126380364453514E+001 
     25.90000000 -0.233365840880132E+005  0.126380364758850E+001 
     25.92000000 -0.233365840880102E+005  0.126380365062020E+001 
     25.94000000 -0.233365840880072E+005  0.126380365365191E+001 
     25.96000000 -0.233365840880042E+005  0.126380365665267E+001 
     25.98000000 -0.233365840880012E+005  0.126380365964107E+001 
     26.00000000 -0.233365840879982E+005  0.126380366262018E+001 
     26.02000000 -0.233365840879952E+005  0.126380366559620E+001 
     26.04000000 -0.233365840879923E+005  0.126380366857222E+001 
     26.06000000 -0.233365840879893E+005  0.126380367154824E+001 
     26.08000000 -0.233365840879863E+005  0.126380367450261E+001 
     26.10000000 -0.233365840879833E+005  0.126380367747863E+001 
     26.12000000 -0.233365840879804E+005  0.126380368047321E+001 
     26.14000000 -0.233365840879773E+005  0.126380368348017E+001 
     26.16000000 -0.233365840879743E+005  0.126380368648712E+001 
     26.18000000 -0.233365840879713E+005  0.126380368954976E+001 
     26.20000000 -0.233365840879682E+005  0.126380369259075E+001 
     26.22000000 -0.233365840879651E+005  0.126380369568123E+001 
     26.24000000 -0.233365840879620E+005  0.126380369879337E+001 
     26.26000000 -0.233365840879589E+005  0.126380370194263E+001 
     26.28000000 -0.233365840879557E+005  0.126380370511045E+001 
     26.30000000 -0.233365840879525E+005  0.126380370829374E+001 
     26.32000000 -0.233365840879493E+005  0.126380371152034E+001 
     26.34000000 -0.233365840879461E+005  0.126380371475622E+001 
     26.36000000 -0.233365840879428E+005  0.126380371801067E+001 
     26.38000000 -0.233365840879395E+005  0.126380372128986E+001 
     26.40000000 -0.233365840879362E+005  0.126380372459380E+001 
     26.42000000 -0.233365840879329E+005  0.126380372791630E+001 
     26.44000000 -0.233365840879296E+005  0.126380373125736E+001 
     26.46000000 -0.233365840879262E+005  0.126380373458914E+001 
     26.48000000 -0.233365840879229E+005  0.126380373794567E+001 
     26.50000000 -0.233365840879195E+005  0.126380374133004E+001 
     26.52000000 -0.233365840879161E+005  0.126380374471132E+001 
     26.54000000 -0.233365840879127E+005  0.126380374808642E+001 
     26.56000000 -0.233365840879093E+005  0.126380375148007E+001 
     26.58000000 -0.233365840879059E+005  0.126380375487682E+001 
     26.60000000 -0.233365840879026E+005  0.126380375824572E+001 
     26.62000000 -0.233365840878992E+005  0.126380376166103E+001 
     26.64000000 -0.233365840878957E+005  0.126380376507634E+001 
     26.66000000 -0.233365840878923E+005  0.126380376847927E+001 
     26.68000000 -0.233365840878889E+005  0.126380377190386E+001 
     26.70000000 -0.233365840878855E+005  0.126380377532226E+001 
     26.72000000 -0.233365840878821E+005  0.126380377875613E+001 
     26.74000000 -0.233365840878786E+005  0.126380378220856E+001 
     26.76000000 -0.233365840878752E+005  0.126380378566718E+001 
     26.78000000 -0.233365840878717E+005  0.126380378915983E+001 
     26.80000000 -0.233365840878682E+005  0.126380379262154E+001 
     26.82000000 -0.233365840878647E+005  0.126380379613584E+001 
     26.84000000 -0.233365840878612E+005  0.126380379964705E+001 
     26.86000000 -0.233365840878576E+005  0.126380380321085E+001 
     26.88000000 -0.233365840878541E+005  0.126380380675918E+001 
     26.90000000 -0.233365840878505E+005  0.126380381036939E+001 
     26.92000000 -0.233365840878468E+005  0.126380381398578E+001 
     26.94000000 -0.233365840878432E+005  0.126380381765476E+001 
     26.96000000 -0.233365840878395E+005  0.126380382132374E+001 
     26.98000000 -0.233365840878358E+005  0.126380382504222E+001 
     27.00000000 -0.233365840878320E+005  0.126380382879163E+001 
     27.02000000 -0.233365840878283E+005  0.126380383256889E+001 
     27.04000000 -0.233365840878244E+005  0.126380383637708E+001 
     27.06000000 -0.233365840878206E+005  0.126380384023787E+001 
     27.08000000 -0.233365840878167E+005  0.126380384411721E+001 
     27.10000000 -0.233365840878128E+005  0.126380384802749E+001 
     27.12000000 -0.233365840878088E+005  0.126380385198108E+001 
     27.14000000 -0.233365840878048E+005  0.126380385598417E+001 
     27.16000000 -0.233365840878008E+005  0.126380386000582E+001 
     27.18000000 -0.233365840877967E+005  0.126380386407697E+001 
     27.20000000 -0.233365840877926E+005  0.126380386817905E+001 
     27.22000000 -0.233365840877885E+005  0.126380387232444E+001 
     27.24000000 -0.233365840877843E+005  0.126380387649149E+001 
     27.26000000 -0.233365840877801E+005  0.126380388070803E+001 
     27.28000000 -0.233365840877759E+005  0.126380388493695E+001 
     27.30000000 -0.233365840877716E+005  0.126380388920609E+001 
     27.32000000 -0.233365840877673E+005  0.126380389351234E+001 
     27.34000000 -0.233365840877630E+005  0.126380389784335E+001 
     27.36000000 -0.233365840877586E+005  0.126380390222695E+001 
     27.38000000 -0.233365840877542E+005  0.126380390659508E+001 
     27.40000000 -0.233365840877498E+005  0.126380391100033E+001 
     27.42000000 -0.233365840877454E+005  0.126380391540558E+001 
     27.44000000 -0.233365840877410E+005  0.126380391984796E+001 
     27.46000000 -0.233365840877365E+005  0.126380392429962E+001 
     27.48000000 -0.233365840877321E+005  0.126380392874509E+001 
     27.50000000 -0.233365840877276E+005  0.126380393319984E+001 
     27.52000000 -0.233365840877232E+005  0.126380393765149E+001 
     27.54000000 -0.233365840877187E+005  0.126380394211552E+001 
     27.56000000 -0.233365840877143E+005  0.126380394655790E+001 
     27.58000000 -0.233365840877098E+005  0.126380395103121E+001 
     27.60000000 -0.233365840877053E+005  0.126380395547358E+001 
     27.62000000 -0.233365840877009E+005  0.126380395991287E+001 
     27.64000000 -0.233365840876965E+005  0.126380396435215E+001 
     27.66000000 -0.233365840876920E+005  0.126380396877287E+001 
     27.68000000 -0.233365840876876E+005  0.126380397319978E+001 
     27.70000000 -0.233365840876832E+005  0.126380397759884E+001 
     27.72000000 -0.233365840876788E+005  0.126380398202266E+001 
     27.74000000 -0.233365840876744E+005  0.126380398642791E+001 
     27.76000000 -0.233365840876700E+005  0.126380399081460E+001 
     27.78000000 -0.233365840876656E+005  0.126380399519510E+001 
     27.80000000 -0.233365840876613E+005  0.126380399956942E+001 
     27.82000000 -0.233365840876569E+005  0.126380400394374E+001 
     27.84000000 -0.233365840876525E+005  0.126380400831496E+001 
     27.86000000 -0.233365840876482E+005  0.126380401266144E+001 
     27.88000000 -0.233365840876438E+005  0.126380401698626E+001 
     27.90000000 -0.233365840876395E+005  0.126380402128633E+001 
     27.92000000 -0.233365840876352E+005  0.126380402558949E+001 
     27.94000000 -0.233365840876310E+005  0.126380402984935E+001 
     27.96000000 -0.233365840876267E+005  0.126380403409992E+001 
     27.98000000 -0.233365840876225E+005  0.126380403830718E+001 
     28.00000000 -0.233365840876183E+005  0.126380404249279E+001 
     28.02000000 -0.233365840876142E+005  0.126380404661034E+001 
     28.04000000 -0.233365840876101E+005  0.126380405074336E+001 
     28.06000000 -0.233365840876060E+005  0.126380405478667E+001 
     28.08000000 -0.233365840876020E+005  0.126380405881450E+001 
     28.10000000 -0.233365840875980E+005  0.126380406281450E+001 
     28.12000000 -0.233365840875941E+005  0.126380406673096E+001 
     28.14000000 -0.233365840875902E+005  0.126380407060412E+001 
     28.16000000 -0.233365840875864E+005  0.126380407444634E+001 
     28.18000000 -0.233365840875826E+005  0.126380407823288E+001 
     28.20000000 -0.233365840875789E+005  0.126380408195755E+001 
     28.22000000 -0.233365840875752E+005  0.126380408563271E+001 
     28.24000000 -0.233365840875715E+005  0.126380408927695E+001 
     28.26000000 -0.233365840875680E+005  0.126380409284075E+001 
     28.28000000 -0.233365840875645E+005  0.126380409634886E+001 
     28.30000000 -0.233365840875610E+005  0.126380409981676E+001 
     28.32000000 -0.233365840875576E+005  0.126380410321970E+001 
     28.34000000 -0.233365840875542E+005  0.126380410657313E+001 
     28.36000000 -0.233365840875509E+005  0.126380410989254E+001 
     28.38000000 -0.233365840875477E+005  0.126380411315008E+001 
     28.40000000 -0.233365840875445E+005  0.126380411633027E+001 
     28.42000000 -0.233365840875413E+005  0.126380411948572E+001 
     28.44000000 -0.233365840875382E+005  0.126380412259167E+001 
     28.46000000 -0.233365840875352E+005  0.126380412566050E+001 
     28.48000000 -0.233365840875321E+005  0.126380412868292E+001 
     28.50000000 -0.233365840875292E+005  0.126380413166513E+001 
     28.52000000 -0.233365840875262E+005  0.126380413462878E+001 
     28.54000000 -0.233365840875233E+005  0.126380413754293E+001 
     28.56000000 -0.233365840875204E+005  0.126380414043542E+001 
     28.58000000 -0.233365840875175E+005  0.126380414330316E+001 
     28.60000000 -0.233365840875147E+005  0.126380414616472E+001 
     28.62000000 -0.233365840875118E+005  0.126380414899534E+001 
     28.64000000 -0.233365840875090E+005  0.126380415181050E+001 
     28.66000000 -0.233365840875062E+005  0.126380415461328E+001 
     28.68000000 -0.233365840875034E+005  0.126380415742843E+001 
     28.70000000 -0.233365840875006E+005  0.126380416022503E+001 
     28.72000000 -0.233365840874978E+005  0.126380416302781E+001 
     28.74000000 -0.233365840874950E+005  0.126380416583987E+001 
     28.76000000 -0.233365840874922E+005  0.126380416865193E+001 
     28.78000000 -0.233365840874893E+005  0.126380417148564E+001 
     28.80000000 -0.233365840874865E+005  0.126380417432555E+001 
     28.82000000 -0.233365840874836E+005  0.126380417718092E+001 
     28.84000000 -0.233365840874808E+005  0.126380418006104E+001 
     28.86000000 -0.233365840874779E+005  0.126380418296591E+001 
     28.88000000 -0.233365840874749E+005  0.126380418590790E+001 
     28.90000000 -0.233365840874720E+005  0.126380418887154E+001 
     28.92000000 -0.233365840874689E+005  0.126380419187231E+001 
     28.94000000 -0.233365840874659E+005  0.126380419491639E+001 
     28.96000000 -0.233365840874628E+005  0.126380419798831E+001 
     28.98000000 -0.233365840874597E+005  0.126380420111282E+001 
     29.00000000 -0.233365840874566E+005  0.126380420427137E+001 
     29.02000000 -0.233365840874533E+005  0.126380420747941E+001 
     29.04000000 -0.233365840874501E+005  0.126380421073694E+001 
     29.06000000 -0.233365840874468E+005  0.126380421404707E+001 
     29.08000000 -0.233365840874434E+005  0.126380421739432E+001 
     29.10000000 -0.233365840874400E+005  0.126380422080653E+001 
     29.12000000 -0.233365840874366E+005  0.126380422423731E+001 
     29.14000000 -0.233365840874331E+005  0.126380422772686E+001 
     29.16000000 -0.233365840874296E+005  0.126380423126591E+001 
     29.18000000 -0.233365840874260E+005  0.126380423483281E+001 
     29.20000000 -0.233365840874224E+005  0.126380423843373E+001 
     29.22000000 -0.233365840874187E+005  0.126380424208724E+001 
     29.24000000 -0.233365840874151E+005  0.126380424576241E+001 
     29.26000000 -0.233365840874114E+005  0.126380424946852E+001 
     29.28000000 -0.233365840874076E+005  0.126380425319009E+001 
     29.30000000 -0.233365840874039E+005  0.126380425691785E+001 
     29.32000000 -0.233365840874001E+005  0.126380426069201E+001 
     29.34000000 -0.233365840873964E+005  0.126380426446308E+001 
     29.36000000 -0.233365840873926E+005  0.126380426822178E+001 
     29.38000000 -0.233365840873888E+005  0.126380427200213E+001 
     29.40000000 -0.233365840873850E+005  0.126380427578248E+001 
     29.42000000 -0.233365840873813E+005  0.126380427955045E+001 
     29.44000000 -0.233365840873775E+005  0.126380428330605E+001 
     29.46000000 -0.233365840873738E+005  0.126380428704309E+001 
     29.48000000 -0.233365840873701E+005  0.126380429076157E+001 
     29.50000000 -0.233365840873664E+005  0.126380429446149E+001 
     29.52000000 -0.233365840873627E+005  0.126380429813357E+001 
     29.54000000 -0.233365840873590E+005  0.126380430177470E+001 
     29.56000000 -0.233365840873554E+005  0.126380430539419E+001 
     29.58000000 -0.233365840873519E+005  0.126380430896418E+001 
     29.60000000 -0.233365840873483E+005  0.126380431252179E+001 
     29.62000000 -0.233365840873448E+005  0.126380431602372E+001 
     29.64000000 -0.233365840873413E+005  0.126380431951327E+001 
     29.66000000 -0.233365840873379E+005  0.126380432296261E+001 
     29.68000000 -0.233365840873344E+005  0.126380432637482E+001 
     29.70000000 -0.233365840873311E+005  0.126380432976538E+001 
     29.72000000 -0.233365840873277E+005  0.126380433313119E+001 
     29.74000000 -0.233365840873244E+005  0.126380433646607E+001 
     29.76000000 -0.233365840873210E+005  0.126380433977620E+001 
     29.78000000 -0.233365840873178E+005  0.126380434306467E+001 
     29.80000000 -0.233365840873145E+005  0.126380434634695E+001 
     29.82000000 -0.233365840873112E+005  0.126380434963233E+001 
     29.84000000 -0.233365840873079E+005  0.126380435288677E+001 
     29.86000000 -0.233365840873047E+005  0.126380435614121E+001 
     29.88000000 -0.233365840873014E+005  0.126380435940184E+001 
     29.90000000 -0.233365840872982E+005  0.126380436264391E+001 
     29.92000000 -0.233365840872949E+005  0.126380436592310E+001 
     29.94000000 -0.233365840872916E+005  0.126380436919611E+001 
     29.96000000 -0.233365840872883E+005  0.126380437248458E+001 
     29.98000000 -0.233365840872850E+005  0.126380437577924E+001 
     30.00000000 -0.233365840872818E+005  0.126380437907080E+001 
