# Real time calculation: 
# Eall: Total energy
# Eall0: Initial total energy
# 1:Time[fs] 2:Eall[eV] 3:Eall-Eall0[eV] 
      0.00000000 -0.680672723730116E+004  0.000000000000000E+000 
      0.02000000 -0.680639826267294E+004  0.328974628226471E+000 
      0.04000000 -0.680639826543903E+004  0.328971862133823E+000 
      0.06000000 -0.680639823832228E+004  0.328998978883985E+000 
      0.08000000 -0.680639823487981E+004  0.329002421350744E+000 
      0.10000000 -0.680639823500865E+004  0.329002292514118E+000 
      0.12000000 -0.680639821473705E+004  0.329022564111832E+000 
      0.14000000 -0.680639818563661E+004  0.329051664554388E+000 
      0.16000000 -0.680639816373385E+004  0.329073567307499E+000 
      0.18000000 -0.680639815327150E+004  0.329084029666592E+000 
      0.20000000 -0.680639815595048E+004  0.329081350684413E+000 
      0.22000000 -0.680639816112386E+004  0.329076177303700E+000 
      0.24000000 -0.680639816543276E+004  0.329071868405100E+000 
      0.26000000 -0.680639816933313E+004  0.329067968027947E+000 
      0.28000000 -0.680639817391514E+004  0.329063386024563E+000 
      0.30000000 -0.680639817701462E+004  0.329060286537969E+000 
      0.32000000 -0.680639817616796E+004  0.329061133199537E+000 
      0.34000000 -0.680639817285234E+004  0.329064448824254E+000 
      0.36000000 -0.680639816830839E+004  0.329068992768915E+000 
      0.38000000 -0.680639816435790E+004  0.329072943264324E+000 
      0.40000000 -0.680639816232505E+004  0.329074976109779E+000 
      0.42000000 -0.680639816150480E+004  0.329075796363806E+000 
      0.44000000 -0.680639816073352E+004  0.329076567646519E+000 
      0.46000000 -0.680639816097883E+004  0.329076322332104E+000 
      0.48000000 -0.680639816343648E+004  0.329073864684483E+000 
      0.50000000 -0.680639816662023E+004  0.329070680928870E+000 
      0.52000000 -0.680639816900832E+004  0.329068292840313E+000 
      0.54000000 -0.680639817129524E+004  0.329066005919435E+000 
      0.56000000 -0.680639817441515E+004  0.329062886007503E+000 
      0.58000000 -0.680639817778264E+004  0.329059518517432E+000 
      0.60000000 -0.680639818047845E+004  0.329056822713159E+000 
      0.62000000 -0.680639818330163E+004  0.329053999530880E+000 
      0.64000000 -0.680639818639550E+004  0.329050905666861E+000 
      0.66000000 -0.680639818972233E+004  0.329047578831024E+000 
      0.68000000 -0.680639819294277E+004  0.329044358395650E+000 
      0.70000000 -0.680639819625229E+004  0.329041048867599E+000 
      0.72000000 -0.680639819921643E+004  0.329038084728062E+000 
      0.74000000 -0.680639820234299E+004  0.329034958174996E+000 
      0.76000000 -0.680639820523281E+004  0.329032068353990E+000 
      0.78000000 -0.680639820611773E+004  0.329031183429524E+000 
      0.80000000 -0.680639820709033E+004  0.329030210833879E+000 
      0.82000000 -0.680639820950776E+004  0.329027793397336E+000 
      0.84000000 -0.680639821264984E+004  0.329024651316837E+000 
      0.86000000 -0.680639821529262E+004  0.329022008544195E+000 
      0.88000000 -0.680639821745130E+004  0.329019849860562E+000 
      0.90000000 -0.680639821981388E+004  0.329017487283955E+000 
      0.92000000 -0.680639822261454E+004  0.329014686619819E+000 
      0.94000000 -0.680639822523990E+004  0.329012061260918E+000 
      0.96000000 -0.680639822761379E+004  0.329009687371876E+000 
      0.98000000 -0.680639822989348E+004  0.329007407679139E+000 
      1.00000000 -0.680639823235548E+004  0.329004945684270E+000 
      1.02000000 -0.680639823460534E+004  0.329002695820569E+000 
      1.04000000 -0.680639823639803E+004  0.329000903134857E+000 
      1.06000000 -0.680639823854629E+004  0.328998754871936E+000 
      1.08000000 -0.680639824013142E+004  0.328997169738900E+000 
      1.10000000 -0.680639824202397E+004  0.328995277195638E+000 
      1.12000000 -0.680639824480986E+004  0.328992491298688E+000 
      1.14000000 -0.680639824752777E+004  0.328989773395452E+000 
      1.16000000 -0.680639824997130E+004  0.328987329863820E+000 
      1.18000000 -0.680639825253620E+004  0.328984764961134E+000 
      1.20000000 -0.680639825543168E+004  0.328981869481204E+000 
      1.22000000 -0.680639825817011E+004  0.328979131053636E+000 
      1.24000000 -0.680639826090684E+004  0.328976394325215E+000 
      1.26000000 -0.680639826359667E+004  0.328973704493090E+000 
      1.28000000 -0.680639826627174E+004  0.328971029425832E+000 
      1.30000000 -0.680639826893986E+004  0.328968361304426E+000 
      1.32000000 -0.680639827162808E+004  0.328965673085601E+000 
      1.34000000 -0.680639827431159E+004  0.328962989567466E+000 
      1.36000000 -0.680639827697563E+004  0.328960325535768E+000 
      1.38000000 -0.680639827962288E+004  0.328957678285175E+000 
      1.40000000 -0.680639828219603E+004  0.328955105135015E+000 
      1.42000000 -0.680639828474554E+004  0.328952555619005E+000 
      1.44000000 -0.680639828719111E+004  0.328950110053346E+000 
      1.46000000 -0.680639828918441E+004  0.328948116755397E+000 
      1.48000000 -0.680639829106509E+004  0.328946236072133E+000 
      1.50000000 -0.680639829329234E+004  0.328944008820155E+000 
      1.52000000 -0.680639829564437E+004  0.328941656792643E+000 
      1.54000000 -0.680639829802412E+004  0.328939277040501E+000 
      1.56000000 -0.680639830047343E+004  0.328936827731614E+000 
      1.58000000 -0.680639830259448E+004  0.328934706685205E+000 
      1.60000000 -0.680639830449305E+004  0.328932808107922E+000 
      1.62000000 -0.680639830681590E+004  0.328930485262889E+000 
      1.64000000 -0.680639830934240E+004  0.328927958756900E+000 
      1.66000000 -0.680639831176655E+004  0.328925534613483E+000 
      1.68000000 -0.680639831397888E+004  0.328923322284144E+000 
      1.70000000 -0.680639831608612E+004  0.328921215045139E+000 
      1.72000000 -0.680639831837250E+004  0.328918928659450E+000 
      1.74000000 -0.680639832081875E+004  0.328916482410110E+000 
      1.76000000 -0.680639832325557E+004  0.328914045593859E+000 
      1.78000000 -0.680639832558572E+004  0.328911715441799E+000 
      1.80000000 -0.680639832795463E+004  0.328909346534961E+000 
      1.82000000 -0.680639833028801E+004  0.328907013155527E+000 
      1.84000000 -0.680639833262574E+004  0.328904675421111E+000 
      1.86000000 -0.680639833491748E+004  0.328902383685082E+000 
      1.88000000 -0.680639833716243E+004  0.328900138733980E+000 
      1.90000000 -0.680639833954322E+004  0.328897757939302E+000 
      1.92000000 -0.680639834193567E+004  0.328895365495762E+000 
      1.94000000 -0.680639834423433E+004  0.328893066834762E+000 
      1.96000000 -0.680639834637705E+004  0.328890924108570E+000 
      1.98000000 -0.680639834848798E+004  0.328888813178928E+000 
      2.00000000 -0.680639835070486E+004  0.328886596306672E+000 
      2.02000000 -0.680639835289215E+004  0.328884409015192E+000 
      2.04000000 -0.680639835507610E+004  0.328882225057041E+000 
      2.06000000 -0.680639835735900E+004  0.328879942164000E+000 
      2.08000000 -0.680639835966997E+004  0.328877631196753E+000 
      2.10000000 -0.680639836184047E+004  0.328875460690245E+000 
      2.12000000 -0.680639836387244E+004  0.328873428726459E+000 
      2.14000000 -0.680639836603260E+004  0.328871268558683E+000 
      2.16000000 -0.680639836834214E+004  0.328868959022989E+000 
      2.18000000 -0.680639837058062E+004  0.328866720541329E+000 
      2.20000000 -0.680639837279799E+004  0.328864503175647E+000 
      2.22000000 -0.680639837498966E+004  0.328862311499023E+000 
      2.24000000 -0.680639837687033E+004  0.328860430829681E+000 
      2.26000000 -0.680639837836671E+004  0.328858934451349E+000 
      2.28000000 -0.680639837996911E+004  0.328857332049195E+000 
      2.30000000 -0.680639838161623E+004  0.328855684933264E+000 
      2.32000000 -0.680639838319905E+004  0.328854102115769E+000 
      2.34000000 -0.680639838502859E+004  0.328852272571642E+000 
      2.36000000 -0.680639838705080E+004  0.328850250361129E+000 
      2.38000000 -0.680639838914065E+004  0.328848160508023E+000 
      2.40000000 -0.680639839119676E+004  0.328846104399647E+000 
      2.42000000 -0.680639839318989E+004  0.328844111273391E+000 
      2.44000000 -0.680639839499337E+004  0.328842307792645E+000 
      2.46000000 -0.680639839655307E+004  0.328840748091126E+000 
      2.48000000 -0.680639839799070E+004  0.328839310464448E+000 
      2.50000000 -0.680639839967754E+004  0.328837623624676E+000 
      2.52000000 -0.680639840147735E+004  0.328835823810591E+000 
      2.54000000 -0.680639840300246E+004  0.328834298696802E+000 
      2.56000000 -0.680639840447212E+004  0.328832829040782E+000 
      2.58000000 -0.680639840641910E+004  0.328830882059858E+000 
      2.60000000 -0.680639840850957E+004  0.328828791591130E+000 
      2.62000000 -0.680639841043166E+004  0.328826869507307E+000 
      2.64000000 -0.680639841231116E+004  0.328824989998829E+000 
      2.66000000 -0.680639841430582E+004  0.328822995345894E+000 
      2.68000000 -0.680639841636220E+004  0.328820938965283E+000 
      2.70000000 -0.680639841843597E+004  0.328818865190267E+000 
      2.72000000 -0.680639842051839E+004  0.328816782773345E+000 
      2.74000000 -0.680639842255880E+004  0.328814742357908E+000 
      2.76000000 -0.680639842454330E+004  0.328812757862730E+000 
      2.78000000 -0.680639842648758E+004  0.328810813578631E+000 
      2.80000000 -0.680639842842612E+004  0.328808875046264E+000 
      2.82000000 -0.680639843026380E+004  0.328807037361391E+000 
      2.84000000 -0.680639843182963E+004  0.328805471527630E+000 
      2.86000000 -0.680639843325081E+004  0.328804050347951E+000 
      2.88000000 -0.680639843504315E+004  0.328802258016453E+000 
      2.90000000 -0.680639843711169E+004  0.328800189476541E+000 
      2.92000000 -0.680639843916445E+004  0.328798136716962E+000 
      2.94000000 -0.680639844118327E+004  0.328796117887727E+000 
      2.96000000 -0.680639844306262E+004  0.328794238540115E+000 
      2.98000000 -0.680639844487347E+004  0.328792427695883E+000 
      3.00000000 -0.680639844665368E+004  0.328790647484245E+000 
      3.02000000 -0.680639844827827E+004  0.328789022895736E+000 
      3.04000000 -0.680639844960018E+004  0.328787700982733E+000 
      3.06000000 -0.680639845082851E+004  0.328786472648095E+000 
      3.08000000 -0.680639845232408E+004  0.328784977080279E+000 
      3.10000000 -0.680639845411779E+004  0.328783183373687E+000 
      3.12000000 -0.680639845599552E+004  0.328781305643242E+000 
      3.14000000 -0.680639845773652E+004  0.328779564638816E+000 
      3.16000000 -0.680639845931113E+004  0.328777990030899E+000 
      3.18000000 -0.680639846083953E+004  0.328776461636373E+000 
      3.20000000 -0.680639846249770E+004  0.328774803460906E+000 
      3.22000000 -0.680639846438099E+004  0.328772920168984E+000 
      3.24000000 -0.680639846638268E+004  0.328770918484349E+000 
      3.26000000 -0.680639846833708E+004  0.328768964079615E+000 
      3.28000000 -0.680639847020830E+004  0.328767092866562E+000 
      3.30000000 -0.680639847206834E+004  0.328765232820546E+000 
      3.32000000 -0.680639847400136E+004  0.328763299804025E+000 
      3.34000000 -0.680639847587734E+004  0.328761423822224E+000 
      3.36000000 -0.680639847768297E+004  0.328759618192988E+000 
      3.38000000 -0.680639847927764E+004  0.328758023517042E+000 
      3.40000000 -0.680639848079417E+004  0.328756506990247E+000 
      3.42000000 -0.680639848244461E+004  0.328754856550268E+000 
      3.44000000 -0.680639848413887E+004  0.328753162293647E+000 
      3.46000000 -0.680639848583498E+004  0.328751466178560E+000 
      3.48000000 -0.680639848766338E+004  0.328749637785243E+000 
      3.50000000 -0.680639848948809E+004  0.328747813074829E+000 
      3.52000000 -0.680639849127201E+004  0.328746029150125E+000 
      3.54000000 -0.680639849312663E+004  0.328744174530242E+000 
      3.56000000 -0.680639849502172E+004  0.328742279444834E+000 
      3.58000000 -0.680639849686268E+004  0.328740438482316E+000 
      3.60000000 -0.680639849866771E+004  0.328738633451688E+000 
      3.62000000 -0.680639850045820E+004  0.328736842957775E+000 
      3.64000000 -0.680639850228703E+004  0.328735014135224E+000 
      3.66000000 -0.680639850416612E+004  0.328733135046699E+000 
      3.68000000 -0.680639850598973E+004  0.328731311432185E+000 
      3.70000000 -0.680639850776148E+004  0.328729539685344E+000 
      3.72000000 -0.680639850957195E+004  0.328727729216208E+000 
      3.74000000 -0.680639851141257E+004  0.328725888588571E+000 
      3.76000000 -0.680639851324358E+004  0.328724057584276E+000 
      3.78000000 -0.680639851507677E+004  0.328722224394369E+000 
      3.80000000 -0.680639851687672E+004  0.328720424443393E+000 
      3.82000000 -0.680639851860144E+004  0.328718699725873E+000 
      3.84000000 -0.680639852044246E+004  0.328716858697617E+000 
      3.86000000 -0.680639852228811E+004  0.328715013054519E+000 
      3.88000000 -0.680639852412856E+004  0.328713172607082E+000 
      3.90000000 -0.680639852592411E+004  0.328711377050531E+000 
      3.92000000 -0.680639852768456E+004  0.328709616602978E+000 
      3.94000000 -0.680639852944577E+004  0.328707855392084E+000 
      3.96000000 -0.680639853121981E+004  0.328706081349810E+000 
      3.98000000 -0.680639853288632E+004  0.328704414841022E+000 
      4.00000000 -0.680639853459170E+004  0.328702709463767E+000 
      4.02000000 -0.680639853641462E+004  0.328700886537573E+000 
      4.04000000 -0.680639853819795E+004  0.328699103213797E+000 
      4.06000000 -0.680639853995214E+004  0.328697349021455E+000 
      4.08000000 -0.680639854172698E+004  0.328695574177944E+000 
      4.10000000 -0.680639854353697E+004  0.328693764196047E+000 
      4.12000000 -0.680639854528894E+004  0.328692012226440E+000 
      4.14000000 -0.680639854686208E+004  0.328690439080238E+000 
      4.16000000 -0.680639854841226E+004  0.328688888905387E+000 
      4.18000000 -0.680639855013186E+004  0.328687169300775E+000 
      4.20000000 -0.680639855191029E+004  0.328685390868716E+000 
      4.22000000 -0.680639855369010E+004  0.328683611063109E+000 
      4.24000000 -0.680639855543689E+004  0.328681864270601E+000 
      4.26000000 -0.680639855717822E+004  0.328680122945217E+000 
      4.28000000 -0.680639855887030E+004  0.328678430862606E+000 
      4.30000000 -0.680639856056514E+004  0.328676736022846E+000 
      4.32000000 -0.680639856229319E+004  0.328675007972771E+000 
      4.34000000 -0.680639856403998E+004  0.328673261184904E+000 
      4.36000000 -0.680639856569828E+004  0.328671602877960E+000 
      4.38000000 -0.680639856720368E+004  0.328670097486493E+000 
      4.40000000 -0.680639856875461E+004  0.328668546547529E+000 
      4.42000000 -0.680639857039975E+004  0.328666901409939E+000 
      4.44000000 -0.680639857207297E+004  0.328665228188091E+000 
      4.46000000 -0.680639857364879E+004  0.328663652367492E+000 
      4.48000000 -0.680639857515959E+004  0.328662141576188E+000 
      4.50000000 -0.680639857669895E+004  0.328660602214160E+000 
      4.52000000 -0.680639857837101E+004  0.328658930150855E+000 
      4.54000000 -0.680639857998881E+004  0.328657312351199E+000 
      4.56000000 -0.680639858151748E+004  0.328655783683665E+000 
      4.58000000 -0.680639858310330E+004  0.328654197866948E+000 
      4.60000000 -0.680639858476950E+004  0.328652531657463E+000 
      4.62000000 -0.680639858643126E+004  0.328650869898088E+000 
      4.64000000 -0.680639858808148E+004  0.328649219685486E+000 
      4.66000000 -0.680639858969809E+004  0.328647603067577E+000 
      4.68000000 -0.680639859138435E+004  0.328645916810170E+000 
      4.70000000 -0.680639859307099E+004  0.328644230174575E+000 
      4.72000000 -0.680639859471943E+004  0.328642581735366E+000 
      4.74000000 -0.680639859634087E+004  0.328640960293024E+000 
      4.76000000 -0.680639859801742E+004  0.328639283741714E+000 
      4.78000000 -0.680639859973456E+004  0.328637566599588E+000 
      4.80000000 -0.680639860137709E+004  0.328635924076071E+000 
      4.82000000 -0.680639860295902E+004  0.328634342144886E+000 
      4.84000000 -0.680639860448346E+004  0.328632817696989E+000 
      4.86000000 -0.680639860590864E+004  0.328631392520409E+000 
      4.88000000 -0.680639860733228E+004  0.328629968884431E+000 
      4.90000000 -0.680639860877526E+004  0.328628525902772E+000 
      4.92000000 -0.680639861023841E+004  0.328627062747903E+000 
      4.94000000 -0.680639861172145E+004  0.328625579712166E+000 
      4.96000000 -0.680639861316248E+004  0.328624138686421E+000 
      4.98000000 -0.680639861461330E+004  0.328622687857907E+000 
      5.00000000 -0.680639861605509E+004  0.328621246076556E+000 
      5.02000000 -0.680639861761610E+004  0.328619685061814E+000 
      5.04000000 -0.680639861923816E+004  0.328618063000757E+000 
      5.06000000 -0.680639862086250E+004  0.328616438660508E+000 
      5.08000000 -0.680639862248848E+004  0.328614812682983E+000 
      5.10000000 -0.680639862410887E+004  0.328613192294004E+000 
      5.12000000 -0.680639862567881E+004  0.328611622348107E+000 
      5.14000000 -0.680639862718370E+004  0.328610117460893E+000 
      5.16000000 -0.680639862863708E+004  0.328608664083272E+000 
      5.18000000 -0.680639862999769E+004  0.328607303468083E+000 
      5.20000000 -0.680639863128985E+004  0.328606011311418E+000 
      5.22000000 -0.680639863261869E+004  0.328604682476539E+000 
      5.24000000 -0.680639863406825E+004  0.328603232912524E+000 
      5.26000000 -0.680639863558168E+004  0.328601719478532E+000 
      5.28000000 -0.680639863704507E+004  0.328600256094738E+000 
      5.30000000 -0.680639863853258E+004  0.328598768578729E+000 
      5.32000000 -0.680639864011642E+004  0.328597184737260E+000 
      5.34000000 -0.680639864169529E+004  0.328595605868716E+000 
      5.36000000 -0.680639864325171E+004  0.328594049450254E+000 
      5.38000000 -0.680639864483642E+004  0.328592464739491E+000 
      5.40000000 -0.680639864642879E+004  0.328590872372126E+000 
      5.42000000 -0.680639864793973E+004  0.328589361429237E+000 
      5.44000000 -0.680639864934909E+004  0.328587952076300E+000 
      5.46000000 -0.680639865070737E+004  0.328586593789027E+000 
      5.48000000 -0.680639865215696E+004  0.328585144205677E+000 
      5.50000000 -0.680639865369396E+004  0.328583607197861E+000 
      5.52000000 -0.680639865524414E+004  0.328582057019916E+000 
      5.54000000 -0.680639865679110E+004  0.328580510062385E+000 
      5.56000000 -0.680639865832854E+004  0.328578972623788E+000 
      5.58000000 -0.680639865985192E+004  0.328577449237761E+000 
      5.60000000 -0.680639866140719E+004  0.328575893976297E+000 
      5.62000000 -0.680639866297390E+004  0.328574327265508E+000 
      5.64000000 -0.680639866447617E+004  0.328572824992366E+000 
      5.66000000 -0.680639866585221E+004  0.328571448955699E+000 
      5.68000000 -0.680639866714752E+004  0.328570153638173E+000 
      5.70000000 -0.680639866850001E+004  0.328568801154449E+000 
      5.72000000 -0.680639866984251E+004  0.328567458647510E+000 
      5.74000000 -0.680639867105059E+004  0.328566250574249E+000 
      5.76000000 -0.680639867204953E+004  0.328565251627521E+000 
      5.78000000 -0.680639867307956E+004  0.328564221606592E+000 
      5.80000000 -0.680639867426657E+004  0.328563034588211E+000 
      5.82000000 -0.680639867554391E+004  0.328561757249003E+000 
      5.84000000 -0.680639867688751E+004  0.328560413650805E+000 
      5.86000000 -0.680639867834450E+004  0.328558956665300E+000 
      5.88000000 -0.680639867987830E+004  0.328557422862428E+000 
      5.90000000 -0.680639868140527E+004  0.328555895889400E+000 
      5.92000000 -0.680639868292453E+004  0.328554376632524E+000 
      5.94000000 -0.680639868444865E+004  0.328552852511000E+000 
      5.96000000 -0.680639868591829E+004  0.328551382870448E+000 
      5.98000000 -0.680639868720043E+004  0.328550100728463E+000 
      6.00000000 -0.680639868814350E+004  0.328549157665644E+000 
      6.02000000 -0.680639868895355E+004  0.328548347614232E+000 
      6.04000000 -0.680639869003105E+004  0.328547270113867E+000 
      6.06000000 -0.680639869123340E+004  0.328546067758309E+000 
      6.08000000 -0.680639869242283E+004  0.328544878330033E+000 
      6.10000000 -0.680639869360528E+004  0.328543695879318E+000 
      6.12000000 -0.680639869491741E+004  0.328542383755164E+000 
      6.14000000 -0.680639869629101E+004  0.328541010147729E+000 
      6.16000000 -0.680639869770731E+004  0.328539593854353E+000 
      6.18000000 -0.680639869899960E+004  0.328538301558477E+000 
      6.20000000 -0.680639870021414E+004  0.328537087021189E+000 
      6.22000000 -0.680639870162532E+004  0.328535675846136E+000 
      6.24000000 -0.680639870304333E+004  0.328534257829639E+000 
      6.26000000 -0.680639870433015E+004  0.328532971007073E+000 
      6.28000000 -0.680639870555682E+004  0.328531744345285E+000 
      6.30000000 -0.680639870694863E+004  0.328530352529833E+000 
      6.32000000 -0.680639870842242E+004  0.328528878744662E+000 
      6.34000000 -0.680639870989309E+004  0.328527408075496E+000 
      6.36000000 -0.680639871136409E+004  0.328525937071450E+000 
      6.38000000 -0.680639871281986E+004  0.328524481297854E+000 
      6.40000000 -0.680639871425166E+004  0.328523049503341E+000 
      6.42000000 -0.680639871562173E+004  0.328521679434956E+000 
      6.44000000 -0.680639871701253E+004  0.328520288632650E+000 
      6.46000000 -0.680639871840394E+004  0.328518897227096E+000 
      6.48000000 -0.680639871969621E+004  0.328517604947462E+000 
      6.50000000 -0.680639872095917E+004  0.328516341992610E+000 
      6.52000000 -0.680639872226068E+004  0.328515040481744E+000 
      6.54000000 -0.680639872367215E+004  0.328513629012028E+000 
      6.56000000 -0.680639872501033E+004  0.328512290835321E+000 
      6.58000000 -0.680639872631717E+004  0.328510983988036E+000 
      6.60000000 -0.680639872769903E+004  0.328509602133126E+000 
      6.62000000 -0.680639872902551E+004  0.328508275652458E+000 
      6.64000000 -0.680639873029090E+004  0.328507010260642E+000 
      6.66000000 -0.680639873151907E+004  0.328505782087643E+000 
      6.68000000 -0.680639873275392E+004  0.328504547240252E+000 
      6.70000000 -0.680639873401677E+004  0.328503284389809E+000 
      6.72000000 -0.680639873531727E+004  0.328501983889769E+000 
      6.74000000 -0.680639873660640E+004  0.328500694761715E+000 
      6.76000000 -0.680639873779967E+004  0.328499501493537E+000 
      6.78000000 -0.680639873899993E+004  0.328498301227690E+000 
      6.80000000 -0.680639874032777E+004  0.328496973395903E+000 
      6.82000000 -0.680639874167372E+004  0.328495627441946E+000 
      6.84000000 -0.680639874300638E+004  0.328494294786500E+000 
      6.86000000 -0.680639874432360E+004  0.328492977560266E+000 
      6.88000000 -0.680639874552667E+004  0.328491774493958E+000 
      6.90000000 -0.680639874665594E+004  0.328490645220273E+000 
      6.92000000 -0.680639874781698E+004  0.328489484184067E+000 
      6.94000000 -0.680639874898642E+004  0.328488314737200E+000 
      6.96000000 -0.680639875012962E+004  0.328487171545516E+000 
      6.98000000 -0.680639875127532E+004  0.328486025846488E+000 
      7.00000000 -0.680639875251673E+004  0.328484784436075E+000 
      7.02000000 -0.680639875384026E+004  0.328483460902812E+000 
      7.04000000 -0.680639875520725E+004  0.328482093909443E+000 
      7.06000000 -0.680639875656507E+004  0.328480736094714E+000 
      7.08000000 -0.680639875791033E+004  0.328479390831398E+000 
      7.10000000 -0.680639875928109E+004  0.328478020072372E+000 
      7.12000000 -0.680639876068728E+004  0.328476613877977E+000 
      7.14000000 -0.680639876208274E+004  0.328475218421385E+000 
      7.16000000 -0.680639876345431E+004  0.328473846851843E+000 
      7.18000000 -0.680639876485273E+004  0.328472448437018E+000 
      7.20000000 -0.680639876625461E+004  0.328471046548881E+000 
      7.22000000 -0.680639876768605E+004  0.328469615108583E+000 
      7.24000000 -0.680639876906281E+004  0.328468238352660E+000 
      7.26000000 -0.680639877043483E+004  0.328466866336096E+000 
      7.28000000 -0.680639877168036E+004  0.328465620798079E+000 
      7.30000000 -0.680639877301011E+004  0.328464291051368E+000 
      7.32000000 -0.680639877435111E+004  0.328462950056414E+000 
      7.34000000 -0.680639877567477E+004  0.328461626396315E+000 
      7.36000000 -0.680639877694710E+004  0.328460354065607E+000 
      7.38000000 -0.680639877814892E+004  0.328459152241370E+000 
      7.40000000 -0.680639877931256E+004  0.328457988598826E+000 
      7.42000000 -0.680639878045899E+004  0.328456842174354E+000 
      7.44000000 -0.680639878154928E+004  0.328455751882051E+000 
      7.46000000 -0.680639878247129E+004  0.328454829871019E+000 
      7.48000000 -0.680639878326405E+004  0.328454037115019E+000 
      7.50000000 -0.680639878419486E+004  0.328453106298896E+000 
      7.52000000 -0.680639878535039E+004  0.328451950772349E+000 
      7.54000000 -0.680639878664660E+004  0.328450654559232E+000 
      7.56000000 -0.680639878800963E+004  0.328449291533374E+000 
      7.58000000 -0.680639878939412E+004  0.328447907044283E+000 
      7.60000000 -0.680639879072849E+004  0.328446572671129E+000 
      7.62000000 -0.680639879197137E+004  0.328445329788948E+000 
      7.64000000 -0.680639879317429E+004  0.328444126870359E+000 
      7.66000000 -0.680639879447490E+004  0.328442826262043E+000 
      7.68000000 -0.680639879567286E+004  0.328441628299363E+000 
      7.70000000 -0.680639879677757E+004  0.328440523594088E+000 
      7.72000000 -0.680639879787614E+004  0.328439425021828E+000 
      7.74000000 -0.680639879897894E+004  0.328438322219876E+000 
      7.76000000 -0.680639880008812E+004  0.328437213046703E+000 
      7.78000000 -0.680639880128690E+004  0.328436014258812E+000 
      7.80000000 -0.680639880254024E+004  0.328434760919569E+000 
      7.82000000 -0.680639880379913E+004  0.328433502028904E+000 
      7.84000000 -0.680639880497208E+004  0.328432329077015E+000 
      7.86000000 -0.680639880611473E+004  0.328431186432893E+000 
      7.88000000 -0.680639880730548E+004  0.328429995683660E+000 
      7.90000000 -0.680639880855266E+004  0.328428748506048E+000 
      7.92000000 -0.680639880988399E+004  0.328427417170012E+000 
      7.94000000 -0.680639881120986E+004  0.328426091302646E+000 
      7.96000000 -0.680639881246980E+004  0.328424831365578E+000 
      7.98000000 -0.680639881369745E+004  0.328423603710753E+000 
      8.00000000 -0.680639881499692E+004  0.328422304243967E+000 
      8.02000000 -0.680639881626811E+004  0.328421033049375E+000 
      8.04000000 -0.680639881754776E+004  0.328419753399266E+000 
      8.06000000 -0.680639881883054E+004  0.328418470621551E+000 
      8.08000000 -0.680639882007213E+004  0.328417229034805E+000 
      8.10000000 -0.680639882125659E+004  0.328416044574039E+000 
      8.12000000 -0.680639882240493E+004  0.328414896230776E+000 
      8.14000000 -0.680639882368404E+004  0.328413617126683E+000 
      8.16000000 -0.680639882502513E+004  0.328412276031188E+000 
      8.18000000 -0.680639882634334E+004  0.328410957821970E+000 
      8.20000000 -0.680639882764293E+004  0.328409658235308E+000 
      8.22000000 -0.680639882889002E+004  0.328408411140449E+000 
      8.24000000 -0.680639883011015E+004  0.328407191016162E+000 
      8.26000000 -0.680639883133832E+004  0.328405962842389E+000 
      8.28000000 -0.680639883260257E+004  0.328404698595969E+000 
      8.30000000 -0.680639883389476E+004  0.328403406399088E+000 
      8.32000000 -0.680639883519707E+004  0.328402104086985E+000 
      8.34000000 -0.680639883645963E+004  0.328400841535846E+000 
      8.36000000 -0.680639883774944E+004  0.328399551724111E+000 
      8.38000000 -0.680639883906896E+004  0.328398232203217E+000 
      8.40000000 -0.680639884037170E+004  0.328396929465748E+000 
      8.42000000 -0.680639884162219E+004  0.328395678967181E+000 
      8.44000000 -0.680639884283923E+004  0.328394461931057E+000 
      8.46000000 -0.680639884398925E+004  0.328393311914943E+000 
      8.48000000 -0.680639884516083E+004  0.328392140330415E+000 
      8.50000000 -0.680639884642689E+004  0.328390874268839E+000 
      8.52000000 -0.680639884773627E+004  0.328389564888688E+000 
      8.54000000 -0.680639884904285E+004  0.328388258309771E+000 
      8.56000000 -0.680639885026908E+004  0.328387032079537E+000 
      8.58000000 -0.680639885150245E+004  0.328385798707009E+000 
      8.60000000 -0.680639885276918E+004  0.328384531983409E+000 
      8.62000000 -0.680639885405116E+004  0.328383250001516E+000 
      8.64000000 -0.680639885530269E+004  0.328381998468922E+000 
      8.66000000 -0.680639885653291E+004  0.328380768256482E+000 
      8.68000000 -0.680639885778053E+004  0.328379520634942E+000 
      8.70000000 -0.680639885903970E+004  0.328378261462761E+000 
      8.72000000 -0.680639886030931E+004  0.328376991855947E+000 
      8.74000000 -0.680639886132941E+004  0.328375971753797E+000 
      8.76000000 -0.680639886212463E+004  0.328375176528350E+000 
      8.78000000 -0.680639886295762E+004  0.328374343544257E+000 
      8.80000000 -0.680639886389024E+004  0.328373410921485E+000 
      8.82000000 -0.680639886501301E+004  0.328372288148177E+000 
      8.84000000 -0.680639886621475E+004  0.328371086412108E+000 
      8.86000000 -0.680639886741903E+004  0.328369882130798E+000 
      8.88000000 -0.680639886866626E+004  0.328368634898275E+000 
      8.90000000 -0.680639886993470E+004  0.328367366458513E+000 
      8.92000000 -0.680639887117864E+004  0.328366122518329E+000 
      8.94000000 -0.680639887240161E+004  0.328364899548725E+000 
      8.96000000 -0.680639887361167E+004  0.328363689490161E+000 
      8.98000000 -0.680639887486107E+004  0.328362440096775E+000 
      9.00000000 -0.680639887608279E+004  0.328361218375429E+000 
      9.02000000 -0.680639887726731E+004  0.328360033854338E+000 
      9.04000000 -0.680639887848666E+004  0.328358814501125E+000 
      9.06000000 -0.680639887973390E+004  0.328357567265508E+000 
      9.08000000 -0.680639888096593E+004  0.328356335236366E+000 
      9.10000000 -0.680639888215214E+004  0.328355149017675E+000 
      9.12000000 -0.680639888331269E+004  0.328353988469481E+000 
      9.14000000 -0.680639888450781E+004  0.328352793349797E+000 
      9.16000000 -0.680639888566977E+004  0.328351631388612E+000 
      9.18000000 -0.680639888679677E+004  0.328350504394119E+000 
      9.20000000 -0.680639888795271E+004  0.328349348448393E+000 
      9.22000000 -0.680639888913240E+004  0.328348168765656E+000 
      9.24000000 -0.680639889029369E+004  0.328347007476550E+000 
      9.26000000 -0.680639889150432E+004  0.328345796839487E+000 
      9.28000000 -0.680639889273817E+004  0.328344562989002E+000 
      9.30000000 -0.680639889397503E+004  0.328343326127694E+000 
      9.32000000 -0.680639889518756E+004  0.328342113597363E+000 
      9.34000000 -0.680639889637803E+004  0.328340923135059E+000 
      9.36000000 -0.680639889761892E+004  0.328339682244367E+000 
      9.38000000 -0.680639889882900E+004  0.328338472161829E+000 
      9.40000000 -0.680639890003600E+004  0.328337265162039E+000 
      9.42000000 -0.680639890124703E+004  0.328336054132093E+000 
      9.44000000 -0.680639890247350E+004  0.328334827659013E+000 
      9.46000000 -0.680639890366041E+004  0.328333640756642E+000 
      9.48000000 -0.680639890476904E+004  0.328332532123299E+000 
      9.50000000 -0.680639890590939E+004  0.328331391771517E+000 
      9.52000000 -0.680639890707639E+004  0.328330224770122E+000 
      9.54000000 -0.680639890824112E+004  0.328329060046373E+000 
      9.56000000 -0.680639890942594E+004  0.328327875223659E+000 
      9.58000000 -0.680639891052562E+004  0.328326775545445E+000 
      9.60000000 -0.680639891155775E+004  0.328325743413924E+000 
      9.62000000 -0.680639891264316E+004  0.328324658004057E+000 
      9.64000000 -0.680639891369522E+004  0.328323605938304E+000 
      9.66000000 -0.680639891474562E+004  0.328322555541534E+000 
      9.68000000 -0.680639891585892E+004  0.328321442243078E+000 
      9.70000000 -0.680639891700463E+004  0.328320296535542E+000 
      9.72000000 -0.680639891819697E+004  0.328319104196984E+000 
      9.74000000 -0.680639891942697E+004  0.328317874192587E+000 
      9.76000000 -0.680639892062296E+004  0.328316678205929E+000 
      9.78000000 -0.680639892168222E+004  0.328315618946064E+000 
      9.80000000 -0.680639892271916E+004  0.328314582007125E+000 
      9.82000000 -0.680639892387843E+004  0.328313422735804E+000 
      9.84000000 -0.680639892508581E+004  0.328312215356277E+000 
      9.86000000 -0.680639892628222E+004  0.328311018938839E+000 
      9.88000000 -0.680639892740529E+004  0.328309895873188E+000 
      9.90000000 -0.680639892841705E+004  0.328308884108227E+000 
      9.92000000 -0.680639892942602E+004  0.328307875143725E+000 
      9.94000000 -0.680639893049294E+004  0.328306808225711E+000 
      9.96000000 -0.680639893140628E+004  0.328305894882880E+000 
      9.98000000 -0.680639893218349E+004  0.328305117670554E+000 
     10.00000000 -0.680639893312346E+004  0.328304177697445E+000 
     10.02000000 -0.680639893422338E+004  0.328303077786439E+000 
     10.04000000 -0.680639893533137E+004  0.328301969790373E+000 
     10.06000000 -0.680639893633524E+004  0.328300965926405E+000 
     10.08000000 -0.680639893742905E+004  0.328299872112065E+000 
     10.10000000 -0.680639893857467E+004  0.328298726495790E+000 
     10.12000000 -0.680639893972723E+004  0.328297573935983E+000 
     10.14000000 -0.680639894092007E+004  0.328296381091625E+000 
     10.16000000 -0.680639894207636E+004  0.328295224804058E+000 
     10.18000000 -0.680639894319802E+004  0.328294103144438E+000 
     10.20000000 -0.680639894438149E+004  0.328292919667430E+000 
     10.22000000 -0.680639894553375E+004  0.328291767416980E+000 
     10.24000000 -0.680639894662157E+004  0.328290679591031E+000 
     10.26000000 -0.680639894777365E+004  0.328289527516142E+000 
     10.28000000 -0.680639894894291E+004  0.328288358249476E+000 
     10.30000000 -0.680639895010126E+004  0.328287199906228E+000 
     10.32000000 -0.680639895128472E+004  0.328286016437726E+000 
     10.34000000 -0.680639895238186E+004  0.328284919303206E+000 
     10.36000000 -0.680639895349416E+004  0.328283806999334E+000 
     10.38000000 -0.680639895462739E+004  0.328282673776699E+000 
     10.40000000 -0.680639895577170E+004  0.328281529462820E+000 
     10.42000000 -0.680639895685889E+004  0.328280442269507E+000 
     10.44000000 -0.680639895789029E+004  0.328279410873483E+000 
     10.46000000 -0.680639895898268E+004  0.328278318479095E+000 
     10.48000000 -0.680639896009813E+004  0.328277203028283E+000 
     10.50000000 -0.680639896119051E+004  0.328276110649362E+000 
     10.52000000 -0.680639896223513E+004  0.328275066035260E+000 
     10.54000000 -0.680639896322837E+004  0.328274072789993E+000 
     10.56000000 -0.680639896425341E+004  0.328273047756683E+000 
     10.58000000 -0.680639896524407E+004  0.328272057096099E+000 
     10.60000000 -0.680639896616209E+004  0.328271139075780E+000 
     10.62000000 -0.680639896715271E+004  0.328270148456959E+000 
     10.64000000 -0.680639896825896E+004  0.328269042197935E+000 
     10.66000000 -0.680639896943501E+004  0.328267866147056E+000 
     10.68000000 -0.680639897061573E+004  0.328266685428744E+000 
     10.70000000 -0.680639897172210E+004  0.328265579063766E+000 
     10.72000000 -0.680639897268047E+004  0.328264620689291E+000 
     10.74000000 -0.680639897351214E+004  0.328263789017647E+000 
     10.76000000 -0.680639897441134E+004  0.328262889824061E+000 
     10.78000000 -0.680639897542491E+004  0.328261876252451E+000 
     10.80000000 -0.680639897651955E+004  0.328260781609806E+000 
     10.82000000 -0.680639897759903E+004  0.328259702134192E+000 
     10.84000000 -0.680639897864178E+004  0.328258659386290E+000 
     10.86000000 -0.680639897973893E+004  0.328257562230115E+000 
     10.88000000 -0.680639898087168E+004  0.328256429483891E+000 
     10.90000000 -0.680639898203009E+004  0.328255271071037E+000 
     10.92000000 -0.680639898308748E+004  0.328254213680465E+000 
     10.94000000 -0.680639898396317E+004  0.328253337993418E+000 
     10.96000000 -0.680639898479901E+004  0.328252502151634E+000 
     10.98000000 -0.680639898584805E+004  0.328251453115265E+000 
     11.00000000 -0.680639898690632E+004  0.328250394845344E+000 
     11.02000000 -0.680639898783575E+004  0.328249465408955E+000 
     11.04000000 -0.680639898870740E+004  0.328248593765986E+000 
     11.06000000 -0.680639898976353E+004  0.328247537632179E+000 
     11.08000000 -0.680639899086938E+004  0.328246431778414E+000 
     11.10000000 -0.680639899190764E+004  0.328245393526252E+000 
     11.12000000 -0.680639899296290E+004  0.328244338261740E+000 
     11.14000000 -0.680639899407406E+004  0.328243227100945E+000 
     11.16000000 -0.680639899516810E+004  0.328242133057680E+000 
     11.18000000 -0.680639899619137E+004  0.328241109793895E+000 
     11.20000000 -0.680639899720391E+004  0.328240097254766E+000 
     11.22000000 -0.680639899828633E+004  0.328239014834068E+000 
     11.24000000 -0.680639899941715E+004  0.328237884008181E+000 
     11.26000000 -0.680639900053554E+004  0.328236765618471E+000 
     11.28000000 -0.680639900164069E+004  0.328235660471588E+000 
     11.30000000 -0.680639900275432E+004  0.328234546842892E+000 
     11.32000000 -0.680639900381221E+004  0.328233488947294E+000 
     11.34000000 -0.680639900482537E+004  0.328232475790996E+000 
     11.36000000 -0.680639900583869E+004  0.328231462476153E+000 
     11.38000000 -0.680639900693014E+004  0.328230371026852E+000 
     11.40000000 -0.680639900805725E+004  0.328229243916351E+000 
     11.42000000 -0.680639900914112E+004  0.328228160040898E+000 
     11.44000000 -0.680639901020519E+004  0.328227095972068E+000 
     11.46000000 -0.680639901125367E+004  0.328226047492543E+000 
     11.48000000 -0.680639901234718E+004  0.328224953986014E+000 
     11.50000000 -0.680639901342638E+004  0.328223874778768E+000 
     11.52000000 -0.680639901445481E+004  0.328222846354125E+000 
     11.54000000 -0.680639901546872E+004  0.328221832439127E+000 
     11.56000000 -0.680639901642615E+004  0.328220875012834E+000 
     11.58000000 -0.680639901744789E+004  0.328219853267995E+000 
     11.60000000 -0.680639901851926E+004  0.328218781904512E+000 
     11.62000000 -0.680639901953855E+004  0.328217762614426E+000 
     11.64000000 -0.680639902049846E+004  0.328216802699350E+000 
     11.66000000 -0.680639902140212E+004  0.328215899044826E+000 
     11.68000000 -0.680639902240609E+004  0.328214895069489E+000 
     11.70000000 -0.680639902349746E+004  0.328213803706809E+000 
     11.72000000 -0.680639902456762E+004  0.328212733545954E+000 
     11.74000000 -0.680639902565141E+004  0.328211649752481E+000 
     11.76000000 -0.680639902675448E+004  0.328210546686028E+000 
     11.78000000 -0.680639902785987E+004  0.328209441295526E+000 
     11.80000000 -0.680639902892376E+004  0.328208377401483E+000 
     11.82000000 -0.680639902990024E+004  0.328207400920306E+000 
     11.84000000 -0.680639903086333E+004  0.328206437827354E+000 
     11.86000000 -0.680639903190591E+004  0.328205395248825E+000 
     11.88000000 -0.680639903296527E+004  0.328204335896926E+000 
     11.90000000 -0.680639903404205E+004  0.328203259111177E+000 
     11.92000000 -0.680639903511534E+004  0.328202185819623E+000 
     11.94000000 -0.680639903620438E+004  0.328201096779445E+000 
     11.96000000 -0.680639903724200E+004  0.328200059163786E+000 
     11.98000000 -0.680639903815582E+004  0.328199145340677E+000 
     12.00000000 -0.680639903905115E+004  0.328198250017154E+000 
