# Real time calculation: 
# Eall: Total energy
# Eall0: Initial energy
# 1:Time[fs] 2:Eall[eV] 3:Eall-Eall0[eV] 
      0.00000000 -0.850180530548821E+003  0.000000000000000E+000 
      0.02000000 -0.850180530548884E+003 -0.633216402254888E-010 
      0.04000000 -0.850180530548946E+003 -0.125869886371888E-009 
      0.06000000 -0.850180530549010E+003 -0.188998178077604E-009 
      0.08000000 -0.850180530549073E+003 -0.252223144043207E-009 
      0.10000000 -0.850180530549135E+003 -0.314384693150060E-009 
      0.12000000 -0.850180530549198E+003 -0.377319636336004E-009 
      0.14000000 -0.850180530549260E+003 -0.439481185442858E-009 
      0.16000000 -0.850180530549321E+003 -0.500385969171191E-009 
      0.18000000 -0.850180530549382E+003 -0.561000730119865E-009 
      0.20000000 -0.850180530549441E+003 -0.620745422729563E-009 
      0.22000000 -0.850180530549499E+003 -0.678363281621763E-009 
      0.24000000 -0.850180530549554E+003 -0.733660958276694E-009 
      0.26000000 -0.850180530549606E+003 -0.785381687315834E-009 
      0.28000000 -0.850180530549654E+003 -0.833815491518841E-009 
      0.30000000 -0.850180530549698E+003 -0.877898954026968E-009 
      0.32000000 -0.850180530549736E+003 -0.915795263902375E-009 
      0.34000000 -0.850180530549768E+003 -0.947504421145062E-009 
      0.36000000 -0.850180530549793E+003 -0.972059683156168E-009 
      0.38000000 -0.850180530549809E+003 -0.988590981596715E-009 
      0.40000000 -0.850180530549817E+003 -0.996808293687046E-009 
      0.42000000 -0.850180530549817E+003 -0.996421596647501E-009 
      0.44000000 -0.850180530549808E+003 -0.987430890478080E-009 
      0.46000000 -0.850180530549790E+003 -0.969546152399126E-009 
      0.48000000 -0.850180530549764E+003 -0.943830799269385E-009 
      0.50000000 -0.850180530549732E+003 -0.911348247947608E-009 
      0.52000000 -0.850180530549693E+003 -0.872098498433793E-009 
      0.54000000 -0.850180530549650E+003 -0.828981778524529E-009 
      0.56000000 -0.850180530549605E+003 -0.784221596197199E-009 
      0.58000000 -0.850180530549559E+003 -0.738494671271006E-009 
      0.60000000 -0.850180530549517E+003 -0.696924739519922E-009 
      0.62000000 -0.850180530549481E+003 -0.660768566322467E-009 
      0.64000000 -0.850180530549454E+003 -0.633119727995002E-009 
      0.66000000 -0.850180530549438E+003 -0.617845194932976E-009 
      0.68000000 -0.850180530549438E+003 -0.617071800853886E-009 
      0.70000000 -0.850180530549455E+003 -0.634183144853750E-009 
      0.72000000 -0.850180530549492E+003 -0.671789431949499E-009 
      0.74000000 -0.850180530549552E+003 -0.731340776039424E-009 
      0.76000000 -0.850180530549634E+003 -0.813900593982275E-009 
      0.78000000 -0.850180530549740E+003 -0.919855582817597E-009 
      0.80000000 -0.850180530549869E+003 -0.104804565142675E-008 
      0.82000000 -0.850180530550018E+003 -0.119731070869111E-008 
      0.84000000 -0.850180530550183E+003 -0.136204364753727E-008 
      0.86000000 -0.850180530550360E+003 -0.153973093720818E-008 
      0.88000000 -0.850180530550543E+003 -0.172263863691295E-008 
      0.90000000 -0.850180530550724E+003 -0.190322615438046E-008 
      0.92000000 -0.850180530550891E+003 -0.207066597250343E-008 
      0.94000000 -0.850180530551034E+003 -0.221374387713507E-008 
      0.96000000 -0.850180530551141E+003 -0.232027891152971E-008 
      0.98000000 -0.850180530551197E+003 -0.237605995948407E-008 
      1.00000000 -0.850180530551186E+003 -0.236552246515647E-008 
      1.02000000 -0.850180530551092E+003 -0.227194178158658E-008 
      1.04000000 -0.850180530550900E+003 -0.207917330737342E-008 
      1.06000000 -0.850180530550590E+003 -0.176923563017812E-008 
      1.08000000 -0.850180530550147E+003 -0.132637084563925E-008 
      1.10000000 -0.850180530549553E+003 -0.732500867158059E-009 
      1.12000000 -0.850180530548795E+003  0.258120273896267E-010 
      1.14000000 -0.850180530547856E+003  0.964229068105382E-009 
      1.16000000 -0.850180530546726E+003  0.209425449191567E-008 
      1.18000000 -0.850180530545396E+003  0.342468565647014E-008 
      1.20000000 -0.850180530543857E+003  0.496354652533935E-008 
      1.22000000 -0.850180530542108E+003  0.671296393224079E-008 
      1.24000000 -0.850180530540148E+003  0.867284120291458E-008 
      1.26000000 -0.850180530537982E+003  0.108390213441856E-007 
      1.28000000 -0.850180530535618E+003  0.132026103241444E-007 
      1.30000000 -0.850180530533071E+003  0.157500737464067E-007 
      1.32000000 -0.850180530530357E+003  0.184633335243740E-007 
      1.34000000 -0.850180530527501E+003  0.213192845099334E-007 
      1.36000000 -0.850180530524529E+003  0.242912446073563E-007 
      1.38000000 -0.850180530521473E+003  0.273473113108802E-007 
      1.40000000 -0.850180530518370E+003  0.304509417502681E-007 
      1.42000000 -0.850180530515259E+003  0.335621127819271E-007 
      1.44000000 -0.850180530512184E+003  0.366366442690893E-007 
      1.46000000 -0.850180530509191E+003  0.396295826809075E-007 
      1.48000000 -0.850180530506330E+003  0.424905607279809E-007 
      1.50000000 -0.850180530503650E+003  0.451705645605474E-007 
      1.52000000 -0.850180530501203E+003  0.476171967297484E-007 
      1.54000000 -0.850180530499040E+003  0.497803799689629E-007 
      1.56000000 -0.850180530497210E+003  0.516106170571293E-007 
      1.58000000 -0.850180530495761E+003  0.530591841672647E-007 
      1.60000000 -0.850180530494740E+003  0.540805477229629E-007 
      1.62000000 -0.850180530494186E+003  0.546343945578512E-007 
      1.64000000 -0.850180530494137E+003  0.546831183848338E-007 
      1.66000000 -0.850180530494623E+003  0.541978136002049E-007 
      1.68000000 -0.850180530495668E+003  0.531529581993544E-007 
      1.70000000 -0.850180530497287E+003  0.515330843007005E-007 
      1.72000000 -0.850180530499492E+003  0.493291045238140E-007 
      1.74000000 -0.850180530502278E+003  0.465425656568529E-007 
      1.76000000 -0.850180530505637E+003  0.431839085198851E-007 
      1.78000000 -0.850180530509548E+003  0.392720812678482E-007 
      1.80000000 -0.850180530513982E+003  0.348387930579849E-007 
      1.82000000 -0.850180530518897E+003  0.299233903140689E-007 
      1.84000000 -0.850180530524243E+003  0.245773037423596E-007 
      1.86000000 -0.850180530529958E+003  0.188622115206647E-007 
      1.88000000 -0.850180530535973E+003  0.128474290933223E-007 
      1.90000000 -0.850180530542208E+003  0.661213267917944E-008 
      1.92000000 -0.850180530548575E+003  0.245842642890715E-009 
      1.94000000 -0.850180530554978E+003 -0.615689358937512E-008 
      1.96000000 -0.850180530561314E+003 -0.124933112793590E-007 
      1.98000000 -0.850180530567477E+003 -0.186561019985872E-007 
      2.00000000 -0.850180530573355E+003 -0.245348637422696E-007 
      2.02000000 -0.850180530578835E+003 -0.300139740955823E-007 
      2.04000000 -0.850180530583799E+003 -0.349786807120402E-007 
      2.06000000 -0.850180530588135E+003 -0.393144245936783E-007 
      2.08000000 -0.850180530591728E+003 -0.429078068336500E-007 
      2.10000000 -0.850180530594470E+003 -0.456491021469843E-007 
      2.12000000 -0.850180530596256E+003 -0.474350624241227E-007 
      2.14000000 -0.850180530596988E+003 -0.481675632912808E-007 
      2.16000000 -0.850180530596579E+003 -0.477581478006625E-007 
      2.18000000 -0.850180530594949E+003 -0.461280264304607E-007 
      2.20000000 -0.850180530592031E+003 -0.432105906156137E-007 
      2.22000000 -0.850180530587773E+003 -0.389524761646642E-007 
      2.24000000 -0.850180530582134E+003 -0.333131765627201E-007 
      2.26000000 -0.850180530575089E+003 -0.262684265705497E-007 
      2.28000000 -0.850180530566631E+003 -0.178108789444018E-007 
      2.30000000 -0.850180530556769E+003 -0.794846097358697E-008 
      2.32000000 -0.850180530545530E+003  0.329011508670849E-008 
      2.34000000 -0.850180530532961E+003  0.158595090085980E-007 
      2.36000000 -0.850180530519125E+003  0.296960124548164E-007 
      2.38000000 -0.850180530504103E+003  0.447172589559408E-007 
      2.40000000 -0.850180530487998E+003  0.608228039559492E-007 
      2.42000000 -0.850180530470928E+003  0.778923846755433E-007 
      2.44000000 -0.850180530453029E+003  0.957913338707014E-007 
      2.46000000 -0.850180530434453E+003  0.114367582930623E-006 
      2.48000000 -0.850180530415368E+003  0.133452628620325E-006 
      2.50000000 -0.850180530395953E+003  0.152867236861980E-006 
      2.52000000 -0.850180530376403E+003  0.172417479090255E-006 
      2.54000000 -0.850180530356920E+003  0.191900242685129E-006 
      2.56000000 -0.850180530337716E+003  0.211104777760051E-006 
      2.58000000 -0.850180530319008E+003  0.229812697161937E-006 
      2.60000000 -0.850180530301017E+003  0.247803873601027E-006 
      2.62000000 -0.850180530283965E+003  0.264855569582542E-006 
      2.64000000 -0.850180530268072E+003  0.280748527885060E-006 
      2.66000000 -0.850180530253555E+003  0.295265231423839E-006 
      2.68000000 -0.850180530240624E+003  0.308196863797522E-006 
      2.70000000 -0.850180530229477E+003  0.319343792659445E-006 
      2.72000000 -0.850180530220302E+003  0.328518179922649E-006 
      2.74000000 -0.850180530213271E+003  0.335549202169916E-006 
      2.76000000 -0.850180530208539E+003  0.340281503865607E-006 
      2.78000000 -0.850180530206240E+003  0.342580707788482E-006 
      2.80000000 -0.850180530206486E+003  0.342334285100032E-006 
      2.82000000 -0.850180530209365E+003  0.339456002360439E-006 
      2.84000000 -0.850180530214938E+003  0.333882247906697E-006 
      2.86000000 -0.850180530223240E+003  0.325581022558786E-006 
      2.88000000 -0.850180530234274E+003  0.314546235838330E-006 
      2.90000000 -0.850180530248017E+003  0.300803216401422E-006 
      2.92000000 -0.850180530264411E+003  0.284409968803992E-006 
      2.94000000 -0.850180530283369E+003  0.265451759743260E-006 
      2.96000000 -0.850180530304772E+003  0.244049045347045E-006 
      2.98000000 -0.850180530328469E+003  0.220352057415210E-006 
      3.00000000 -0.850180530354280E+003  0.194540803419662E-006 
      3.02000000 -0.850180530381994E+003  0.166826613292513E-006 
      3.04000000 -0.850180530411372E+003  0.137448272455683E-006 
      3.06000000 -0.850180530442149E+003  0.106671635123858E-006 
      3.08000000 -0.850180530474033E+003  0.747876908192966E-007 
      3.10000000 -0.850180530506713E+003  0.421078273330913E-007 
      3.12000000 -0.850180530539856E+003  0.896470079351115E-008 
      3.14000000 -0.850180530573114E+003 -0.242937581381133E-007 
      3.16000000 -0.850180530606128E+003 -0.573078245407453E-007 
      3.18000000 -0.850180530638528E+003 -0.897076226960602E-007 
      3.20000000 -0.850180530669939E+003 -0.121118153149959E-006 
      3.22000000 -0.850180530699985E+003 -0.151164029751304E-006 
      3.24000000 -0.850180530728294E+003 -0.179473733319352E-006 
      3.26000000 -0.850180530754503E+003 -0.205682125174512E-006 
      3.28000000 -0.850180530778259E+003 -0.229438857798957E-006 
      3.30000000 -0.850180530799227E+003 -0.250405957980125E-006 
      3.32000000 -0.850180530817089E+003 -0.268268460979306E-006 
      3.34000000 -0.850180530831558E+003 -0.282737310759440E-006 
      3.36000000 -0.850180530842370E+003 -0.293548973288078E-006 
      3.38000000 -0.850180530849295E+003 -0.300473943872249E-006 
      3.40000000 -0.850180530852139E+003 -0.303318003923843E-006 
      3.42000000 -0.850180530850745E+003 -0.301923961096283E-006 
      3.44000000 -0.850180530844998E+003 -0.296177546414385E-006 
      3.46000000 -0.850180530834828E+003 -0.286007317600092E-006 
      3.48000000 -0.850180530820207E+003 -0.271386785906197E-006 
      3.50000000 -0.850180530801156E+003 -0.252335479533194E-006 
      3.52000000 -0.850180530777742E+003 -0.228921360485786E-006 
      3.54000000 -0.850180530750079E+003 -0.201258891087677E-006 
      3.56000000 -0.850180530718332E+003 -0.169511450838074E-006 
      3.58000000 -0.850180530682709E+003 -0.133888532858152E-006 
      3.60000000 -0.850180530643467E+003 -0.946465172851285E-007 
      3.62000000 -0.850180530600905E+003 -0.520843209305719E-007 
      3.64000000 -0.850180530555363E+003 -0.654272056058112E-008 
      3.66000000 -0.850180530507224E+003  0.415965171725530E-007 
      3.68000000 -0.850180530456903E+003  0.919173062542800E-007 
      3.70000000 -0.850180530404848E+003  0.143972624906886E-006 
      3.72000000 -0.850180530351535E+003  0.197285675680612E-006 
      3.74000000 -0.850180530297464E+003  0.251357039348886E-006 
      3.76000000 -0.850180530243150E+003  0.305670185341135E-006 
      3.78000000 -0.850180530189126E+003  0.359694275296324E-006 
      3.80000000 -0.850180530135929E+003  0.412891993678006E-006 
      3.82000000 -0.850180530084099E+003  0.464721964630817E-006 
      3.84000000 -0.850180530034172E+003  0.514648999452027E-006 
      3.86000000 -0.850180529986675E+003  0.562145256682658E-006 
      3.88000000 -0.850180529942121E+003  0.606699716184951E-006 
      3.90000000 -0.850180529900999E+003  0.647821369392942E-006 
      3.92000000 -0.850180529863776E+003  0.685044633071021E-006 
      3.94000000 -0.850180529830884E+003  0.717936406534897E-006 
      3.96000000 -0.850180529802720E+003  0.746100325319036E-006 
      3.98000000 -0.850180529779641E+003  0.769179758078719E-006 
      4.00000000 -0.850180529761956E+003  0.786864187091189E-006 
      4.02000000 -0.850180529749929E+003  0.798891818460676E-006 
      4.04000000 -0.850180529743767E+003  0.805054029134345E-006 
      4.06000000 -0.850180529743625E+003  0.805195656925078E-006 
      4.08000000 -0.850180529749598E+003  0.799222831126527E-006 
      4.10000000 -0.850180529761723E+003  0.787097945451594E-006 
      4.12000000 -0.850180529779972E+003  0.768848358715829E-006 
      4.14000000 -0.850180529804263E+003  0.744557984176811E-006 
      4.16000000 -0.850180529834443E+003  0.714377730354225E-006 
      4.18000000 -0.850180529870305E+003  0.678515156884045E-006 
      4.20000000 -0.850180529911580E+003  0.637240661671173E-006 
      4.22000000 -0.850180529957941E+003  0.590879360251606E-006 
      4.24000000 -0.850180530009005E+003  0.539815629482654E-006 
      4.26000000 -0.850180530064338E+003  0.484482376700085E-006 
      4.28000000 -0.850180530123456E+003  0.425364616665749E-006 
      4.30000000 -0.850180530185832E+003  0.362988354027688E-006 
      4.32000000 -0.850180530250900E+003  0.297920776668654E-006 
      4.34000000 -0.850180530318056E+003  0.230764165227738E-006 
      4.36000000 -0.850180530386673E+003  0.162147482439759E-006 
      4.38000000 -0.850180530456095E+003  0.927260831124883E-007 
      4.40000000 -0.850180530525654E+003  0.231670196391391E-007 
      4.42000000 -0.850180530594669E+003 -0.458480577738301E-007 
      4.44000000 -0.850180530662459E+003 -0.113638368988301E-006 
      4.46000000 -0.850180530728344E+003 -0.179523133866153E-006 
      4.48000000 -0.850180530791654E+003 -0.242833269854716E-006 
      4.50000000 -0.850180530851738E+003 -0.302917675813654E-006 
      4.52000000 -0.850180530907968E+003 -0.359147292333888E-006 
      4.54000000 -0.850180530959746E+003 -0.410925252534880E-006 
      4.56000000 -0.850180531006510E+003 -0.457689298921133E-006 
      4.58000000 -0.850180531047742E+003 -0.498921837505214E-006 
      4.60000000 -0.850180531082974E+003 -0.534153224732597E-006 
      4.62000000 -0.850180531111787E+003 -0.562966504520392E-006 
      4.64000000 -0.850180531133824E+003 -0.585003692084240E-006 
      4.66000000 -0.850180531148790E+003 -0.599969254211670E-006 
      4.68000000 -0.850180531156454E+003 -0.607633009489892E-006 
      4.70000000 -0.850180531156656E+003 -0.607835348715834E-006 
      4.72000000 -0.850180531149307E+003 -0.600486268153542E-006 
      4.74000000 -0.850180531134389E+003 -0.585568366436236E-006 
      4.76000000 -0.850180531111959E+003 -0.563138681377249E-006 
      4.78000000 -0.850180531082148E+003 -0.533327819901688E-006 
      4.80000000 -0.850180531045159E+003 -0.496338121235494E-006 
      4.82000000 -0.850180531001266E+003 -0.452445107019343E-006 
      4.84000000 -0.850180530950814E+003 -0.401993130966951E-006 
      4.86000000 -0.850180530894214E+003 -0.345393542054132E-006 
      4.88000000 -0.850180530831941E+003 -0.283119947480070E-006 
      4.90000000 -0.850180530764527E+003 -0.215706569204896E-006 
      4.92000000 -0.850180530692561E+003 -0.143740703357419E-006 
      4.94000000 -0.850180530616680E+003 -0.678590466132496E-007 
      4.96000000 -0.850180530537563E+003  0.112580075865326E-007 
      4.98000000 -0.850180530455926E+003  0.928941029761706E-007 
      5.00000000 -0.850180530372519E+003  0.176301464155444E-006 
      5.02000000 -0.850180530288110E+003  0.260711047386959E-006 
      5.04000000 -0.850180530203482E+003  0.345338147703217E-006 
      5.06000000 -0.850180530119431E+003  0.429390036173153E-006 
      5.08000000 -0.850180530036747E+003  0.512073500494398E-006 
      5.10000000 -0.850180529956215E+003  0.592605382487615E-006 
      5.12000000 -0.850180529878604E+003  0.670216251718370E-006 
      5.14000000 -0.850180529804660E+003  0.744160362945899E-006 
      5.16000000 -0.850180529735094E+003  0.813726483640220E-006 
      5.18000000 -0.850180529670582E+003  0.878238764050468E-006 
      5.20000000 -0.850180529611751E+003  0.937069401532941E-006 
      5.22000000 -0.850180529559179E+003  0.989641927475939E-006 
      5.24000000 -0.850180529513382E+003  0.103543845786925E-005 
      5.26000000 -0.850180529474814E+003  0.107400704054791E-005 
      5.28000000 -0.850180529443858E+003  0.110496271860904E-005 
      5.30000000 -0.850180529420824E+003  0.112799671446658E-005 
      5.32000000 -0.850180529405947E+003  0.114287372297195E-005 
      5.34000000 -0.850180529399379E+003  0.114944138549158E-005 
      5.36000000 -0.850180529401192E+003  0.114762816307315E-005 
      5.38000000 -0.850180529411378E+003  0.113744294974858E-005 
      5.40000000 -0.850180529429840E+003  0.111898029294402E-005 
      5.42000000 -0.850180529456404E+003  0.109241700988082E-005 
      5.44000000 -0.850180529490812E+003  0.105800870730211E-005 
      5.46000000 -0.850180529532728E+003  0.101609229500359E-005 
      5.48000000 -0.850180529581743E+003  0.967077381824411E-006 
      5.50000000 -0.850180529637373E+003  0.911447919109550E-006 
      5.52000000 -0.850180529699069E+003  0.849751759889789E-006 
      5.54000000 -0.850180529766221E+003  0.782599692139087E-006 
      5.56000000 -0.850180529838163E+003  0.710657704833802E-006 
      5.58000000 -0.850180529914183E+003  0.634637997246515E-006 
      5.60000000 -0.850180529993525E+003  0.555295692021198E-006 
      5.62000000 -0.850180530075402E+003  0.473418781050184E-006 
      5.64000000 -0.850180530159002E+003  0.389818458048177E-006 
      5.66000000 -0.850180530243496E+003  0.305324091490742E-006 
      5.68000000 -0.850180530328049E+003  0.220771623703116E-006 
      5.70000000 -0.850180530411825E+003  0.136996030267935E-006 
      5.72000000 -0.850180530493998E+003  0.548225226675898E-007 
      5.74000000 -0.850180530573763E+003 -0.249427324447296E-007 
      5.76000000 -0.850180530650342E+003 -0.101521410602679E-006 
      5.78000000 -0.850180530722994E+003 -0.174173276998309E-006 
      5.80000000 -0.850180530791018E+003 -0.242197249898924E-006 
      5.82000000 -0.850180530853769E+003 -0.304948221968304E-006 
      5.84000000 -0.850180530910659E+003 -0.361838510380601E-006 
      5.86000000 -0.850180530961164E+003 -0.412343657275931E-006 
      5.88000000 -0.850180531004832E+003 -0.456011807163586E-006 
      5.90000000 -0.850180531041285E+003 -0.492464867013152E-006 
      5.92000000 -0.850180531070224E+003 -0.521403243293240E-006 
      5.94000000 -0.850180531091431E+003 -0.542610482335965E-006 
      5.96000000 -0.850180531104773E+003 -0.555952206920086E-006 
      5.98000000 -0.850180531110201E+003 -0.561379983241399E-006 
      6.00000000 -0.850180531107749E+003 -0.558928033987904E-006 
      6.02000000 -0.850180531097537E+003 -0.548716041893340E-006 
      6.04000000 -0.850180531079764E+003 -0.530943059258814E-006 
      6.06000000 -0.850180531054708E+003 -0.505887604627057E-006 
      6.08000000 -0.850180531022722E+003 -0.473901185607016E-006 
      6.10000000 -0.850180530984227E+003 -0.435406752085693E-006 
      6.12000000 -0.850180530939711E+003 -0.390890768938835E-006 
      6.14000000 -0.850180530889717E+003 -0.340896932204043E-006 
      6.16000000 -0.850180530834842E+003 -0.286021335367776E-006 
      6.18000000 -0.850180530775723E+003 -0.226902898613621E-006 
      6.20000000 -0.850180530713039E+003 -0.164218148412263E-006 
      6.22000000 -0.850180530647492E+003 -0.986710667241928E-007 
      6.24000000 -0.850180530579808E+003 -0.309870971955972E-007 
      6.26000000 -0.850180530510723E+003  0.380980690557896E-007 
      6.28000000 -0.850180530440977E+003  0.107843713850719E-006 
      6.30000000 -0.850180530371307E+003  0.177513952722938E-006 
      6.32000000 -0.850180530302434E+003  0.246386628951094E-006 
      6.34000000 -0.850180530235064E+003  0.313756600483580E-006 
      6.36000000 -0.850180530169870E+003  0.378950821123065E-006 
      6.38000000 -0.850180530107494E+003  0.441326987086866E-006 
      6.40000000 -0.850180530048535E+003  0.500285524615169E-006 
      6.42000000 -0.850180529993547E+003  0.555274036986984E-006 
      6.44000000 -0.850180529943029E+003  0.605791751536099E-006 
      6.46000000 -0.850180529897426E+003  0.651394643386858E-006 
      6.48000000 -0.850180529857123E+003  0.691697175590833E-006 
      6.50000000 -0.850180529822441E+003  0.726379743044842E-006 
      6.52000000 -0.850180529793635E+003  0.755185675588886E-006 
      6.54000000 -0.850180529770895E+003  0.777925878370627E-006 
      6.56000000 -0.850180529754345E+003  0.794475738269073E-006 
      6.58000000 -0.850180529744041E+003  0.804779474236268E-006 
      6.60000000 -0.850180529739975E+003  0.808845400258564E-006 
      6.62000000 -0.850180529742077E+003  0.806743701848637E-006 
      6.64000000 -0.850180529750212E+003  0.798608369530690E-006 
      6.66000000 -0.850180529764193E+003  0.784627338065941E-006 
      6.68000000 -0.850180529783776E+003  0.765044323263565E-006 
      6.70000000 -0.850180529808668E+003  0.740152248131016E-006 
      6.72000000 -0.850180529838531E+003  0.710289762600675E-006 
      6.74000000 -0.850180529872983E+003  0.675837086536676E-006 
      6.76000000 -0.850180529911614E+003  0.637207019028732E-006 
      6.78000000 -0.850180529953976E+003  0.594844745043620E-006 
      6.80000000 -0.850180529999600E+003  0.549220198158647E-006 
      6.82000000 -0.850180530047999E+003  0.500821680060498E-006 
      6.84000000 -0.850180530098667E+003  0.450153250340220E-006 
      6.86000000 -0.850180530151094E+003  0.397726509181131E-006 
      6.88000000 -0.850180530204762E+003  0.344058373850843E-006 
      6.90000000 -0.850180530259159E+003  0.289662087995092E-006 
      6.92000000 -0.850180530313773E+003  0.235047318311998E-006 
      6.94000000 -0.850180530368111E+003  0.180709810406257E-006 
      6.96000000 -0.850180530421687E+003  0.127133128925821E-006 
      6.98000000 -0.850180530474040E+003  0.747807302725848E-007 
      7.00000000 -0.850180530524731E+003  0.240900654725330E-007 
      7.02000000 -0.850180530573346E+003 -0.245253896648007E-007 
      7.04000000 -0.850180530619503E+003 -0.706819350019279E-007 
      7.06000000 -0.850180530662851E+003 -0.114030093089360E-006 
      7.08000000 -0.850180530703074E+003 -0.154253739097268E-006 
      7.10000000 -0.850180530739896E+003 -0.191075417899780E-006 
      7.12000000 -0.850180530773075E+003 -0.224254603938297E-006 
      7.14000000 -0.850180530802410E+003 -0.253589538032439E-006 
      7.16000000 -0.850180530827742E+003 -0.278921094350431E-006 
      7.18000000 -0.850180530848951E+003 -0.300130460226874E-006 
      7.20000000 -0.850180530865959E+003 -0.317138072745881E-006 
      7.22000000 -0.850180530878727E+003 -0.329906615643136E-006 
      7.24000000 -0.850180530887259E+003 -0.338438505775136E-006 
      7.26000000 -0.850180530891595E+003 -0.342774152982514E-006 
      7.28000000 -0.850180530891813E+003 -0.342992830158377E-006 
      7.30000000 -0.850180530888029E+003 -0.339208806277910E-006 
      7.32000000 -0.850180530880393E+003 -0.331572313140976E-006 
      7.34000000 -0.850180530869085E+003 -0.320264711659121E-006 
      7.36000000 -0.850180530854317E+003 -0.305496751718899E-006 
      7.38000000 -0.850180530836329E+003 -0.287508572181866E-006 
      7.40000000 -0.850180530815383E+003 -0.266562546989353E-006 
      7.42000000 -0.850180530791766E+003 -0.242945218647664E-006 
      7.44000000 -0.850180530765780E+003 -0.216959854310061E-006 
      7.46000000 -0.850180530737746E+003 -0.188925382359910E-006 
      7.48000000 -0.850180530707996E+003 -0.159175328993817E-006 
      7.50000000 -0.850180530676870E+003 -0.128049020863983E-006 
      7.52000000 -0.850180530644713E+003 -0.958923584722825E-007 
      7.54000000 -0.850180530611874E+003 -0.630536591770841E-007 
      7.56000000 -0.850180530578699E+003 -0.298787268060014E-007 
      7.58000000 -0.850180530545530E+003  0.329088848078758E-008 
      7.60000000 -0.850180530512699E+003  0.361216604866753E-007 
      7.62000000 -0.850180530480528E+003  0.682922439717998E-007 
      7.64000000 -0.850180530449326E+003  0.994947314184236E-007 
      7.66000000 -0.850180530419382E+003  0.129438810024108E-006 
      7.68000000 -0.850180530390967E+003  0.157854081883952E-006 
      7.70000000 -0.850180530364328E+003  0.184492480847086E-006 
      7.72000000 -0.850180530339689E+003  0.209131559441513E-006 
      7.74000000 -0.850180530317248E+003  0.231572265366127E-006 
      7.76000000 -0.850180530297173E+003  0.251647352151324E-006 
      7.78000000 -0.850180530279603E+003  0.269217608862869E-006 
      7.80000000 -0.850180530264646E+003  0.284174566981169E-006 
      7.82000000 -0.850180530252381E+003  0.296439340310157E-006 
      7.84000000 -0.850180530242855E+003  0.305965428530828E-006 
      7.86000000 -0.850180530236085E+003  0.312735333602141E-006 
      7.88000000 -0.850180530232054E+003  0.316766940262177E-006 
      7.90000000 -0.850180530230719E+003  0.318101818442686E-006 
      7.92000000 -0.850180530232006E+003  0.316814407323781E-006 
      7.94000000 -0.850180530235817E+003  0.313003701347585E-006 
      7.96000000 -0.850180530242026E+003  0.306794700332132E-006 
      7.98000000 -0.850180530250485E+003  0.298335509243566E-006 
      8.00000000 -0.850180530261026E+003  0.287794341294090E-006 
      8.02000000 -0.850180530273463E+003  0.275357584456764E-006 
      8.04000000 -0.850180530287593E+003  0.261227674631791E-006 
      8.06000000 -0.850180530303204E+003  0.245616908493880E-006 
      8.08000000 -0.850180530320071E+003  0.228749183628929E-006 
      8.10000000 -0.850180530337967E+003  0.210853811381386E-006 
      8.12000000 -0.850180530356657E+003  0.192163390020539E-006 
      8.14000000 -0.850180530375910E+003  0.172910421141415E-006 
      8.16000000 -0.850180530395495E+003  0.153325859550880E-006 
      8.18000000 -0.850180530415188E+003  0.133632926115013E-006 
      8.20000000 -0.850180530434771E+003  0.114049427941337E-006 
      8.22000000 -0.850180530454041E+003  0.947792510439523E-007 
      8.24000000 -0.850180530472802E+003  0.760181607991287E-007 
      8.26000000 -0.850180530490877E+003  0.579439411707968E-007 
      8.28000000 -0.850180530508102E+003  0.407186182185260E-007 
      8.30000000 -0.850180530524333E+003  0.244872033321457E-007 
      8.32000000 -0.850180530539446E+003  0.937430963264916E-008 
      8.34000000 -0.850180530553334E+003 -0.451343117130900E-008 
      8.36000000 -0.850180530565911E+003 -0.170905590339894E-007 
      8.38000000 -0.850180530577113E+003 -0.282927855725676E-007 
      8.40000000 -0.850180530586895E+003 -0.380748672334169E-007 
      8.42000000 -0.850180530595234E+003 -0.464132154971251E-007 
      8.44000000 -0.850180530602123E+003 -0.533027066279182E-007 
      8.46000000 -0.850180530607577E+003 -0.587563916508808E-007 
      8.48000000 -0.850180530611627E+003 -0.628066564430748E-007 
      8.50000000 -0.850180530614322E+003 -0.655013547631439E-007 
      8.52000000 -0.850180530615722E+003 -0.669018747661159E-007 
      8.54000000 -0.850180530615905E+003 -0.670841057460015E-007 
      8.56000000 -0.850180530614957E+003 -0.661361179535570E-007 
      8.58000000 -0.850180530612974E+003 -0.641532322090303E-007 
      8.60000000 -0.850180530610061E+003 -0.612408234556973E-007 
      8.62000000 -0.850180530606330E+003 -0.575093903726081E-007 
      8.64000000 -0.850180530601893E+003 -0.530727185636488E-007 
      8.66000000 -0.850180530596868E+003 -0.480470104892026E-007 
      8.68000000 -0.850180530591369E+003 -0.425487586324325E-007 
      8.70000000 -0.850180530585516E+003 -0.366953255448403E-007 
      8.72000000 -0.850180530579418E+003 -0.305971132312161E-007 
      8.74000000 -0.850180530573185E+003 -0.243649103933896E-007 
      8.76000000 -0.850180530566921E+003 -0.181003216785012E-007 
      8.78000000 -0.850180530560721E+003 -0.119005047177366E-007 
      8.80000000 -0.850180530554676E+003 -0.585565659556959E-008 
      8.82000000 -0.850180530548866E+003 -0.457269249261927E-010 
      8.84000000 -0.850180530543362E+003  0.545832538743714E-008 
      8.86000000 -0.850180530538229E+003  0.105915352388768E-007 
      8.88000000 -0.850180530533519E+003  0.153019885518340E-007 
      8.90000000 -0.850180530529275E+003  0.195455051895406E-007 
      8.92000000 -0.850180530525533E+003  0.232875724412173E-007 
      8.94000000 -0.850180530522316E+003  0.265043117646721E-007 
      8.96000000 -0.850180530519641E+003  0.291797719070239E-007 
      8.98000000 -0.850180530517513E+003  0.313070889958206E-007 
      9.00000000 -0.850180530515932E+003  0.328882931905200E-007 
      9.02000000 -0.850180530514889E+003  0.339314084546926E-007 
      9.04000000 -0.850180530514367E+003  0.344533527838184E-007 
      9.06000000 -0.850180530514345E+003  0.344754911893324E-007 
      9.08000000 -0.850180530514795E+003  0.340257625323416E-007 
      9.10000000 -0.850180530515684E+003  0.331366493641678E-007 
      9.12000000 -0.850180530516977E+003  0.318440178352288E-007 
      9.14000000 -0.850180530518633E+003  0.301878910891176E-007 
      9.16000000 -0.850180530520610E+003  0.282105157774044E-007 
      9.18000000 -0.850180530522866E+003  0.259542352259194E-007 
      9.20000000 -0.850180530525357E+003  0.234640996397696E-007 
      9.22000000 -0.850180530528035E+003  0.207854492468416E-007 
      9.24000000 -0.850180530530860E+003  0.179610140700051E-007 
      9.26000000 -0.850180530533786E+003  0.150349742460282E-007 
      9.28000000 -0.850180530536772E+003  0.120482229868427E-007 
      9.30000000 -0.850180530539781E+003  0.903991336770265E-008 
      9.32000000 -0.850180530542774E+003  0.604707163014435E-008 
      9.34000000 -0.850180530545716E+003  0.310430715920713E-008 
      9.36000000 -0.850180530548580E+003  0.240815581376630E-009 
      9.38000000 -0.850180530551336E+003 -0.251585093927957E-008 
      9.40000000 -0.850180530553963E+003 -0.514220055760912E-008 
      9.42000000 -0.850180530556439E+003 -0.761831837607545E-008 
      9.44000000 -0.850180530558748E+003 -0.992728639919847E-008 
      9.46000000 -0.850180530560879E+003 -0.120578904128314E-007 
      9.48000000 -0.850180530562822E+003 -0.140013330593245E-007 
      9.50000000 -0.850180530564572E+003 -0.157514271860451E-007 
      9.52000000 -0.850180530566126E+003 -0.173058526107560E-007 
      9.54000000 -0.850180530567487E+003 -0.186665428186549E-007 
      9.56000000 -0.850180530568659E+003 -0.198380414999564E-007 
      9.58000000 -0.850180530569646E+003 -0.208256657389542E-007 
      9.60000000 -0.850180530570460E+003 -0.216389862873772E-007 
      9.62000000 -0.850180530571110E+003 -0.222891206851122E-007 
      9.64000000 -0.850180530571609E+003 -0.227884432374246E-007 
      9.66000000 -0.850180530571972E+003 -0.231513584090376E-007 
      9.68000000 -0.850180530572213E+003 -0.233926573617136E-007 
      9.70000000 -0.850180530572349E+003 -0.235284846968538E-007 
      9.72000000 -0.850180530572395E+003 -0.235744049702998E-007 
      9.74000000 -0.850180530572369E+003 -0.235483995943904E-007 
      9.76000000 -0.850180530572285E+003 -0.234644863368091E-007 
      9.78000000 -0.850180530572160E+003 -0.233395831930361E-007 
      9.80000000 -0.850180530572009E+003 -0.231883846505740E-007 
      9.82000000 -0.850180530571845E+003 -0.230244251058069E-007 
      9.84000000 -0.850180530571681E+003 -0.228604655610399E-007 
      9.86000000 -0.850180530571528E+003 -0.227079135789394E-007 
      9.88000000 -0.850180530571398E+003 -0.225769199567935E-007 
      9.90000000 -0.850180530571295E+003 -0.224744452413141E-007 
      9.92000000 -0.850180530571229E+003 -0.224084167218118E-007 
      9.94000000 -0.850180530571204E+003 -0.223832814142414E-007 
      9.96000000 -0.850180530571223E+003 -0.224028096147384E-007 
      9.98000000 -0.850180530571289E+003 -0.224682580886814E-007 
     10.00000000 -0.850180530571401E+003 -0.225801102073698E-007 
     10.02000000 -0.850180530571559E+003 -0.227380759480239E-007 
     10.04000000 -0.850180530571759E+003 -0.229382883402483E-007 
     10.06000000 -0.850180530571999E+003 -0.231784272018057E-007 
     10.08000000 -0.850180530572275E+003 -0.234542388652612E-007 
     10.10000000 -0.850180530572581E+003 -0.237608896176203E-007 
     10.12000000 -0.850180530572913E+003 -0.240923856547703E-007 
     10.14000000 -0.850180530573265E+003 -0.244441832864963E-007 
     10.16000000 -0.850180530573630E+003 -0.248093219660866E-007 
     10.18000000 -0.850180530574002E+003 -0.251811311696091E-007 
     10.20000000 -0.850180530574376E+003 -0.255551638811090E-007 
     10.22000000 -0.850180530574746E+003 -0.259251362736936E-007 
     10.24000000 -0.850180530575108E+003 -0.262869880284478E-007 
     10.26000000 -0.850180530575456E+003 -0.266354020610779E-007 
     10.28000000 -0.850180530575788E+003 -0.269669947724877E-007 
     10.30000000 -0.850180530576099E+003 -0.272780925408016E-007 
     10.32000000 -0.850180530576387E+003 -0.275667618808219E-007 
     10.34000000 -0.850180530576653E+003 -0.278324227469893E-007 
     10.36000000 -0.850180530576893E+003 -0.280727549570665E-007 
     10.38000000 -0.850180530577109E+003 -0.282889186021722E-007 
     10.40000000 -0.850180530577301E+003 -0.284803336367469E-007 
     10.42000000 -0.850180530577469E+003 -0.286486435232089E-007 
     10.44000000 -0.850180530577616E+003 -0.287958784210156E-007 
     10.46000000 -0.850180530577746E+003 -0.289250352322236E-007 
     10.48000000 -0.850180530577857E+003 -0.290360172825730E-007 
     10.50000000 -0.850180530577954E+003 -0.291337549593180E-007 
     10.52000000 -0.850180530578040E+003 -0.292193116793174E-007 
     10.54000000 -0.850180530578116E+003 -0.292958776931473E-007 
     10.56000000 -0.850180530578187E+003 -0.293662565543444E-007 
     10.58000000 -0.850180530578253E+003 -0.294319950510671E-007 
     10.60000000 -0.850180530578316E+003 -0.294952200170327E-007 
     10.62000000 -0.850180530578378E+003 -0.295574782403994E-007 
     10.64000000 -0.850180530578439E+003 -0.296186730469074E-007 
     10.66000000 -0.850180530578502E+003 -0.296814146415736E-007 
     10.68000000 -0.850180530578564E+003 -0.297436728649403E-007 
     10.70000000 -0.850180530578626E+003 -0.298055443912675E-007 
     10.72000000 -0.850180530578688E+003 -0.298678026146343E-007 
     10.74000000 -0.850180530578751E+003 -0.299302541865208E-007 
     10.76000000 -0.850180530578813E+003 -0.299925124098875E-007 
     10.78000000 -0.850180530578875E+003 -0.300547706332543E-007 
     10.80000000 -0.850180530578938E+003 -0.301170288566210E-007 
     10.82000000 -0.850180530579000E+003 -0.301789003829482E-007 
     10.84000000 -0.850180530579062E+003 -0.302415453033545E-007 
     10.86000000 -0.850180530579124E+003 -0.303038035267212E-007 
     10.88000000 -0.850180530579186E+003 -0.303656750530484E-007 
     10.90000000 -0.850180530579249E+003 -0.304282232991948E-007 
     10.92000000 -0.850180530579311E+003 -0.304902881740418E-007 
     10.94000000 -0.850180530579373E+003 -0.305524497231486E-007 
     10.96000000 -0.850180530579435E+003 -0.306147079465154E-007 
     10.98000000 -0.850180530579498E+003 -0.306770628441420E-007 
     11.00000000 -0.850180530579560E+003 -0.307392243932489E-007 
     11.02000000 -0.850180530579622E+003 -0.308014826166156E-007 
     11.04000000 -0.850180530579684E+003 -0.308637408399823E-007 
     11.06000000 -0.850180530579747E+003 -0.309259990633491E-007 
     11.08000000 -0.850180530579808E+003 -0.309878705896763E-007 
     11.10000000 -0.850180530579871E+003 -0.310503221615628E-007 
     11.12000000 -0.850180530579933E+003 -0.311123870364098E-007 
     11.14000000 -0.850180530579995E+003 -0.311748386082963E-007 
     11.16000000 -0.850180530580058E+003 -0.312371935059229E-007 
     11.18000000 -0.850180530580120E+003 -0.312998384263292E-007 
     11.20000000 -0.850180530580182E+003 -0.313615166041366E-007 
     11.22000000 -0.850180530580245E+003 -0.314238715017632E-007 
     11.24000000 -0.850180530580307E+003 -0.314863230736497E-007 
     11.26000000 -0.850180530580369E+003 -0.315483879484967E-007 
     11.28000000 -0.850180530580431E+003 -0.316104528233437E-007 
     11.30000000 -0.850180530580493E+003 -0.316727110467104E-007 
     11.32000000 -0.850180530580556E+003 -0.317351626185969E-007 
     11.34000000 -0.850180530580618E+003 -0.317971308191840E-007 
     11.36000000 -0.850180530580680E+003 -0.318596790653304E-007 
     11.38000000 -0.850180530580743E+003 -0.319220339629570E-007 
     11.40000000 -0.850180530580805E+003 -0.319840021635441E-007 
     11.42000000 -0.850180530580867E+003 -0.320463570611707E-007 
     11.44000000 -0.850180530580929E+003 -0.321086152845375E-007 
     11.46000000 -0.850180530580991E+003 -0.321707768336443E-007 
     11.48000000 -0.850180530581053E+003 -0.322328417084913E-007 
     11.50000000 -0.850180530581116E+003 -0.322951966061179E-007 
     11.52000000 -0.850180530581178E+003 -0.323575515037446E-007 
     11.54000000 -0.850180530581240E+003 -0.324196163785915E-007 
     11.56000000 -0.850180530581302E+003 -0.324818746019583E-007 
     11.58000000 -0.850180530581365E+003 -0.325443261738448E-007 
     11.60000000 -0.850180530581427E+003 -0.326061977001720E-007 
     11.62000000 -0.850180530581489E+003 -0.326685525977986E-007 
     11.64000000 -0.850180530581552E+003 -0.327310041696851E-007 
     11.66000000 -0.850180530581614E+003 -0.327931657187920E-007 
     11.68000000 -0.850180530581676E+003 -0.328553272678988E-007 
     11.70000000 -0.850180530581738E+003 -0.329172954684859E-007 
     11.72000000 -0.850180530581801E+003 -0.329799403888922E-007 
     11.74000000 -0.850180530581863E+003 -0.330421986122589E-007 
     11.76000000 -0.850180530581925E+003 -0.331046501841454E-007 
     11.78000000 -0.850180530581987E+003 -0.331665217104726E-007 
     11.80000000 -0.850180530582049E+003 -0.332287799338394E-007 
     11.82000000 -0.850180530582112E+003 -0.332910381572061E-007 
     11.84000000 -0.850180530582174E+003 -0.333532963805729E-007 
     11.86000000 -0.850180530582236E+003 -0.334157479524594E-007 
     11.88000000 -0.850180530582299E+003 -0.334779095015662E-007 
     11.90000000 -0.850180530582361E+003 -0.335399743764132E-007 
     11.92000000 -0.850180530582423E+003 -0.336021359255200E-007 
     11.94000000 -0.850180530582485E+003 -0.336644908231467E-007 
     11.96000000 -0.850180530582548E+003 -0.337269423950332E-007 
     11.98000000 -0.850180530582610E+003 -0.337890072698801E-007 
     12.00000000 -0.850180530582672E+003 -0.338512654932469E-007 
     12.02000000 -0.850180530582734E+003 -0.339136203908735E-007 
     12.04000000 -0.850180530582796E+003 -0.339754919172007E-007 
     12.06000000 -0.850180530582859E+003 -0.340379434890872E-007 
     12.08000000 -0.850180530582921E+003 -0.341002017124540E-007 
     12.10000000 -0.850180530582983E+003 -0.341623632615608E-007 
     12.12000000 -0.850180530583045E+003 -0.342245248106677E-007 
     12.14000000 -0.850180530583107E+003 -0.342867830340344E-007 
     12.16000000 -0.850180530583170E+003 -0.343494279544407E-007 
     12.18000000 -0.850180530583232E+003 -0.344112994807679E-007 
     12.20000000 -0.850180530583294E+003 -0.344738477269143E-007 
     12.22000000 -0.850180530583357E+003 -0.345360092760211E-007 
     12.24000000 -0.850180530583419E+003 -0.345980741508681E-007 
     12.26000000 -0.850180530583481E+003 -0.346602356999750E-007 
     12.28000000 -0.850180530583543E+003 -0.347223972490818E-007 
     12.30000000 -0.850180530583605E+003 -0.347848488209683E-007 
     12.32000000 -0.850180530583668E+003 -0.348473003928548E-007 
     12.34000000 -0.850180530583730E+003 -0.349093652677018E-007 
     12.36000000 -0.850180530583792E+003 -0.349714301425488E-007 
     12.38000000 -0.850180530583854E+003 -0.350338817144353E-007 
     12.40000000 -0.850180530583917E+003 -0.350962366120619E-007 
     12.42000000 -0.850180530583979E+003 -0.351583981611688E-007 
     12.44000000 -0.850180530584041E+003 -0.352202696874960E-007 
     12.46000000 -0.850180530584103E+003 -0.352826245851226E-007 
     12.48000000 -0.850180530584165E+003 -0.353447861342294E-007 
     12.50000000 -0.850180530584228E+003 -0.354073343803758E-007 
     12.52000000 -0.850180530584290E+003 -0.354697859522624E-007 
     12.54000000 -0.850180530584352E+003 -0.355317541528494E-007 
     12.56000000 -0.850180530584415E+003 -0.355941090504761E-007 
     12.58000000 -0.850180530584477E+003 -0.356562705995829E-007 
     12.60000000 -0.850180530584539E+003 -0.357186254972095E-007 
     12.62000000 -0.850180530584601E+003 -0.357806903720565E-007 
     12.64000000 -0.850180530584664E+003 -0.358431419439430E-007 
     12.66000000 -0.850180530584726E+003 -0.359053034930499E-007 
     12.68000000 -0.850180530584788E+003 -0.359675617164166E-007 
     12.70000000 -0.850180530584850E+003 -0.360296265912636E-007 
     12.72000000 -0.850180530584913E+003 -0.360920781631501E-007 
     12.74000000 -0.850180530584975E+003 -0.361543363865168E-007 
     12.76000000 -0.850180530585037E+003 -0.362163045871039E-007 
     12.78000000 -0.850180530585099E+003 -0.362788528332503E-007 
     12.80000000 -0.850180530585161E+003 -0.363409177080973E-007 
     12.82000000 -0.850180530585224E+003 -0.364033692799838E-007 
     12.84000000 -0.850180530585286E+003 -0.364652408063110E-007 
     12.86000000 -0.850180530585348E+003 -0.365276923781975E-007 
     12.88000000 -0.850180530585410E+003 -0.365897572530445E-007 
     12.90000000 -0.850180530585473E+003 -0.366521121506711E-007 
     12.92000000 -0.850180530585535E+003 -0.367146603968175E-007 
     12.94000000 -0.850180530585597E+003 -0.367767252716645E-007 
     12.96000000 -0.850180530585659E+003 -0.368387901465114E-007 
     12.98000000 -0.850180530585722E+003 -0.369012417183979E-007 
     13.00000000 -0.850180530585784E+003 -0.369634032675048E-007 
     13.02000000 -0.850180530585846E+003 -0.370255648166117E-007 
     13.04000000 -0.850180530585908E+003 -0.370878230399784E-007 
     13.06000000 -0.850180530585971E+003 -0.371504679603847E-007 
     13.08000000 -0.850180530586032E+003 -0.372118561154124E-007 
     13.10000000 -0.850180530586095E+003 -0.372745977100786E-007 
     13.12000000 -0.850180530586157E+003 -0.373366625849256E-007 
     13.14000000 -0.850180530586219E+003 -0.373988241340324E-007 
     13.16000000 -0.850180530586282E+003 -0.374615657286986E-007 
     13.18000000 -0.850180530586344E+003 -0.375236306035456E-007 
     13.20000000 -0.850180530586407E+003 -0.375861788496920E-007 
     13.22000000 -0.850180530586469E+003 -0.376479537017593E-007 
     13.24000000 -0.850180530586531E+003 -0.377104052736458E-007 
     13.26000000 -0.850180530586593E+003 -0.377728568455323E-007 
     13.28000000 -0.850180530586655E+003 -0.378347283718595E-007 
     13.30000000 -0.850180530586718E+003 -0.378971799437460E-007 
     13.32000000 -0.850180530586780E+003 -0.379592448185930E-007 
     13.34000000 -0.850180530586842E+003 -0.380215030419597E-007 
     13.36000000 -0.850180530586904E+003 -0.380835679168067E-007 
     13.38000000 -0.850180530586967E+003 -0.381461161629531E-007 
     13.40000000 -0.850180530587029E+003 -0.382083743863198E-007 
     13.42000000 -0.850180530587091E+003 -0.382705359354267E-007 
     13.44000000 -0.850180530587153E+003 -0.383328908330533E-007 
     13.46000000 -0.850180530587216E+003 -0.383952457306799E-007 
     13.48000000 -0.850180530587278E+003 -0.384571172570071E-007 
     13.50000000 -0.850180530587340E+003 -0.385197621774134E-007 
     13.52000000 -0.850180530587402E+003 -0.385818270522604E-007 
     13.54000000 -0.850180530587465E+003 -0.386440852756271E-007 
     13.56000000 -0.850180530587527E+003 -0.387063434989939E-007 
     13.58000000 -0.850180530587589E+003 -0.387684083738408E-007 
     13.60000000 -0.850180530587651E+003 -0.388305699229477E-007 
     13.62000000 -0.850180530587713E+003 -0.388928281463144E-007 
     13.64000000 -0.850180530587776E+003 -0.389551830439411E-007 
     13.66000000 -0.850180530587838E+003 -0.390174412673078E-007 
     13.68000000 -0.850180530587900E+003 -0.390796994906745E-007 
     13.70000000 -0.850180530587963E+003 -0.391419577140413E-007 
     13.72000000 -0.850180530588025E+003 -0.392040225888882E-007 
     13.74000000 -0.850180530588087E+003 -0.392662808122550E-007 
     13.76000000 -0.850180530588149E+003 -0.393285390356217E-007 
     13.78000000 -0.850180530588211E+003 -0.393907972589885E-007 
     13.80000000 -0.850180530588274E+003 -0.394530554823552E-007 
     13.82000000 -0.850180530588336E+003 -0.395153137057219E-007 
     13.84000000 -0.850180530588398E+003 -0.395775719290887E-007 
     13.86000000 -0.850180530588460E+003 -0.396396368039357E-007 
     13.88000000 -0.850180530588523E+003 -0.397018950273024E-007 
     13.90000000 -0.850180530588585E+003 -0.397641532506691E-007 
     13.92000000 -0.850180530588647E+003 -0.398267981710754E-007 
     13.94000000 -0.850180530588709E+003 -0.398888630459224E-007 
     13.96000000 -0.850180530588772E+003 -0.399511212692891E-007 
     13.98000000 -0.850180530588834E+003 -0.400133794926559E-007 
     14.00000000 -0.850180530588896E+003 -0.400758310645424E-007 
     14.02000000 -0.850180530588958E+003 -0.401377025908696E-007 
     14.04000000 -0.850180530589021E+003 -0.402003475112759E-007 
     14.06000000 -0.850180530589083E+003 -0.402623157118629E-007 
     14.08000000 -0.850180530589145E+003 -0.403244772609698E-007 
     14.10000000 -0.850180530589207E+003 -0.403868321585964E-007 
     14.12000000 -0.850180530589270E+003 -0.404490903819632E-007 
     14.14000000 -0.850180530589332E+003 -0.405113486053299E-007 
     14.16000000 -0.850180530589394E+003 -0.405737035029565E-007 
     14.18000000 -0.850180530589456E+003 -0.406356717035436E-007 
     14.20000000 -0.850180530589518E+003 -0.406978332526505E-007 
     14.22000000 -0.850180530589581E+003 -0.407602848245370E-007 
     14.24000000 -0.850180530589643E+003 -0.408225430479037E-007 
     14.26000000 -0.850180530589706E+003 -0.408848979455303E-007 
     14.28000000 -0.850180530589767E+003 -0.409468661461174E-007 
     14.30000000 -0.850180530589830E+003 -0.410096077407836E-007 
     14.32000000 -0.850180530589892E+003 -0.410715759413707E-007 
     14.34000000 -0.850180530589954E+003 -0.411336408162176E-007 
     14.36000000 -0.850180530590017E+003 -0.411960923881042E-007 
     14.38000000 -0.850180530590079E+003 -0.412579639144313E-007 
     14.40000000 -0.850180530590141E+003 -0.413205121605778E-007 
     14.42000000 -0.850180530590203E+003 -0.413824803611648E-007 
     14.44000000 -0.850180530590265E+003 -0.414447385845316E-007 
     14.46000000 -0.850180530590328E+003 -0.415071901564181E-007 
     14.48000000 -0.850180530590390E+003 -0.415695450540447E-007 
     14.50000000 -0.850180530590452E+003 -0.416316099288917E-007 
     14.52000000 -0.850180530590514E+003 -0.416937714779985E-007 
     14.54000000 -0.850180530590577E+003 -0.417560297013653E-007 
     14.56000000 -0.850180530590639E+003 -0.418184812732518E-007 
     14.58000000 -0.850180530590701E+003 -0.418805461480988E-007 
     14.60000000 -0.850180530590764E+003 -0.419429977199853E-007 
     14.62000000 -0.850180530590826E+003 -0.420051592690921E-007 
     14.64000000 -0.850180530590888E+003 -0.420678041894984E-007 
     14.66000000 -0.850180530590950E+003 -0.421297723900855E-007 
     14.68000000 -0.850180530591012E+003 -0.421918372649325E-007 
     14.70000000 -0.850180530591074E+003 -0.422539021397794E-007 
     14.72000000 -0.850180530591137E+003 -0.423165470601857E-007 
     14.74000000 -0.850180530591199E+003 -0.423788052835524E-007 
     14.76000000 -0.850180530591261E+003 -0.424408701583994E-007 
     14.78000000 -0.850180530591324E+003 -0.425033217302859E-007 
     14.80000000 -0.850180530591386E+003 -0.425655799536527E-007 
     14.82000000 -0.850180530591448E+003 -0.426276448284996E-007 
     14.84000000 -0.850180530591511E+003 -0.426899030518664E-007 
     14.86000000 -0.850180530591573E+003 -0.427521612752331E-007 
     14.88000000 -0.850180530591635E+003 -0.428142261500801E-007 
     14.90000000 -0.850180530591697E+003 -0.428764843734468E-007 
     14.92000000 -0.850180530591760E+003 -0.429389359453333E-007 
     14.94000000 -0.850180530591822E+003 -0.430010008201803E-007 
     14.96000000 -0.850180530591884E+003 -0.430632590435470E-007 
     14.98000000 -0.850180530591946E+003 -0.431255172669138E-007 
     15.00000000 -0.850180530592009E+003 -0.431879688388003E-007 
     15.02000000 -0.850180530592070E+003 -0.432498403651275E-007 
     15.04000000 -0.850180530592133E+003 -0.433122919370140E-007 
     15.06000000 -0.850180530592195E+003 -0.433745501603807E-007 
     15.08000000 -0.850180530592257E+003 -0.434366150352277E-007 
     15.10000000 -0.850180530592319E+003 -0.434988732585945E-007 
     15.12000000 -0.850180530592382E+003 -0.435613248304810E-007 
     15.14000000 -0.850180530592444E+003 -0.436235830538477E-007 
     15.16000000 -0.850180530592506E+003 -0.436856479286947E-007 
     15.18000000 -0.850180530592568E+003 -0.437477128035416E-007 
     15.20000000 -0.850180530592631E+003 -0.438102610496880E-007 
     15.22000000 -0.850180530592693E+003 -0.438722292502751E-007 
     15.24000000 -0.850180530592755E+003 -0.439346808221616E-007 
     15.26000000 -0.850180530592817E+003 -0.439969390455284E-007 
     15.28000000 -0.850180530592880E+003 -0.440594872916748E-007 
     15.30000000 -0.850180530592942E+003 -0.441214554922619E-007 
     15.32000000 -0.850180530593004E+003 -0.441837137156286E-007 
     15.34000000 -0.850180530593066E+003 -0.442457785904756E-007 
     15.36000000 -0.850180530593129E+003 -0.443080368138423E-007 
     15.38000000 -0.850180530593191E+003 -0.443704883857288E-007 
     15.40000000 -0.850180530593253E+003 -0.444325532605758E-007 
     15.42000000 -0.850180530593316E+003 -0.444950048324623E-007 
     15.44000000 -0.850180530593378E+003 -0.445570697073093E-007 
     15.46000000 -0.850180530593440E+003 -0.446191345821562E-007 
     15.48000000 -0.850180530593502E+003 -0.446813928055230E-007 
     15.50000000 -0.850180530593564E+003 -0.447438443774095E-007 
     15.52000000 -0.850180530593627E+003 -0.448061026007762E-007 
     15.54000000 -0.850180530593689E+003 -0.448687475211825E-007 
     15.56000000 -0.850180530593751E+003 -0.449304256989899E-007 
     15.58000000 -0.850180530593814E+003 -0.449930706193962E-007 
     15.60000000 -0.850180530593876E+003 -0.450549421457234E-007 
     15.62000000 -0.850180530593938E+003 -0.451170070205704E-007 
     15.64000000 -0.850180530594000E+003 -0.451798452894964E-007 
     15.66000000 -0.850180530594062E+003 -0.452419101643434E-007 
     15.68000000 -0.850180530594125E+003 -0.453039750391904E-007 
     15.70000000 -0.850180530594187E+003 -0.453660399140373E-007 
     15.72000000 -0.850180530594249E+003 -0.454282981374041E-007 
     15.74000000 -0.850180530594311E+003 -0.454903630122510E-007 
     15.76000000 -0.850180530594373E+003 -0.455526212356178E-007 
     15.78000000 -0.850180530594435E+003 -0.456148794589845E-007 
     15.80000000 -0.850180530594498E+003 -0.456769443338315E-007 
     15.82000000 -0.850180530594560E+003 -0.457392025571982E-007 
     15.84000000 -0.850180530594622E+003 -0.458014607805650E-007 
     15.86000000 -0.850180530594684E+003 -0.458639123524515E-007 
     15.88000000 -0.850180530594747E+003 -0.459259772272985E-007 
     15.90000000 -0.850180530594809E+003 -0.459886221477047E-007 
     15.92000000 -0.850180530594871E+003 -0.460506870225517E-007 
     15.94000000 -0.850180530594933E+003 -0.461123652003591E-007 
     15.96000000 -0.850180530594996E+003 -0.461750101207654E-007 
     15.98000000 -0.850180530595058E+003 -0.462374616926519E-007 
     16.00000000 -0.850180530595120E+003 -0.462995265674989E-007 
     16.02000000 -0.850180530595182E+003 -0.463617847908656E-007 
     16.04000000 -0.850180530595244E+003 -0.464238496657126E-007 
     16.06000000 -0.850180530595307E+003 -0.464864945861189E-007 
     16.08000000 -0.850180530595369E+003 -0.465485594609659E-007 
     16.10000000 -0.850180530595431E+003 -0.466108176843326E-007 
     16.12000000 -0.850180530595493E+003 -0.466728825591796E-007 
     16.14000000 -0.850180530595556E+003 -0.467353341310661E-007 
     16.16000000 -0.850180530595618E+003 -0.467976890286927E-007 
     16.18000000 -0.850180530595680E+003 -0.468597539035397E-007 
     16.20000000 -0.850180530595742E+003 -0.469215287556070E-007 
     16.22000000 -0.850180530595805E+003 -0.469840770017534E-007 
     16.24000000 -0.850180530595867E+003 -0.470461418766003E-007 
     16.26000000 -0.850180530595929E+003 -0.471084967742270E-007 
     16.28000000 -0.850180530595991E+003 -0.471705616490739E-007 
     16.30000000 -0.850180530596054E+003 -0.472330132209605E-007 
     16.32000000 -0.850180530596116E+003 -0.472952714443272E-007 
     16.34000000 -0.850180530596178E+003 -0.473573363191742E-007 
     16.36000000 -0.850180530596240E+003 -0.474197878910607E-007 
     16.38000000 -0.850180530596302E+003 -0.474818527659076E-007 
     16.40000000 -0.850180530596365E+003 -0.475439176407546E-007 
     16.42000000 -0.850180530596427E+003 -0.476065625611609E-007 
     16.44000000 -0.850180530596489E+003 -0.476686274360079E-007 
     16.46000000 -0.850180530596551E+003 -0.477307889851147E-007 
     16.48000000 -0.850180530596614E+003 -0.477931438827413E-007 
     16.50000000 -0.850180530596676E+003 -0.478552087575883E-007 
     16.52000000 -0.850180530596738E+003 -0.479178536779946E-007 
     16.54000000 -0.850180530596800E+003 -0.479797252043218E-007 
     16.56000000 -0.850180530596863E+003 -0.480420801019484E-007 
     16.58000000 -0.850180530596925E+003 -0.481042416510553E-007 
     16.60000000 -0.850180530596987E+003 -0.481664998744220E-007 
     16.62000000 -0.850180530597049E+003 -0.482287580977887E-007 
     16.64000000 -0.850180530597111E+003 -0.482907262983758E-007 
     16.66000000 -0.850180530597174E+003 -0.483533712187821E-007 
     16.68000000 -0.850180530597236E+003 -0.484153394193692E-007 
     16.70000000 -0.850180530597299E+003 -0.484779843397755E-007 
     16.72000000 -0.850180530597360E+003 -0.485398558661027E-007 
     16.74000000 -0.850180530597423E+003 -0.486020174152095E-007 
     16.76000000 -0.850180530597485E+003 -0.486645656613559E-007 
     16.78000000 -0.850180530597548E+003 -0.487269205589826E-007 
     16.80000000 -0.850180530597609E+003 -0.487887920853098E-007 
     16.82000000 -0.850180530597672E+003 -0.488511469829364E-007 
     16.84000000 -0.850180530597734E+003 -0.489133085320432E-007 
     16.86000000 -0.850180530597796E+003 -0.489755667554100E-007 
     16.88000000 -0.850180530597858E+003 -0.490377283045168E-007 
     16.90000000 -0.850180530597921E+003 -0.491000832021435E-007 
     16.92000000 -0.850180530597983E+003 -0.491624380997701E-007 
     16.94000000 -0.850180530598045E+003 -0.492245029746170E-007 
     16.96000000 -0.850180530598107E+003 -0.492867611979838E-007 
     16.98000000 -0.850180530598170E+003 -0.493491160956104E-007 
     17.00000000 -0.850180530598232E+003 -0.494110842961975E-007 
     17.02000000 -0.850180530598294E+003 -0.494735358680840E-007 
     17.04000000 -0.850180530598356E+003 -0.495356007429310E-007 
     17.06000000 -0.850180530598418E+003 -0.495979556405576E-007 
     17.08000000 -0.850180530598480E+003 -0.496597304926249E-007 
     17.10000000 -0.850180530598543E+003 -0.497221820645114E-007 
     17.12000000 -0.850180530598605E+003 -0.497846336363979E-007 
     17.14000000 -0.850180530598667E+003 -0.498468918597647E-007 
     17.16000000 -0.850180530598730E+003 -0.499089567346116E-007 
     17.18000000 -0.850180530598792E+003 -0.499710216094586E-007 
     17.20000000 -0.850180530598854E+003 -0.500332798328254E-007 
     17.22000000 -0.850180530598916E+003 -0.500958280789718E-007 
     17.24000000 -0.850180530598979E+003 -0.501578929538187E-007 
     17.26000000 -0.850180530599041E+003 -0.502202478514453E-007 
     17.28000000 -0.850180530599103E+003 -0.502825060748121E-007 
     17.30000000 -0.850180530599165E+003 -0.503445709496590E-007 
     17.32000000 -0.850180530599227E+003 -0.504068291730258E-007 
     17.34000000 -0.850180530599289E+003 -0.504688940478728E-007 
     17.36000000 -0.850180530599352E+003 -0.505313456197593E-007 
     17.38000000 -0.850180530599414E+003 -0.505932171460865E-007 
     17.40000000 -0.850180530599476E+003 -0.506554753694532E-007 
     17.42000000 -0.850180530599539E+003 -0.507180236155996E-007 
     17.44000000 -0.850180530599601E+003 -0.507801851647065E-007 
     17.46000000 -0.850180530599663E+003 -0.508422500395534E-007 
     17.48000000 -0.850180530599725E+003 -0.509044115886603E-007 
     17.50000000 -0.850180530599787E+003 -0.509667664862869E-007 
     17.52000000 -0.850180530599850E+003 -0.510294114066932E-007 
     17.54000000 -0.850180530599912E+003 -0.510917663043198E-007 
     17.56000000 -0.850180530599974E+003 -0.511537345049069E-007 
     17.58000000 -0.850180530600036E+003 -0.512157993797539E-007 
     17.60000000 -0.850180530600099E+003 -0.512781542773805E-007 
     17.62000000 -0.850180530600161E+003 -0.513403158264873E-007 
     17.64000000 -0.850180530600223E+003 -0.514027673983739E-007 
     17.66000000 -0.850180530600286E+003 -0.514650256217406E-007 
     17.68000000 -0.850180530600348E+003 -0.515270904965876E-007 
     17.70000000 -0.850180530600410E+003 -0.515893487199543E-007 
     17.72000000 -0.850180530600472E+003 -0.516516069433211E-007 
     17.74000000 -0.850180530600534E+003 -0.517138651666878E-007 
     17.76000000 -0.850180530600597E+003 -0.517761233900545E-007 
     17.78000000 -0.850180530600659E+003 -0.518384782876812E-007 
     17.80000000 -0.850180530600721E+003 -0.519004464882682E-007 
     17.82000000 -0.850180530600783E+003 -0.519627047116350E-007 
     17.84000000 -0.850180530600846E+003 -0.520249629350017E-007 
     17.86000000 -0.850180530600908E+003 -0.520870278098487E-007 
     17.88000000 -0.850180530600970E+003 -0.521495760559951E-007 
     17.90000000 -0.850180530601032E+003 -0.522118342793618E-007 
     17.92000000 -0.850180530601095E+003 -0.522739958284687E-007 
     17.94000000 -0.850180530601157E+003 -0.523362540518354E-007 
     17.96000000 -0.850180530601219E+003 -0.523984156009423E-007 
     17.98000000 -0.850180530601281E+003 -0.524607704985689E-007 
     18.00000000 -0.850180530601343E+003 -0.525228353734159E-007 
