# Real time calculation: 
# Eall: Total energy
# Eall0: Initial energy
# 1:Time[fs] 2:Eall[eV] 3:Eall-Eall0[eV] 
      0.00000000 -0.838044454504056E+003  0.000000000000000E+000 
      0.02000000 -0.838044454503988E+003  0.682520274796872E-010 
      0.04000000 -0.838044454503916E+003  0.139500957015848E-009 
      0.06000000 -0.838044454503848E+003  0.207849658755421E-009 
      0.08000000 -0.838044454503777E+003  0.278421868472378E-009 
      0.10000000 -0.838044454503707E+003  0.348414032630018E-009 
      0.12000000 -0.838044454503636E+003  0.419372939386520E-009 
      0.14000000 -0.838044454503566E+003  0.489655126323818E-009 
      0.16000000 -0.838044454503494E+003  0.562257495498386E-009 
      0.18000000 -0.838044454503421E+003  0.634376493373523E-009 
      0.20000000 -0.838044454503349E+003  0.706882188288205E-009 
      0.22000000 -0.838044454503274E+003  0.781708065440156E-009 
      0.24000000 -0.838044454503195E+003  0.860400912987558E-009 
      0.26000000 -0.838044454503114E+003  0.941800639811774E-009 
      0.28000000 -0.838044454503028E+003  0.102774405685064E-008 
      0.30000000 -0.838044454502936E+003  0.111939125522280E-008 
      0.32000000 -0.838044454502839E+003  0.121693558344802E-008 
      0.34000000 -0.838044454502733E+003  0.132250387524380E-008 
      0.36000000 -0.838044454502618E+003  0.143822296432763E-008 
      0.38000000 -0.838044454502492E+003  0.156399617643963E-008 
      0.40000000 -0.838044454502353E+003  0.170291708789616E-008 
      0.42000000 -0.838044454502204E+003  0.185227881942041E-008 
      0.44000000 -0.838044454502037E+003  0.201875189494451E-008 
      0.46000000 -0.838044454501855E+003  0.220127289760974E-008 
      0.48000000 -0.838044454501656E+003  0.239984182741608E-008 
      0.50000000 -0.838044454501441E+003  0.261484538140309E-008 
      0.52000000 -0.838044454501206E+003  0.284986050718654E-008 
      0.54000000 -0.838044454500956E+003  0.310024684029191E-008 
      0.56000000 -0.838044454500685E+003  0.337054807093384E-008 
      0.58000000 -0.838044454500400E+003  0.365602716037792E-008 
      0.60000000 -0.838044454500099E+003  0.395707080566368E-008 
      0.62000000 -0.838044454499783E+003  0.427280893845214E-008 
      0.64000000 -0.838044454499455E+003  0.460043800520662E-008 
      0.66000000 -0.838044454499120E+003  0.493599436127177E-008 
      0.68000000 -0.838044454498775E+003  0.528063809776622E-008 
      0.70000000 -0.838044454498428E+003  0.562818206205726E-008 
      0.72000000 -0.838044454498080E+003  0.597582270060819E-008 
      0.74000000 -0.838044454497736E+003  0.632036976284276E-008 
      0.76000000 -0.838044454497399E+003  0.665640949020734E-008 
      0.78000000 -0.838044454497074E+003  0.698220174602398E-008 
      0.80000000 -0.838044454496764E+003  0.729213942321927E-008 
      0.82000000 -0.838044454496472E+003  0.758409568807572E-008 
      0.84000000 -0.838044454496202E+003  0.785381687315834E-008 
      0.86000000 -0.838044454495958E+003  0.809791937937110E-008 
      0.88000000 -0.838044454495742E+003  0.831398635021685E-008 
      0.90000000 -0.838044454495556E+003  0.850027764901764E-008 
      0.92000000 -0.838044454495401E+003  0.865485979057574E-008 
      0.94000000 -0.838044454495276E+003  0.878014963138831E-008 
      0.96000000 -0.838044454495181E+003  0.887537377737626E-008 
      0.98000000 -0.838044454495113E+003  0.894333578207629E-008 
      1.00000000 -0.838044454495068E+003  0.898819263866351E-008 
      1.02000000 -0.838044454495042E+003  0.901371464327347E-008 
      1.04000000 -0.838044454495028E+003  0.902802243373664E-008 
      1.06000000 -0.838044454495018E+003  0.903768985972526E-008 
      1.08000000 -0.838044454495003E+003  0.905325441556695E-008 
      1.10000000 -0.838044454494969E+003  0.908680038374747E-008 
      1.12000000 -0.838044454494907E+003  0.914905860711421E-008 
      1.14000000 -0.838044454494799E+003  0.925694708114726E-008 
      1.16000000 -0.838044454494631E+003  0.942438689927023E-008 
      1.18000000 -0.838044454494385E+003  0.967042289068072E-008 
      1.20000000 -0.838044454494044E+003  0.100115863538193E-007 
      1.22000000 -0.838044454493586E+003  0.104699190199399E-007 
      1.24000000 -0.838044454492992E+003  0.110633056271217E-007 
      1.26000000 -0.838044454492242E+003  0.118138845808785E-007 
      1.28000000 -0.838044454491314E+003  0.127415707787469E-007 
      1.30000000 -0.838044454490186E+003  0.138696627173594E-007 
      1.32000000 -0.838044454488838E+003  0.152181719685126E-007 
      1.34000000 -0.838044454487248E+003  0.168077868238221E-007 
      1.36000000 -0.838044454485398E+003  0.186583255065646E-007 
      1.38000000 -0.838044454483269E+003  0.207872860577794E-007 
      1.40000000 -0.838044454480845E+003  0.232104263818281E-007 
      1.42000000 -0.838044454478112E+003  0.259438910801116E-007 
      1.44000000 -0.838044454475056E+003  0.289997644351157E-007 
      1.46000000 -0.838044454471670E+003  0.323855870391116E-007 
      1.48000000 -0.838044454467947E+003  0.361089961586302E-007 
      1.50000000 -0.838044454463884E+003  0.401717319303495E-007 
      1.52000000 -0.838044454459478E+003  0.445778546731848E-007 
      1.54000000 -0.838044454454739E+003  0.493169235670683E-007 
      1.56000000 -0.838044454449671E+003  0.543846849445650E-007 
      1.58000000 -0.838044454444291E+003  0.597644141587146E-007 
      1.60000000 -0.838044454438611E+003  0.654448003211105E-007 
      1.62000000 -0.838044454432655E+003  0.714003214271425E-007 
      1.64000000 -0.838044454426449E+003  0.776071956088789E-007 
      1.66000000 -0.838044454420018E+003  0.840379673765117E-007 
      1.68000000 -0.838044454413399E+003  0.906570606024030E-007 
      1.70000000 -0.838044454406629E+003  0.974271590222365E-007 
      1.72000000 -0.838044454399746E+003  0.104309882954838E-006 
      1.74000000 -0.838044454392794E+003  0.111261438960478E-006 
      1.76000000 -0.838044454385819E+003  0.118236680159790E-006 
      1.78000000 -0.838044454378867E+003  0.125188526188209E-006 
      1.80000000 -0.838044454371990E+003  0.132065933036517E-006 
      1.82000000 -0.838044454365235E+003  0.138821143620328E-006 
      1.84000000 -0.838044454358653E+003  0.145402920581903E-006 
      1.86000000 -0.838044454352292E+003  0.151763506836858E-006 
      1.88000000 -0.838044454346202E+003  0.157853985209692E-006 
      1.90000000 -0.838044454340428E+003  0.163628145404177E-006 
      1.92000000 -0.838044454335010E+003  0.169045964276722E-006 
      1.94000000 -0.838044454329990E+003  0.174065775221315E-006 
      1.96000000 -0.838044454325400E+003  0.178656062429234E-006 
      1.98000000 -0.838044454321270E+003  0.182785890137314E-006 
      2.00000000 -0.838044454317622E+003  0.186433990008381E-006 
      2.02000000 -0.838044454314471E+003  0.189584990835114E-006 
      2.04000000 -0.838044454311824E+003  0.192231932070799E-006 
      2.06000000 -0.838044454309685E+003  0.194370946745042E-006 
      2.08000000 -0.838044454308042E+003  0.196013442420509E-006 
      2.10000000 -0.838044454306876E+003  0.197179430668997E-006 
      2.12000000 -0.838044454306164E+003  0.197892306661398E-006 
      2.14000000 -0.838044454305863E+003  0.198192286889825E-006 
      2.16000000 -0.838044454305931E+003  0.198124614907905E-006 
      2.18000000 -0.838044454306309E+003  0.197747005248789E-006 
      2.20000000 -0.838044454306931E+003  0.197124616363642E-006 
      2.22000000 -0.838044454307720E+003  0.196335754402970E-006 
      2.24000000 -0.838044454308594E+003  0.195461432396559E-006 
      2.26000000 -0.838044454309456E+003  0.194599871392452E-006 
      2.28000000 -0.838044454310208E+003  0.193847745650537E-006 
      2.30000000 -0.838044454310740E+003  0.193316327243943E-006 
      2.32000000 -0.838044454310936E+003  0.193119401776555E-006 
      2.34000000 -0.838044454310681E+003  0.193375008519694E-006 
      2.36000000 -0.838044454309848E+003  0.194208340639913E-006 
      2.38000000 -0.838044454308311E+003  0.195744494629506E-006 
      2.40000000 -0.838044454305946E+003  0.198109340374843E-006 
      2.42000000 -0.838044454302623E+003  0.201433291452511E-006 
      2.44000000 -0.838044454298217E+003  0.205838640801268E-006 
      2.46000000 -0.838044454292608E+003  0.211448068056907E-006 
      2.48000000 -0.838044454285676E+003  0.218379419142231E-006 
      2.50000000 -0.838044454277312E+003  0.226744256153148E-006 
      2.52000000 -0.838044454267411E+003  0.236644473759578E-006 
      2.54000000 -0.838044454255880E+003  0.248175779478809E-006 
      2.56000000 -0.838044454242638E+003  0.261417639552467E-006 
      2.58000000 -0.838044454227613E+003  0.276442463001207E-006 
      2.60000000 -0.838044454210749E+003  0.293306610918543E-006 
      2.62000000 -0.838044454192003E+003  0.312052523304565E-006 
      2.64000000 -0.838044454171352E+003  0.332704272049984E-006 
      2.66000000 -0.838044454148784E+003  0.355272104626348E-006 
      2.68000000 -0.838044454124311E+003  0.379744903493770E-006 
      2.70000000 -0.838044454097958E+003  0.406097630018941E-006 
      2.72000000 -0.838044454069774E+003  0.434282237094696E-006 
      2.74000000 -0.838044454039819E+003  0.464236563171928E-006 
      2.76000000 -0.838044454008181E+003  0.495875341553419E-006 
      2.78000000 -0.838044453974961E+003  0.529094937432569E-006 
      2.80000000 -0.838044453940278E+003  0.563777794909357E-006 
      2.82000000 -0.838044453904272E+003  0.599784123003988E-006 
      2.84000000 -0.838044453867095E+003  0.636960789688802E-006 
      2.86000000 -0.838044453828918E+003  0.675137938289179E-006 
      2.88000000 -0.838044453789925E+003  0.714131210991515E-006 
      2.90000000 -0.838044453750310E+003  0.753745615813620E-006 
      2.92000000 -0.838044453710282E+003  0.793774076490818E-006 
      2.94000000 -0.838044453670052E+003  0.834003426280060E-006 
      2.96000000 -0.838044453629846E+003  0.874210154292488E-006 
      2.98000000 -0.838044453589887E+003  0.914169202851088E-006 
      3.00000000 -0.838044453550402E+003  0.953654064164946E-006 
      3.02000000 -0.838044453511620E+003  0.992436296957951E-006 
      3.04000000 -0.838044453473762E+003  0.103029364710662E-005 
      3.06000000 -0.838044453437046E+003  0.106700966094308E-005 
      3.08000000 -0.838044453401682E+003  0.110237426530059E-005 
      3.10000000 -0.838044453367866E+003  0.113619024468897E-005 
      3.12000000 -0.838044453335781E+003  0.116827498143132E-005 
      3.14000000 -0.838044453305596E+003  0.119845939224708E-005 
      3.16000000 -0.838044453277461E+003  0.122659498547307E-005 
      3.18000000 -0.838044453251502E+003  0.125255434443477E-005 
      3.20000000 -0.838044453227824E+003  0.127623190084037E-005 
      3.22000000 -0.838044453206509E+003  0.129754664166008E-005 
      3.24000000 -0.838044453187610E+003  0.131644568607377E-005 
      3.26000000 -0.838044453171152E+003  0.133290380209958E-005 
      3.28000000 -0.838044453157131E+003  0.134692476003366E-005 
      3.30000000 -0.838044453145517E+003  0.135853901226787E-005 
      3.32000000 -0.838044453136244E+003  0.136781220062468E-005 
      3.34000000 -0.838044453129219E+003  0.137483693904506E-005 
      3.36000000 -0.838044453124317E+003  0.137973871071833E-005 
      3.38000000 -0.838044453121383E+003  0.138267316120292E-005 
      3.40000000 -0.838044453120234E+003  0.138382184475888E-005 
      3.42000000 -0.838044453120659E+003  0.138339725140946E-005 
      3.44000000 -0.838044453122419E+003  0.138163719983397E-005 
      3.46000000 -0.838044453125249E+003  0.137880715755006E-005 
      3.48000000 -0.838044453128867E+003  0.137518912337382E-005 
      3.50000000 -0.838044453132967E+003  0.137108926468631E-005 
      3.52000000 -0.838044453137223E+003  0.136683289037203E-005 
      3.54000000 -0.838044453141300E+003  0.136275584680985E-005 
      3.56000000 -0.838044453144851E+003  0.135920509791849E-005 
      3.58000000 -0.838044453147515E+003  0.135654114201306E-005 
      3.60000000 -0.838044453148936E+003  0.135511983704422E-005 
      3.62000000 -0.838044453148751E+003  0.135530506492616E-005 
      3.64000000 -0.838044453146601E+003  0.135745510046603E-005 
      3.66000000 -0.838044453142137E+003  0.136191893774202E-005 
      3.68000000 -0.838044453135018E+003  0.136903745019448E-005 
      3.70000000 -0.838044453124922E+003  0.137913420657126E-005 
      3.72000000 -0.838044453111537E+003  0.139251837115547E-005 
      3.74000000 -0.838044453094585E+003  0.140947029930078E-005 
      3.76000000 -0.838044453073803E+003  0.143025236494853E-005 
      3.78000000 -0.838044453048962E+003  0.145509368609464E-005 
      3.80000000 -0.838044453019866E+003  0.148418983476686E-005 
      3.82000000 -0.838044452986348E+003  0.151770796076054E-005 
      3.84000000 -0.838044452948283E+003  0.155577229049963E-005 
      3.86000000 -0.838044452905586E+003  0.159847021751506E-005 
      3.88000000 -0.838044452858206E+003  0.164584959556549E-005 
      3.90000000 -0.838044452806142E+003  0.169791400159853E-005 
      3.92000000 -0.838044452749429E+003  0.175462679606967E-005 
      3.94000000 -0.838044452688152E+003  0.181590425906987E-005 
      3.96000000 -0.838044452622436E+003  0.188162003734144E-005 
      3.98000000 -0.838044452552447E+003  0.195160852787720E-005 
      4.00000000 -0.838044452478397E+003  0.202565898079061E-005 
      4.02000000 -0.838044452400535E+003  0.210352052637725E-005 
      4.04000000 -0.838044452319154E+003  0.218490188509208E-005 
      4.06000000 -0.838044452234576E+003  0.226947987488432E-005 
      4.08000000 -0.838044452147164E+003  0.235689177393086E-005 
      4.10000000 -0.838044452057309E+003  0.244674653485047E-005 
      4.12000000 -0.838044451965429E+003  0.253862652484043E-005 
      4.14000000 -0.838044451871965E+003  0.263209071592715E-005 
      4.16000000 -0.838044451777379E+003  0.272667642510281E-005 
      4.18000000 -0.838044451682149E+003  0.282190714494043E-005 
      4.20000000 -0.838044451586761E+003  0.291729467042759E-005 
      4.22000000 -0.838044451491708E+003  0.301234789632406E-005 
      4.24000000 -0.838044451397487E+003  0.310656856349439E-005 
      4.26000000 -0.838044451304586E+003  0.319946962701727E-005 
      4.28000000 -0.838044451213488E+003  0.329056800561606E-005 
      4.30000000 -0.838044451124661E+003  0.337939453910751E-005 
      4.32000000 -0.838044451038555E+003  0.346550104562281E-005 
      4.34000000 -0.838044450955597E+003  0.354845935486491E-005 
      4.36000000 -0.838044450876182E+003  0.362787426245940E-005 
      4.38000000 -0.838044450800680E+003  0.370337608603648E-005 
      4.40000000 -0.838044450729420E+003  0.377463603643827E-005 
      4.42000000 -0.838044450662691E+003  0.384136447758215E-005 
      4.44000000 -0.838044450600743E+003  0.390331314996873E-005 
      4.46000000 -0.838044450543775E+003  0.396028126116024E-005 
      4.48000000 -0.838044450491941E+003  0.401211471238641E-005 
      4.50000000 -0.838044450445342E+003  0.405871392915955E-005 
      4.52000000 -0.838044450404027E+003  0.410002931758436E-005 
      4.54000000 -0.838044450367995E+003  0.413606087766082E-005 
      4.56000000 -0.838044450337188E+003  0.416686787071025E-005 
      4.58000000 -0.838044450311497E+003  0.419255837855520E-005 
      4.60000000 -0.838044450290760E+003  0.421329636074043E-005 
      4.62000000 -0.838044450274759E+003  0.422929701416846E-005 
      4.64000000 -0.838044450263232E+003  0.424082435624304E-005 
      4.66000000 -0.838044450255867E+003  0.424818890468691E-005 
      4.68000000 -0.838044450252305E+003  0.425175125448946E-005 
      4.70000000 -0.838044450252149E+003  0.425190690004788E-005 
      4.72000000 -0.838044450254961E+003  0.424909483917631E-005 
      4.74000000 -0.838044450260269E+003  0.424378655224021E-005 
      4.76000000 -0.838044450267574E+003  0.423648136179191E-005 
      4.78000000 -0.838044450276350E+003  0.422770614254778E-005 
      4.80000000 -0.838044450286050E+003  0.421800584731079E-005 
      4.82000000 -0.838044450296115E+003  0.420794118678829E-005 
      4.84000000 -0.838044450305977E+003  0.419807934886304E-005 
      4.86000000 -0.838044450315061E+003  0.418899467531301E-005 
      4.88000000 -0.838044450322800E+003  0.418125551411208E-005 
      4.90000000 -0.838044450328631E+003  0.417542489614982E-005 
      4.92000000 -0.838044450332004E+003  0.417205231791943E-005 
      4.94000000 -0.838044450332390E+003  0.417166581422840E-005 
      4.96000000 -0.838044450329286E+003  0.417476963801631E-005 
      4.98000000 -0.838044450322214E+003  0.418184145680125E-005 
      5.00000000 -0.838044450310736E+003  0.419332007504884E-005 
      5.02000000 -0.838044450294446E+003  0.420961007453671E-005 
      5.04000000 -0.838044450272988E+003  0.423106750656402E-005 
      5.06000000 -0.838044450246052E+003  0.425800404894465E-005 
      5.08000000 -0.838044450213373E+003  0.429068284901399E-005 
      5.10000000 -0.838044450174745E+003  0.432931059633970E-005 
      5.12000000 -0.838044450130014E+003  0.437404235643462E-005 
      5.14000000 -0.838044450079084E+003  0.442497229002789E-005 
      5.16000000 -0.838044450021918E+003  0.448213819675512E-005 
      5.18000000 -0.838044449958536E+003  0.454551938832470E-005 
      5.20000000 -0.838044449889019E+003  0.461503639849500E-005 
      5.22000000 -0.838044449813507E+003  0.469054846954363E-005 
      5.24000000 -0.838044449732193E+003  0.477186292967062E-005 
      5.26000000 -0.838044449645329E+003  0.485872668566361E-005 
      5.28000000 -0.838044449553219E+003  0.495083676039210E-005 
      5.30000000 -0.838044449456218E+003  0.504783797262528E-005 
      5.32000000 -0.838044449354726E+003  0.514933028427573E-005 
      5.34000000 -0.838044449249186E+003  0.525486957379354E-005 
      5.36000000 -0.838044449140086E+003  0.536396956965148E-005 
      5.38000000 -0.838044449027942E+003  0.547611422465028E-005 
      5.40000000 -0.838044448913298E+003  0.559075742589584E-005 
      5.42000000 -0.838044448796729E+003  0.570732676509537E-005 
      5.44000000 -0.838044448678821E+003  0.582523504279433E-005 
      5.46000000 -0.838044448560179E+003  0.594387727147434E-005 
      5.48000000 -0.838044448441410E+003  0.606264575673777E-005 
      5.50000000 -0.838044448323128E+003  0.618092748710266E-005 
      5.52000000 -0.838044448205937E+003  0.629811931186160E-005 
      5.54000000 -0.838044448090435E+003  0.641362127055773E-005 
      5.56000000 -0.838044447977199E+003  0.652685650788230E-005 
      5.58000000 -0.838044447866791E+003  0.663726489317355E-005 
      5.60000000 -0.838044447759740E+003  0.674431539472190E-005 
      5.62000000 -0.838044447656549E+003  0.684750733653541E-005 
      5.64000000 -0.838044447557679E+003  0.694637648881811E-005 
      5.66000000 -0.838044447463554E+003  0.704050222186523E-005 
      5.68000000 -0.838044447374554E+003  0.712950180228189E-005 
      5.70000000 -0.838044447291008E+003  0.721304750432706E-005 
      5.72000000 -0.838044447213196E+003  0.729085984271541E-005 
      5.74000000 -0.838044447141346E+003  0.736271027949659E-005 
      5.76000000 -0.838044447075628E+003  0.742842808792762E-005 
      5.78000000 -0.838044447016157E+003  0.748789861233628E-005 
      5.80000000 -0.838044446962995E+003  0.754106075459032E-005 
      5.82000000 -0.838044446916139E+003  0.758791722156902E-005 
      5.84000000 -0.838044446875534E+003  0.762852205418366E-005 
      5.86000000 -0.838044446841070E+003  0.766298565443903E-005 
      5.88000000 -0.838044446812578E+003  0.769147739563844E-005 
      5.90000000 -0.838044446789844E+003  0.771421199131311E-005 
      5.92000000 -0.838044446772595E+003  0.773146090278479E-005 
      5.94000000 -0.838044446760518E+003  0.774353832139812E-005 
      5.96000000 -0.838044446753252E+003  0.775080329535431E-005 
      5.98000000 -0.838044446750402E+003  0.775365402592984E-005 
      6.00000000 -0.838044446751532E+003  0.775252361380899E-005 
      6.02000000 -0.838044446756178E+003  0.774787831894720E-005 
      6.04000000 -0.838044446763849E+003  0.774020721642522E-005 
      6.06000000 -0.838044446774032E+003  0.773002354988881E-005 
      6.08000000 -0.838044446786200E+003  0.771785622421378E-005 
      6.10000000 -0.838044446799813E+003  0.770424323165642E-005 
      6.12000000 -0.838044446814328E+003  0.768972817158006E-005 
      6.14000000 -0.838044446829200E+003  0.767485551341638E-005 
      6.16000000 -0.838044446843889E+003  0.766016692304353E-005 
      6.18000000 -0.838044446857868E+003  0.764618821176102E-005 
      6.20000000 -0.838044446870621E+003  0.763343484672256E-005 
      6.22000000 -0.838044446881654E+003  0.762240170346453E-005 
      6.24000000 -0.838044446890500E+003  0.761355542863938E-005 
      6.26000000 -0.838044446896718E+003  0.760733734024349E-005 
      6.28000000 -0.838044446899900E+003  0.760415540365360E-005 
      6.30000000 -0.838044446899675E+003  0.760438104137617E-005 
      6.32000000 -0.838044446895712E+003  0.760834400931169E-005 
      6.34000000 -0.838044446887720E+003  0.761633578035370E-005 
      6.36000000 -0.838044446875453E+003  0.762860239049363E-005 
      6.38000000 -0.838044446858714E+003  0.764534231198701E-005 
      6.40000000 -0.838044446837350E+003  0.766670558328519E-005 
      6.42000000 -0.838044446811259E+003  0.769279661258885E-005 
      6.44000000 -0.838044446780386E+003  0.772367031087760E-005 
      6.46000000 -0.838044446744724E+003  0.775933170521296E-005 
      6.48000000 -0.838044446704318E+003  0.779973825892057E-005 
      6.50000000 -0.838044446659254E+003  0.784480161172691E-005 
      6.52000000 -0.838044446609667E+003  0.789438873985036E-005 
      6.54000000 -0.838044446555735E+003  0.794832050588735E-005 
      6.56000000 -0.838044446497677E+003  0.800637861935908E-005 
      6.58000000 -0.838044446435749E+003  0.806830641010552E-005 
      6.60000000 -0.838044446370245E+003  0.813381066509647E-005 
      6.62000000 -0.838044446301489E+003  0.820256684884146E-005 
      6.64000000 -0.838044446229834E+003  0.827422210029192E-005 
      6.66000000 -0.838044446155655E+003  0.834840054992542E-005 
      6.68000000 -0.838044446079354E+003  0.842470235300305E-005 
      6.70000000 -0.838044446001342E+003  0.850271364701825E-005 
      6.72000000 -0.838044445922049E+003  0.858200674504529E-005 
      6.74000000 -0.838044445841911E+003  0.866214496945225E-005 
      6.76000000 -0.838044445761364E+003  0.874269154593297E-005 
      6.78000000 -0.838044445680849E+003  0.882320708997627E-005 
      6.80000000 -0.838044445600797E+003  0.890325850089785E-005 
      6.82000000 -0.838044445521638E+003  0.898241751172642E-005 
      6.84000000 -0.838044445443782E+003  0.906027432027433E-005 
      6.86000000 -0.838044445367627E+003  0.913642850175711E-005 
      6.88000000 -0.838044445293553E+003  0.921050321990975E-005 
      6.90000000 -0.838044445221912E+003  0.928214368019845E-005 
      6.92000000 -0.838044445153035E+003  0.935102070676830E-005 
      6.94000000 -0.838044445087223E+003  0.941683257925420E-005 
      6.96000000 -0.838044445024752E+003  0.947930425938677E-005 
      6.98000000 -0.838044444965854E+003  0.953820218215412E-005 
      7.00000000 -0.838044444910737E+003  0.959331898126881E-005 
      7.02000000 -0.838044444859576E+003  0.964447996634321E-005 
      7.04000000 -0.838044444812497E+003  0.969155868744539E-005 
      7.06000000 -0.838044444769604E+003  0.973445160644302E-005 
      7.08000000 -0.838044444730957E+003  0.977309830192366E-005 
      7.10000000 -0.838044444696582E+003  0.980747412195105E-005 
      7.12000000 -0.838044444666469E+003  0.983758660711746E-005 
      7.14000000 -0.838044444640575E+003  0.986348119432503E-005 
      7.16000000 -0.838044444618819E+003  0.988523696311835E-005 
      7.18000000 -0.838044444601093E+003  0.990296257536553E-005 
      7.20000000 -0.838044444587258E+003  0.991679753202359E-005 
      7.22000000 -0.838044444577146E+003  0.992691004630473E-005 
      7.24000000 -0.838044444570562E+003  0.993349404677428E-005 
      7.26000000 -0.838044444567291E+003  0.993676492368327E-005 
      7.28000000 -0.838044444567094E+003  0.993696194582492E-005 
      7.30000000 -0.838044444569717E+003  0.993433897980569E-005 
      7.32000000 -0.838044444574890E+003  0.992916623018195E-005 
      7.34000000 -0.838044444582329E+003  0.992172724255797E-005 
      7.36000000 -0.838044444591742E+003  0.991231329647876E-005 
      7.38000000 -0.838044444602834E+003  0.990122147194498E-005 
      7.40000000 -0.838044444615304E+003  0.988875223255633E-005 
      7.42000000 -0.838044444628847E+003  0.987520855544331E-005 
      7.44000000 -0.838044444643167E+003  0.986088858402340E-005 
      7.46000000 -0.838044444657970E+003  0.984608562800110E-005 
      7.48000000 -0.838044444672971E+003  0.983108526314011E-005 
      7.50000000 -0.838044444687891E+003  0.981616494456630E-005 
      7.52000000 -0.838044444702469E+003  0.980158704622102E-005 
      7.54000000 -0.838044444716456E+003  0.978759953758086E-005 
      7.56000000 -0.838044444729621E+003  0.977443463021807E-005 
      7.58000000 -0.838044444741747E+003  0.976230887447480E-005 
      7.60000000 -0.838044444752643E+003  0.975141320201432E-005 
      7.62000000 -0.838044444762128E+003  0.974192781365706E-005 
      7.64000000 -0.838044444770054E+003  0.973400129774047E-005 
      7.66000000 -0.838044444776291E+003  0.972776522793224E-005 
      7.68000000 -0.838044444780729E+003  0.972332700933513E-005 
      7.70000000 -0.838044444783282E+003  0.972077364878301E-005 
      7.72000000 -0.838044444783892E+003  0.972016431092295E-005 
      7.74000000 -0.838044444782517E+003  0.972153882555001E-005 
      7.76000000 -0.838044444779138E+003  0.972491759093303E-005 
      7.78000000 -0.838044444773764E+003  0.973029180971437E-005 
      7.80000000 -0.838044444766417E+003  0.973763857009443E-005 
      7.82000000 -0.838044444757146E+003  0.974691001831456E-005 
      7.84000000 -0.838044444746011E+003  0.975804495956825E-005 
      7.86000000 -0.838044444733095E+003  0.977096102738609E-005 
      7.88000000 -0.838044444718496E+003  0.978555961402300E-005 
      7.90000000 -0.838044444702324E+003  0.980173205761085E-005 
      7.92000000 -0.838044444684704E+003  0.981935229491475E-005 
      7.94000000 -0.838044444665772E+003  0.983828411190254E-005 
      7.96000000 -0.838044444645673E+003  0.985838240051010E-005 
      7.98000000 -0.838044444624560E+003  0.987949576884648E-005 
      8.00000000 -0.838044444602590E+003  0.990146605782249E-005 
      8.02000000 -0.838044444579928E+003  0.992412785777946E-005 
      8.04000000 -0.838044444556738E+003  0.994731749919542E-005 
      8.06000000 -0.838044444533188E+003  0.997086831564630E-005 
      8.08000000 -0.838044444509440E+003  0.999461576754180E-005 
      8.10000000 -0.838044444485661E+003  0.100183953152916E-004 
      8.12000000 -0.838044444462008E+003  0.100420483164352E-004 
      8.14000000 -0.838044444438635E+003  0.100654209622251E-004 
      8.16000000 -0.838044444415692E+003  0.100883635042328E-004 
      8.18000000 -0.838044444393317E+003  0.101107383749864E-004 
      8.20000000 -0.838044444371646E+003  0.101324100371736E-004 
      8.22000000 -0.838044444350796E+003  0.101532597748033E-004 
      8.24000000 -0.838044444330883E+003  0.101731726421804E-004 
      8.26000000 -0.838044444312008E+003  0.101920476147034E-004 
      8.28000000 -0.838044444294260E+003  0.102097957520531E-004 
      8.30000000 -0.838044444277719E+003  0.102263370079424E-004 
      8.32000000 -0.838044444262450E+003  0.102416057405488E-004 
      8.34000000 -0.838044444248509E+003  0.102555473289156E-004 
      8.36000000 -0.838044444235938E+003  0.102681179796028E-004 
      8.38000000 -0.838044444224766E+003  0.102792894637268E-004 
      8.40000000 -0.838044444215014E+003  0.102890420597383E-004 
      8.42000000 -0.838044444206688E+003  0.102973683237196E-004 
      8.44000000 -0.838044444199783E+003  0.103042723159893E-004 
      8.46000000 -0.838044444194289E+003  0.103097670875728E-004 
      8.48000000 -0.838044444190177E+003  0.103138792238913E-004 
      8.50000000 -0.838044444187413E+003  0.103166427542844E-004 
      8.52000000 -0.838044444185958E+003  0.103180978952442E-004 
      8.54000000 -0.838044444185761E+003  0.103182953040829E-004 
      8.56000000 -0.838044444186760E+003  0.103172956922357E-004 
      8.58000000 -0.838044444188897E+003  0.103151591910922E-004 
      8.60000000 -0.838044444192098E+003  0.103119579196503E-004 
      8.62000000 -0.838044444196292E+003  0.103077636102109E-004 
      8.64000000 -0.838044444201399E+003  0.103026572758037E-004 
      8.66000000 -0.838044444207337E+003  0.102967189627159E-004 
      8.68000000 -0.838044444214023E+003  0.102900326808794E-004 
      8.70000000 -0.838044444221373E+003  0.102826830202715E-004 
      8.72000000 -0.838044444229300E+003  0.102747560209837E-004 
      8.74000000 -0.838044444237716E+003  0.102663400432893E-004 
      8.76000000 -0.838044444246540E+003  0.102575156168468E-004 
      8.78000000 -0.838044444255685E+003  0.102483711986042E-004 
      8.80000000 -0.838044444265070E+003  0.102389856747574E-004 
      8.82000000 -0.838044444274617E+003  0.102294388015709E-004 
      8.84000000 -0.838044444284248E+003  0.102198075317554E-004 
      8.86000000 -0.838044444293891E+003  0.102101647577031E-004 
      8.88000000 -0.838044444303477E+003  0.102005787314413E-004 
      8.90000000 -0.838044444312941E+003  0.101911147080955E-004 
      8.92000000 -0.838044444322223E+003  0.101818332057523E-004 
      8.94000000 -0.838044444331268E+003  0.101727875886033E-004 
      8.96000000 -0.838044444340026E+003  0.101640301574229E-004 
      8.98000000 -0.838044444348453E+003  0.101556029655144E-004 
      9.00000000 -0.838044444356508E+003  0.101475482595292E-004 
      9.02000000 -0.838044444364157E+003  0.101398987153672E-004 
      9.04000000 -0.838044444371371E+003  0.101326847854202E-004 
      9.06000000 -0.838044444378128E+003  0.101259276413512E-004 
      9.08000000 -0.838044444384410E+003  0.101196456512695E-004 
      9.10000000 -0.838044444390203E+003  0.101138526395944E-004 
      9.12000000 -0.838044444395499E+003  0.101085570169863E-004 
      9.14000000 -0.838044444400294E+003  0.101037620703702E-004 
      9.16000000 -0.838044444404591E+003  0.100994648028440E-004 
      9.18000000 -0.838044444408393E+003  0.100956624108542E-004 
      9.20000000 -0.838044444411713E+003  0.100923428101182E-004 
      9.22000000 -0.838044444414563E+003  0.100894931429595E-004 
      9.24000000 -0.838044444416961E+003  0.100870951379431E-004 
      9.26000000 -0.838044444418925E+003  0.100851306203079E-004 
      9.28000000 -0.838044444420480E+003  0.100835757115119E-004 
      9.30000000 -0.838044444421652E+003  0.100824035361108E-004 
      9.32000000 -0.838044444422468E+003  0.100815879920544E-004 
      9.34000000 -0.838044444422958E+003  0.100810974668597E-004 
      9.36000000 -0.838044444423152E+003  0.100809040216657E-004 
      9.38000000 -0.838044444423082E+003  0.100809739171556E-004 
      9.40000000 -0.838044444422784E+003  0.100812720605731E-004 
      9.42000000 -0.838044444422287E+003  0.100817691596174E-004 
      9.44000000 -0.838044444421627E+003  0.100824293481382E-004 
      9.46000000 -0.838044444420837E+003  0.100832189834929E-004 
      9.48000000 -0.838044444419948E+003  0.100841077099641E-004 
      9.50000000 -0.838044444418993E+003  0.100850624649547E-004 
      9.52000000 -0.838044444418004E+003  0.100860514426333E-004 
      9.54000000 -0.838044444417008E+003  0.100870475742072E-004 
      9.56000000 -0.838044444416034E+003  0.100880220507468E-004 
      9.58000000 -0.838044444415109E+003  0.100889468367169E-004 
      9.60000000 -0.838044444414256E+003  0.100897996003634E-004 
      9.62000000 -0.838044444413497E+003  0.100905587833263E-004 
      9.64000000 -0.838044444412853E+003  0.100912032139427E-004 
      9.66000000 -0.838044444412342E+003  0.100917142340804E-004 
      9.68000000 -0.838044444411974E+003  0.100920819829650E-004 
      9.70000000 -0.838044444411766E+003  0.100922895426010E-004 
      9.72000000 -0.838044444411729E+003  0.100923269555396E-004 
      9.74000000 -0.838044444411866E+003  0.100921893880678E-004 
      9.76000000 -0.838044444412185E+003  0.100918708463814E-004 
      9.78000000 -0.838044444412688E+003  0.100913682369043E-004 
      9.80000000 -0.838044444413373E+003  0.100906832997730E-004 
      9.82000000 -0.838044444414238E+003  0.100898174851015E-004 
      9.84000000 -0.838044444415278E+003  0.100887774634136E-004 
      9.86000000 -0.838044444416489E+003  0.100875666183085E-004 
      9.88000000 -0.838044444417858E+003  0.100861981941598E-004 
      9.90000000 -0.838044444419376E+003  0.100846795382113E-004 
      9.92000000 -0.838044444421032E+003  0.100830235081394E-004 
      9.94000000 -0.838044444422810E+003  0.100812453784773E-004 
      9.96000000 -0.838044444424697E+003  0.100793592636670E-004 
      9.98000000 -0.838044444426676E+003  0.100773802448928E-004 
     10.00000000 -0.838044444428730E+003  0.100753263035673E-004 
     10.02000000 -0.838044444430842E+003  0.100732138743145E-004 
     10.04000000 -0.838044444432997E+003  0.100710590050616E-004 
     10.06000000 -0.838044444435173E+003  0.100688825774488E-004 
     10.08000000 -0.838044444437359E+003  0.100666970624556E-004 
     10.10000000 -0.838044444439532E+003  0.100645237284191E-004 
     10.12000000 -0.838044444441678E+003  0.100623779465466E-004 
     10.14000000 -0.838044444443781E+003  0.100602744113258E-004 
     10.16000000 -0.838044444445830E+003  0.100582262704558E-004 
     10.18000000 -0.838044444447805E+003  0.100562504419323E-004 
     10.20000000 -0.838044444449700E+003  0.100543562064841E-004 
     10.22000000 -0.838044444451501E+003  0.100525545849768E-004 
     10.24000000 -0.838044444453199E+003  0.100508571783217E-004 
     10.26000000 -0.838044444454788E+003  0.100492681435120E-004 
     10.28000000 -0.838044444456260E+003  0.100477960845567E-004 
     10.30000000 -0.838044444457612E+003  0.100464439983579E-004 
     10.32000000 -0.838044444458841E+003  0.100452145917950E-004 
     10.34000000 -0.838044444459946E+003  0.100441100883758E-004 
     10.36000000 -0.838044444460928E+003  0.100431278778953E-004 
     10.38000000 -0.838044444461790E+003  0.100422663168912E-004 
     10.40000000 -0.838044444462533E+003  0.100415229885069E-004 
     10.42000000 -0.838044444463164E+003  0.100408916089156E-004 
     10.44000000 -0.838044444463689E+003  0.100403666676844E-004 
     10.46000000 -0.838044444464115E+003  0.100399403341983E-004 
     10.48000000 -0.838044444464451E+003  0.100396046811680E-004 
     10.50000000 -0.838044444464704E+003  0.100393512979329E-004 
     10.52000000 -0.838044444464885E+003  0.100391711937867E-004 
     10.54000000 -0.838044444465001E+003  0.100390546046293E-004 
     10.56000000 -0.838044444465065E+003  0.100389909929663E-004 
     10.58000000 -0.838044444465085E+003  0.100389710780687E-004 
     10.60000000 -0.838044444465070E+003  0.100389857725562E-004 
     10.62000000 -0.838044444465030E+003  0.100390259890483E-004 
     10.64000000 -0.838044444464971E+003  0.100390850570211E-004 
     10.66000000 -0.838044444464903E+003  0.100391528256773E-004 
     10.68000000 -0.838044444464832E+003  0.100392241712811E-004 
     10.70000000 -0.838044444464758E+003  0.100392978370671E-004 
     10.72000000 -0.838044444464687E+003  0.100393686992996E-004 
     10.74000000 -0.838044444464614E+003  0.100394414950173E-004 
     10.76000000 -0.838044444464543E+003  0.100395128406211E-004 
     10.78000000 -0.838044444464470E+003  0.100395854429903E-004 
     10.80000000 -0.838044444464398E+003  0.100396574653139E-004 
     10.82000000 -0.838044444464326E+003  0.100397297776603E-004 
     10.84000000 -0.838044444464254E+003  0.100398018966582E-004 
     10.86000000 -0.838044444464181E+003  0.100398744023531E-004 
     10.88000000 -0.838044444464109E+003  0.100399467146995E-004 
     10.90000000 -0.838044444464036E+003  0.100400194137429E-004 
     10.92000000 -0.838044444463965E+003  0.100400912427180E-004 
     10.94000000 -0.838044444463891E+003  0.100401645218070E-004 
     10.96000000 -0.838044444463819E+003  0.100402367374792E-004 
     10.98000000 -0.838044444463747E+003  0.100403085664543E-004 
     11.00000000 -0.838044444463675E+003  0.100403807821264E-004 
     11.02000000 -0.838044444463602E+003  0.100404541578896E-004 
     11.04000000 -0.838044444463530E+003  0.100405254068192E-004 
     11.06000000 -0.838044444463457E+003  0.100405983958854E-004 
     11.08000000 -0.838044444463385E+003  0.100406709015803E-004 
     11.10000000 -0.838044444463312E+003  0.100407441806693E-004 
     11.12000000 -0.838044444463239E+003  0.100408164930157E-004 
     11.14000000 -0.838044444463167E+003  0.100408891920591E-004 
     11.16000000 -0.838044444463094E+003  0.100409622777996E-004 
     11.18000000 -0.838044444463021E+003  0.100410349768430E-004 
     11.20000000 -0.838044444462948E+003  0.100411075792122E-004 
     11.22000000 -0.838044444462875E+003  0.100411810516497E-004 
     11.24000000 -0.838044444462803E+003  0.100412531706476E-004 
     11.26000000 -0.838044444462728E+003  0.100413275131535E-004 
     11.28000000 -0.838044444462656E+003  0.100413998254998E-004 
     11.30000000 -0.838044444462583E+003  0.100414724278690E-004 
     11.32000000 -0.838044444462509E+003  0.100415463836778E-004 
     11.34000000 -0.838044444462436E+003  0.100416194694183E-004 
     11.36000000 -0.838044444462363E+003  0.100416927485073E-004 
     11.38000000 -0.838044444462291E+003  0.100417651575280E-004 
     11.40000000 -0.838044444462217E+003  0.100418390166625E-004 
     11.42000000 -0.838044444462143E+003  0.100419123924258E-004 
     11.44000000 -0.838044444462070E+003  0.100419854781662E-004 
     11.46000000 -0.838044444461997E+003  0.100420588539295E-004 
     11.48000000 -0.838044444461924E+003  0.100421322296927E-004 
     11.50000000 -0.838044444461851E+003  0.100422044453649E-004 
     11.52000000 -0.838044444461778E+003  0.100422777244539E-004 
     11.54000000 -0.838044444461705E+003  0.100423508101943E-004 
     11.56000000 -0.838044444461632E+003  0.100424236059120E-004 
     11.58000000 -0.838044444461558E+003  0.100424980450922E-004 
     11.60000000 -0.838044444461486E+003  0.100425701640900E-004 
     11.62000000 -0.838044444461412E+003  0.100426437332018E-004 
     11.64000000 -0.838044444461340E+003  0.100427154655026E-004 
     11.66000000 -0.838044444461268E+003  0.100427881645461E-004 
     11.68000000 -0.838044444461194E+003  0.100428614436351E-004 
     11.70000000 -0.838044444461121E+003  0.100429344327013E-004 
     11.72000000 -0.838044444461049E+003  0.100430072284190E-004 
     11.74000000 -0.838044444460976E+003  0.100430797341139E-004 
     11.76000000 -0.838044444460904E+003  0.100431515630890E-004 
     11.78000000 -0.838044444460831E+003  0.100432245521552E-004 
     11.80000000 -0.838044444460759E+003  0.100432966711531E-004 
     11.82000000 -0.838044444460686E+003  0.100433694668708E-004 
     11.84000000 -0.838044444460614E+003  0.100434416825429E-004 
     11.86000000 -0.838044444460541E+003  0.100435143815863E-004 
     11.88000000 -0.838044444460470E+003  0.100435854371674E-004 
     11.90000000 -0.838044444460397E+003  0.100436588129306E-004 
     11.92000000 -0.838044444460326E+003  0.100437300618601E-004 
     11.94000000 -0.838044444460254E+003  0.100438017941610E-004 
     11.96000000 -0.838044444460182E+003  0.100438734297876E-004 
     11.98000000 -0.838044444460110E+003  0.100439461288310E-004 
     12.00000000 -0.838044444460037E+003  0.100440184411774E-004 
     12.02000000 -0.838044444459966E+003  0.100440895934327E-004 
     12.04000000 -0.838044444459894E+003  0.100441614224078E-004 
     12.06000000 -0.838044444459822E+003  0.100442338314284E-004 
     12.08000000 -0.838044444459750E+003  0.100443055637292E-004 
     12.10000000 -0.838044444459678E+003  0.100443781660984E-004 
     12.12000000 -0.838044444459607E+003  0.100444491250052E-004 
     12.14000000 -0.838044444459535E+003  0.100445209539803E-004 
     12.16000000 -0.838044444459463E+003  0.100445932663267E-004 
     12.18000000 -0.838044444459391E+003  0.100446644185819E-004 
     12.20000000 -0.838044444459320E+003  0.100447360542085E-004 
     12.22000000 -0.838044444459247E+003  0.100448092366233E-004 
     12.24000000 -0.838044444459175E+003  0.100448806789013E-004 
     12.26000000 -0.838044444459102E+003  0.100449534746190E-004 
     12.28000000 -0.838044444459031E+003  0.100450252069198E-004 
     12.30000000 -0.838044444458959E+003  0.100450971325692E-004 
     12.32000000 -0.838044444458887E+003  0.100451692515671E-004 
     12.34000000 -0.838044444458814E+003  0.100452419506105E-004 
     12.36000000 -0.838044444458742E+003  0.100453138762599E-004 
     12.38000000 -0.838044444458670E+003  0.100453860919320E-004 
     12.40000000 -0.838044444458597E+003  0.100454592743467E-004 
     12.42000000 -0.838044444458524E+003  0.100455313933446E-004 
     12.44000000 -0.838044444458453E+003  0.100456033189940E-004 
     12.46000000 -0.838044444458379E+003  0.100456765980830E-004 
     12.48000000 -0.838044444458307E+003  0.100457492971264E-004 
     12.50000000 -0.838044444458235E+003  0.100458210294272E-004 
     12.52000000 -0.838044444458162E+003  0.100458940184934E-004 
     12.54000000 -0.838044444458089E+003  0.100459672009082E-004 
     12.56000000 -0.838044444458016E+003  0.100460401899744E-004 
     12.58000000 -0.838044444457943E+003  0.100461124056465E-004 
     12.60000000 -0.838044444457870E+003  0.100461859747583E-004 
     12.62000000 -0.838044444457796E+003  0.100462597372186E-004 
     12.64000000 -0.838044444457724E+003  0.100463322429135E-004 
     12.66000000 -0.838044444457651E+003  0.100464047486084E-004 
     12.68000000 -0.838044444457579E+003  0.100464772543033E-004 
     12.70000000 -0.838044444457505E+003  0.100465505333923E-004 
     12.72000000 -0.838044444457432E+003  0.100466236191328E-004 
     12.74000000 -0.838044444457359E+003  0.100466970915703E-004 
     12.76000000 -0.838044444457287E+003  0.100467687271969E-004 
     12.78000000 -0.838044444457214E+003  0.100468413295661E-004 
     12.80000000 -0.838044444457140E+003  0.100469159620947E-004 
     12.82000000 -0.838044444457068E+003  0.100469875977213E-004 
     12.84000000 -0.838044444456995E+003  0.100470610701588E-004 
     12.86000000 -0.838044444456922E+003  0.100471336725280E-004 
     12.88000000 -0.838044444456849E+003  0.100472069516170E-004 
     12.90000000 -0.838044444456776E+003  0.100472794573119E-004 
     12.92000000 -0.838044444456704E+003  0.100473515763097E-004 
     12.94000000 -0.838044444456632E+003  0.100474237919819E-004 
     12.96000000 -0.838044444456560E+003  0.100474962976768E-004 
     12.98000000 -0.838044444456487E+003  0.100475689967202E-004 
     13.00000000 -0.838044444456413E+003  0.100476425658320E-004 
     13.02000000 -0.838044444456340E+003  0.100477154582240E-004 
     13.04000000 -0.838044444456270E+003  0.100477860304337E-004 
     13.06000000 -0.838044444456197E+003  0.100478589228256E-004 
     13.08000000 -0.838044444456124E+003  0.100479322019146E-004 
     13.10000000 -0.838044444456052E+003  0.100480038375412E-004 
     13.12000000 -0.838044444455980E+003  0.100480758598648E-004 
     13.14000000 -0.838044444455908E+003  0.100481483655597E-004 
     13.16000000 -0.838044444455835E+003  0.100482208712546E-004 
     13.18000000 -0.838044444455763E+003  0.100482927969040E-004 
     13.20000000 -0.838044444455690E+003  0.100483654959474E-004 
     13.22000000 -0.838044444455619E+003  0.100484370348997E-004 
     13.24000000 -0.838044444455547E+003  0.100485092505719E-004 
     13.26000000 -0.838044444455475E+003  0.100485810795470E-004 
     13.28000000 -0.838044444455403E+003  0.100486525218250E-004 
     13.30000000 -0.838044444455331E+003  0.100487251241942E-004 
     13.32000000 -0.838044444455258E+003  0.100487975332149E-004 
     13.34000000 -0.838044444455187E+003  0.100488689754929E-004 
     13.36000000 -0.838044444455115E+003  0.100489412878393E-004 
     13.38000000 -0.838044444455043E+003  0.100490130201401E-004 
     13.40000000 -0.838044444454971E+003  0.100490845590925E-004 
     13.42000000 -0.838044444454899E+003  0.100491570647874E-004 
     13.44000000 -0.838044444454827E+003  0.100492289904367E-004 
     13.46000000 -0.838044444454754E+003  0.100493017861544E-004 
     13.48000000 -0.838044444454681E+003  0.100493747752206E-004 
     13.50000000 -0.838044444454610E+003  0.100494463141730E-004 
     13.52000000 -0.838044444454538E+003  0.100495182398223E-004 
     13.54000000 -0.838044444454465E+003  0.100495912288885E-004 
     13.56000000 -0.838044444454393E+003  0.100496630578636E-004 
     13.58000000 -0.838044444454321E+003  0.100497349835130E-004 
     13.60000000 -0.838044444454249E+003  0.100498067158138E-004 
     13.62000000 -0.838044444454176E+003  0.100498799949028E-004 
     13.64000000 -0.838044444454104E+003  0.100499520172264E-004 
     13.66000000 -0.838044444454031E+003  0.100500243295728E-004 
     13.68000000 -0.838044444453959E+003  0.100500971252905E-004 
     13.70000000 -0.838044444453886E+003  0.100501699210082E-004 
     13.72000000 -0.838044444453814E+003  0.100502415566348E-004 
     13.74000000 -0.838044444453741E+003  0.100503145457010E-004 
     13.76000000 -0.838044444453669E+003  0.100503866646989E-004 
     13.78000000 -0.838044444453596E+003  0.100504599437879E-004 
     13.80000000 -0.838044444453525E+003  0.100505305159976E-004 
     13.82000000 -0.838044444453452E+003  0.100506036984123E-004 
     13.84000000 -0.838044444453378E+003  0.100506775575469E-004 
     13.86000000 -0.838044444453306E+003  0.100507493865220E-004 
     13.88000000 -0.838044444453233E+003  0.100508223755882E-004 
     13.90000000 -0.838044444453161E+003  0.100508953646544E-004 
     13.92000000 -0.838044444453089E+003  0.100509665169097E-004 
     13.94000000 -0.838044444453015E+003  0.100510405693927E-004 
     13.96000000 -0.838044444452943E+003  0.100511127850649E-004 
     13.98000000 -0.838044444452871E+003  0.100511844206915E-004 
     14.00000000 -0.838044444452799E+003  0.100512572164091E-004 
     14.02000000 -0.838044444452727E+003  0.100513292387328E-004 
     14.04000000 -0.838044444452652E+003  0.100514033878901E-004 
     14.06000000 -0.838044444452580E+003  0.100514757002365E-004 
     14.08000000 -0.838044444452508E+003  0.100515480125829E-004 
     14.10000000 -0.838044444452436E+003  0.100516203249293E-004 
     14.12000000 -0.838044444452363E+003  0.100516930239727E-004 
     14.14000000 -0.838044444452290E+003  0.100517659163647E-004 
     14.16000000 -0.838044444452217E+003  0.100518383253853E-004 
     14.18000000 -0.838044444452146E+003  0.100519103477089E-004 
     14.20000000 -0.838044444452073E+003  0.100519832401009E-004 
     14.22000000 -0.838044444451999E+003  0.100520569058869E-004 
     14.24000000 -0.838044444451927E+003  0.100521284448392E-004 
     14.26000000 -0.838044444451853E+003  0.100522024006481E-004 
     14.28000000 -0.838044444451781E+003  0.100522744229717E-004 
     14.30000000 -0.838044444451710E+003  0.100523457685755E-004 
     14.32000000 -0.838044444451638E+003  0.100524175008763E-004 
     14.34000000 -0.838044444451565E+003  0.100524911666623E-004 
     14.36000000 -0.838044444451492E+003  0.100525640590543E-004 
     14.38000000 -0.838044444451419E+003  0.100526365647492E-004 
     14.40000000 -0.838044444451346E+003  0.100527095538154E-004 
     14.42000000 -0.838044444451274E+003  0.100527815761390E-004 
     14.44000000 -0.838044444451201E+003  0.100528544685310E-004 
     14.46000000 -0.838044444451128E+003  0.100529275542715E-004 
     14.48000000 -0.838044444451057E+003  0.100529985131782E-004 
     14.50000000 -0.838044444450983E+003  0.100530723723128E-004 
     14.52000000 -0.838044444450912E+003  0.100531437179166E-004 
     14.54000000 -0.838044444450839E+003  0.100532166103085E-004 
     14.56000000 -0.838044444450767E+003  0.100532889226549E-004 
     14.58000000 -0.838044444450694E+003  0.100533618150469E-004 
     14.60000000 -0.838044444450621E+003  0.100534345140903E-004 
     14.62000000 -0.838044444450549E+003  0.100535070197852E-004 
     14.64000000 -0.838044444450477E+003  0.100535787520861E-004 
     14.66000000 -0.838044444450403E+003  0.100536528045691E-004 
     14.68000000 -0.838044444450332E+003  0.100537243435214E-004 
     14.70000000 -0.838044444450259E+003  0.100537968492164E-004 
     14.72000000 -0.838044444450187E+003  0.100538691615628E-004 
     14.74000000 -0.838044444450115E+003  0.100539410872121E-004 
     14.76000000 -0.838044444450041E+003  0.100540151396952E-004 
     14.78000000 -0.838044444449969E+003  0.100540864852990E-004 
     14.80000000 -0.838044444449897E+003  0.100541589909939E-004 
     14.82000000 -0.838044444449824E+003  0.100542316900373E-004 
     14.84000000 -0.838044444449751E+003  0.100543043890808E-004 
     14.86000000 -0.838044444449679E+003  0.100543765080786E-004 
     14.88000000 -0.838044444449607E+003  0.100544490137736E-004 
     14.90000000 -0.838044444449535E+003  0.100545210360972E-004 
     14.92000000 -0.838044444449462E+003  0.100545934451178E-004 
     14.94000000 -0.838044444449390E+003  0.100546654674414E-004 
     14.96000000 -0.838044444449318E+003  0.100547378764621E-004 
     14.98000000 -0.838044444449246E+003  0.100548098021114E-004 
     15.00000000 -0.838044444449173E+003  0.100548829845262E-004 
     15.02000000 -0.838044444449101E+003  0.100549548135013E-004 
     15.04000000 -0.838044444449028E+003  0.100550278025675E-004 
     15.06000000 -0.838044444448956E+003  0.100550994381941E-004 
     15.08000000 -0.838044444448883E+003  0.100551724272603E-004 
     15.10000000 -0.838044444448811E+003  0.100552447396067E-004 
     15.12000000 -0.838044444448739E+003  0.100553167619303E-004 
     15.14000000 -0.838044444448667E+003  0.100553890742767E-004 
     15.16000000 -0.838044444448596E+003  0.100554602265320E-004 
     15.18000000 -0.838044444448522E+003  0.100555334089467E-004 
     15.20000000 -0.838044444448451E+003  0.100556052379218E-004 
     15.22000000 -0.838044444448379E+003  0.100556771635711E-004 
     15.24000000 -0.838044444448306E+003  0.100557498626146E-004 
     15.26000000 -0.838044444448233E+003  0.100558228516808E-004 
     15.28000000 -0.838044444448161E+003  0.100558948740044E-004 
     15.30000000 -0.838044444448089E+003  0.100559666063052E-004 
     15.32000000 -0.838044444448017E+003  0.100560387253031E-004 
     15.34000000 -0.838044444447944E+003  0.100561114243466E-004 
     15.36000000 -0.838044444447872E+003  0.100561835433444E-004 
     15.38000000 -0.838044444447800E+003  0.100562562423879E-004 
     15.40000000 -0.838044444447727E+003  0.100563293281283E-004 
     15.42000000 -0.838044444447654E+003  0.100564020271718E-004 
     15.44000000 -0.838044444447583E+003  0.100564732761013E-004 
     15.46000000 -0.838044444447510E+003  0.100565462651675E-004 
     15.48000000 -0.838044444447437E+003  0.100566186741882E-004 
     15.50000000 -0.838044444447365E+003  0.100566907931861E-004 
     15.52000000 -0.838044444447293E+003  0.100567632022067E-004 
     15.54000000 -0.838044444447220E+003  0.100568353212046E-004 
     15.56000000 -0.838044444447147E+003  0.100569087936421E-004 
     15.58000000 -0.838044444447076E+003  0.100569799458974E-004 
     15.60000000 -0.838044444447002E+003  0.100570538050319E-004 
     15.62000000 -0.838044444446929E+003  0.100571269874467E-004 
     15.64000000 -0.838044444446856E+003  0.100571995898158E-004 
     15.66000000 -0.838044444446784E+003  0.100572715154652E-004 
     15.68000000 -0.838044444446711E+003  0.100573444078571E-004 
     15.70000000 -0.838044444446640E+003  0.100574161401580E-004 
     15.72000000 -0.838044444446566E+003  0.100574899992925E-004 
     15.74000000 -0.838044444446492E+003  0.100575633750558E-004 
     15.76000000 -0.838044444446421E+003  0.100576348173338E-004 
     15.78000000 -0.838044444446348E+003  0.100577080964228E-004 
     15.80000000 -0.838044444446275E+003  0.100577804087692E-004 
     15.82000000 -0.838044444446203E+003  0.100578525277671E-004 
     15.84000000 -0.838044444446129E+003  0.100579265802502E-004 
     15.86000000 -0.838044444446057E+003  0.100579990859451E-004 
     15.88000000 -0.838044444445984E+003  0.100580717849885E-004 
     15.90000000 -0.838044444445911E+003  0.100581452574260E-004 
     15.92000000 -0.838044444445839E+003  0.100582166030298E-004 
     15.94000000 -0.838044444445767E+003  0.100582890120505E-004 
     15.96000000 -0.838044444445693E+003  0.100583633545563E-004 
     15.98000000 -0.838044444445620E+003  0.100584357635770E-004 
     16.00000000 -0.838044444445549E+003  0.100585070125065E-004 
     16.02000000 -0.838044444445475E+003  0.100585803882698E-004 
     16.04000000 -0.838044444445403E+003  0.100586524105934E-004 
     16.06000000 -0.838044444445330E+003  0.100587260763794E-004 
     16.08000000 -0.838044444445258E+003  0.100587980020288E-004 
     16.10000000 -0.838044444445185E+003  0.100588705077237E-004 
     16.12000000 -0.838044444445113E+003  0.100589427233958E-004 
     16.14000000 -0.838044444445040E+003  0.100590160991591E-004 
     16.16000000 -0.838044444444968E+003  0.100590878314599E-004 
     16.18000000 -0.838044444444896E+003  0.100591593704122E-004 
     16.20000000 -0.838044444444824E+003  0.100592316827586E-004 
     16.22000000 -0.838044444444752E+003  0.100593041884536E-004 
     16.24000000 -0.838044444444679E+003  0.100593766941485E-004 
     16.26000000 -0.838044444444607E+003  0.100594490064949E-004 
     16.28000000 -0.838044444444535E+003  0.100595205454472E-004 
     16.30000000 -0.838044444444463E+003  0.100595926644451E-004 
     16.32000000 -0.838044444444391E+003  0.100596645900944E-004 
     16.34000000 -0.838044444444319E+003  0.100597370957893E-004 
     16.36000000 -0.838044444444247E+003  0.100598086347416E-004 
     16.38000000 -0.838044444444174E+003  0.100598815271336E-004 
     16.40000000 -0.838044444444102E+003  0.100599538394800E-004 
     16.42000000 -0.838044444444031E+003  0.100600251850838E-004 
     16.44000000 -0.838044444443959E+003  0.100600973040817E-004 
     16.46000000 -0.838044444443886E+003  0.100601695197538E-004 
     16.48000000 -0.838044444443814E+003  0.100602419287745E-004 
     16.50000000 -0.838044444443743E+003  0.100603130810297E-004 
     16.52000000 -0.838044444443671E+003  0.100603846199820E-004 
     16.54000000 -0.838044444443599E+003  0.100604565456314E-004 
     16.56000000 -0.838044444443526E+003  0.100605299213947E-004 
     16.58000000 -0.838044444443455E+003  0.100606008803014E-004 
     16.60000000 -0.838044444443383E+003  0.100606730959735E-004 
     16.62000000 -0.838044444443311E+003  0.100607446349259E-004 
     16.64000000 -0.838044444443238E+003  0.100608175273178E-004 
     16.66000000 -0.838044444443167E+003  0.100608889695959E-004 
     16.68000000 -0.838044444443094E+003  0.100609613786165E-004 
     16.70000000 -0.838044444443022E+003  0.100610334976144E-004 
     16.72000000 -0.838044444442950E+003  0.100611055199380E-004 
     16.74000000 -0.838044444442878E+003  0.100611781223072E-004 
     16.76000000 -0.838044444442806E+003  0.100612499512823E-004 
     16.78000000 -0.838044444442734E+003  0.100613213935603E-004 
     16.80000000 -0.838044444442661E+003  0.100613946726493E-004 
     16.82000000 -0.838044444442589E+003  0.100614665016244E-004 
     16.84000000 -0.838044444442516E+003  0.100615396840392E-004 
     16.86000000 -0.838044444442444E+003  0.100616121897341E-004 
     16.88000000 -0.838044444442372E+003  0.100616837286864E-004 
     16.90000000 -0.838044444442299E+003  0.100617565244041E-004 
     16.92000000 -0.838044444442227E+003  0.100618283533792E-004 
     16.94000000 -0.838044444442154E+003  0.100619018258167E-004 
     16.96000000 -0.838044444442082E+003  0.100619742348374E-004 
     16.98000000 -0.838044444442009E+003  0.100620466438580E-004 
     17.00000000 -0.838044444441936E+003  0.100621197295985E-004 
     17.02000000 -0.838044444441863E+003  0.100621926219904E-004 
     17.04000000 -0.838044444441792E+003  0.100622633875487E-004 
     17.06000000 -0.838044444441718E+003  0.100623374400317E-004 
     17.08000000 -0.838044444441646E+003  0.100624094623554E-004 
     17.10000000 -0.838044444441573E+003  0.100624828381186E-004 
     17.12000000 -0.838044444441501E+003  0.100625545704195E-004 
     17.14000000 -0.838044444441428E+003  0.100626280428570E-004 
     17.16000000 -0.838044444441355E+003  0.100627009352489E-004 
     17.18000000 -0.838044444441282E+003  0.100627735376181E-004 
     17.20000000 -0.838044444441211E+003  0.100628446898734E-004 
     17.22000000 -0.838044444441137E+003  0.100629192257277E-004 
     17.24000000 -0.838044444441065E+003  0.100629904746573E-004 
     17.26000000 -0.838044444440992E+003  0.100630642371176E-004 
     17.28000000 -0.838044444440920E+003  0.100631353893729E-004 
     17.30000000 -0.838044444440848E+003  0.100632077017192E-004 
     17.32000000 -0.838044444440776E+003  0.100632800140656E-004 
     17.34000000 -0.838044444440703E+003  0.100633532931546E-004 
     17.36000000 -0.838044444440630E+003  0.100634259921981E-004 
     17.38000000 -0.838044444440559E+003  0.100634972411276E-004 
     17.40000000 -0.838044444440486E+003  0.100635700368453E-004 
     17.42000000 -0.838044444440414E+003  0.100636419624947E-004 
     17.44000000 -0.838044444440341E+003  0.100637150482351E-004 
     17.46000000 -0.838044444440270E+003  0.100637854270963E-004 
     17.48000000 -0.838044444440197E+003  0.100638588995338E-004 
     17.50000000 -0.838044444440125E+003  0.100639304384862E-004 
     17.52000000 -0.838044444440055E+003  0.100640010106959E-004 
     17.54000000 -0.838044444439982E+003  0.100640741931106E-004 
     17.56000000 -0.838044444439910E+003  0.100641458287372E-004 
     17.58000000 -0.838044444439838E+003  0.100642178510608E-004 
     17.60000000 -0.838044444439766E+003  0.100642898733844E-004 
     17.62000000 -0.838044444439695E+003  0.100643610256397E-004 
     17.64000000 -0.838044444439623E+003  0.100644331446376E-004 
     17.66000000 -0.838044444439552E+003  0.100645042002186E-004 
     17.68000000 -0.838044444439479E+003  0.100645766092392E-004 
     17.70000000 -0.838044444439408E+003  0.100646481481915E-004 
     17.72000000 -0.838044444439335E+003  0.100647204605379E-004 
     17.74000000 -0.838044444439264E+003  0.100647918061417E-004 
     17.76000000 -0.838044444439193E+003  0.100648632484198E-004 
     17.78000000 -0.838044444439120E+003  0.100649356574405E-004 
     17.80000000 -0.838044444439048E+003  0.100650074864155E-004 
     17.82000000 -0.838044444438976E+003  0.100650795087392E-004 
     17.84000000 -0.838044444438905E+003  0.100651513377143E-004 
     17.86000000 -0.838044444438834E+003  0.100652222966210E-004 
     17.88000000 -0.838044444438761E+003  0.100652945122932E-004 
     17.90000000 -0.838044444438690E+003  0.100653662445940E-004 
     17.92000000 -0.838044444438617E+003  0.100654391369859E-004 
     17.94000000 -0.838044444438545E+003  0.100655105792640E-004 
     17.96000000 -0.838044444438472E+003  0.100655838583530E-004 
     17.98000000 -0.838044444438401E+003  0.100656549139340E-004 
     18.00000000 -0.838044444438329E+003  0.100657271296061E-004 
