# Real time calculation: 
# Eall: Total energy
# Eall0: Initial energy
# 1:Time[fs] 2:Eall[eV] 3:Eall-Eall0[eV] 
      0.00000000 -0.850180530548821E+003  0.000000000000000E+000 
      0.02000000 -0.850180530548876E+003 -0.554910251747032E-010 
      0.04000000 -0.850180530548427E+003  0.393174214957348E-009 
      0.06000000 -0.850180530543023E+003  0.579726534259830E-008 
      0.08000000 -0.850180530515757E+003  0.330636602979537E-007 
      0.10000000 -0.850180530424353E+003  0.124467239535198E-006 
      0.12000000 -0.850180530185206E+003  0.363614706557491E-006 
      0.14000000 -0.850180529656126E+003  0.892695046176817E-006 
      0.16000000 -0.850180528619730E+003  0.192909038587042E-005 
      0.18000000 -0.850180526769356E+003  0.377946462569681E-005 
      0.20000000 -0.850180523699075E+003  0.684974592569734E-005 
      0.22000000 -0.850180518898893E+003  0.116499278396650E-004 
      0.24000000 -0.850180511756121E+003  0.187926997309044E-004 
      0.26000000 -0.850180501563919E+003  0.289849012510295E-004 
      0.28000000 -0.850180487537467E+003  0.430113535699973E-004 
      0.30000000 -0.850180468837523E+003  0.617112973454429E-004 
      0.32000000 -0.850180444601317E+003  0.859475033631607E-004 
      0.34000000 -0.850180413980612E+003  0.116568208980759E-003 
      0.36000000 -0.850180376185515E+003  0.154363305159733E-003 
      0.38000000 -0.850180330532034E+003  0.200016786263993E-003 
      0.40000000 -0.850180276491410E+003  0.254057410611199E-003 
      0.42000000 -0.850180213738941E+003  0.316809879584820E-003 
      0.44000000 -0.850180142200460E+003  0.388348360903645E-003 
      0.46000000 -0.850180062094668E+003  0.468454152449853E-003 
      0.48000000 -0.850179973969460E+003  0.556579360879503E-003 
      0.50000000 -0.850179878730648E+003  0.651818172546025E-003 
      0.52000000 -0.850179777660147E+003  0.752888673228932E-003 
      0.54000000 -0.850179672420298E+003  0.858128522444057E-003 
      0.56000000 -0.850179565043419E+003  0.965505401900893E-003 
      0.58000000 -0.850179457904312E+003  0.107264450840533E-002 
      0.60000000 -0.850179353673945E+003  0.117687487523463E-002 
      0.62000000 -0.850179255254819E+003  0.127529400187701E-002 
      0.64000000 -0.850179165697186E+003  0.136485163465220E-002 
      0.66000000 -0.850179088093752E+003  0.144245506885898E-002 
      0.68000000 -0.850179025452997E+003  0.150509582395810E-002 
      0.70000000 -0.850178980555007E+003  0.154999381350942E-002 
      0.72000000 -0.850178955793835E+003  0.157475498541025E-002 
      0.74000000 -0.850178953009302E+003  0.157753951838299E-002 
      0.76000000 -0.850178973312616E+003  0.155723620474519E-002 
      0.78000000 -0.850179016911357E+003  0.151363746388256E-002 
      0.80000000 -0.850179082939150E+003  0.144760967040395E-002 
      0.82000000 -0.850179169296662E+003  0.136125215903363E-002 
      0.84000000 -0.850179272511247E+003  0.125803757398162E-002 
      0.86000000 -0.850179387621392E+003  0.114292742813352E-002 
      0.88000000 -0.850179508092613E+003  0.102245620733646E-002 
      0.90000000 -0.850179625770927E+003  0.904777893726558E-003 
      0.92000000 -0.850179730878537E+003  0.799670283394720E-003 
      0.94000000 -0.850179812055879E+003  0.718492941397582E-003 
      0.96000000 -0.850179856453525E+003  0.674095295472114E-003 
      0.98000000 -0.850179849876926E+003  0.680671894560330E-003 
      1.00000000 -0.850179776984732E+003  0.753564088332324E-003 
      1.02000000 -0.850179621539103E+003  0.909009717612531E-003 
      1.04000000 -0.850179366705444E+003  0.116384337641699E-002 
      1.06000000 -0.850178995398333E+003  0.153515048786297E-002 
      1.08000000 -0.850178490669137E+003  0.203987968379354E-002 
      1.10000000 -0.850177836130087E+003  0.269441873395254E-002 
      1.12000000 -0.850177016407092E+003  0.351414172819828E-002 
      1.14000000 -0.850176017609606E+003  0.451293921446522E-002 
      1.16000000 -0.850174827806404E+003  0.570274241697394E-002 
      1.18000000 -0.850173437497604E+003  0.709305121681000E-002 
      1.20000000 -0.850171840072633E+003  0.869047618710344E-002 
      1.22000000 -0.850170032241204E+003  0.104983076160846E-001 
      1.24000000 -0.850168014425532E+003  0.125161232885907E-001 
      1.26000000 -0.850165791100973E+003  0.147394478479312E-001 
      1.28000000 -0.850163371071901E+003  0.171594769200318E-001 
      1.30000000 -0.850160767675476E+003  0.197628733443971E-001 
      1.32000000 -0.850157998907755E+003  0.225316410651478E-001 
      1.34000000 -0.850155087463028E+003  0.254430857922353E-001 
      1.36000000 -0.850152060677519E+003  0.284698713015326E-001 
      1.38000000 -0.850148950375284E+003  0.315801735368926E-001 
      1.40000000 -0.850145792615098E+003  0.347379337221144E-001 
      1.42000000 -0.850142627338760E+003  0.379032100609345E-001 
      1.44000000 -0.850139497918888E+003  0.410326299322306E-001 
      1.46000000 -0.850136450609860E+003  0.440799389605684E-001 
      1.48000000 -0.850133533910256E+003  0.469966385650602E-001 
      1.50000000 -0.850130797846000E+003  0.497327028207543E-001 
      1.52000000 -0.850128293181414E+003  0.522373674068288E-001 
      1.54000000 -0.850126070563956E+003  0.544599848642403E-001 
      1.56000000 -0.850124179614223E+003  0.563509345977836E-001 
      1.58000000 -0.850122667972377E+003  0.578625764437283E-001 
      1.60000000 -0.850121580316997E+003  0.589502318235532E-001 
      1.62000000 -0.850120957376709E+003  0.595731721111270E-001 
      1.64000000 -0.850120834951573E+003  0.596955972470998E-001 
      1.66000000 -0.850121242963495E+003  0.592875853259774E-001 
      1.68000000 -0.850122204550758E+003  0.583259980623209E-001 
      1.70000000 -0.850123735221398E+003  0.567953274226348E-001 
      1.72000000 -0.850125842087710E+003  0.546884611103316E-001 
      1.74000000 -0.850128523213063E+003  0.520073357577427E-001 
      1.76000000 -0.850131767090914E+003  0.487634579067025E-001 
      1.78000000 -0.850135552258653E+003  0.449782901674982E-001 
      1.80000000 -0.850139847060129E+003  0.406834886915525E-001 
      1.82000000 -0.850144609577662E+003  0.359209711590470E-001 
      1.84000000 -0.850149787746977E+003  0.307428018430874E-001 
      1.86000000 -0.850155319658907E+003  0.252108899135078E-001 
      1.88000000 -0.850161134047547E+003  0.193965012737174E-001 
      1.90000000 -0.850167150959976E+003  0.133795888446421E-001 
      1.92000000 -0.850173282605650E+003  0.724794317085213E-002 
      1.94000000 -0.850179434380656E+003  0.109616816489963E-002 
      1.96000000 -0.850185506045351E+003 -0.497549653037172E-002 
      1.98000000 -0.850191393032599E+003 -0.108624837788046E-001 
      2.00000000 -0.850196987872731E+003 -0.164573239107641E-001 
      2.02000000 -0.850202181715534E+003 -0.216511667134778E-001 
      2.04000000 -0.850206865919946E+003 -0.263353711255514E-001 
      2.06000000 -0.850210933682745E+003 -0.304031339241755E-001 
      2.08000000 -0.850214281677955E+003 -0.337511291342822E-001 
      2.10000000 -0.850216811681122E+003 -0.362811323015097E-001 
      2.12000000 -0.850218432153598E+003 -0.379016047771151E-001 
      2.14000000 -0.850219059758561E+003 -0.385292097399363E-001 
      2.16000000 -0.850218620781473E+003 -0.380902326519808E-001 
      2.18000000 -0.850217052432110E+003 -0.365218832889162E-001 
      2.20000000 -0.850214304006622E+003 -0.337734578016035E-001 
      2.22000000 -0.850210337889907E+003 -0.298073410865445E-001 
      2.24000000 -0.850205130384469E+003 -0.245998356489442E-001 
      2.26000000 -0.850198672357048E+003 -0.181418082275430E-001 
      2.28000000 -0.850190969700102E+003 -0.104391512809904E-001 
      2.30000000 -0.850182043607440E+003 -0.151305861921090E-002 
      2.32000000 -0.850171930661191E+003  0.859988762978492E-002 
      2.34000000 -0.850160682733164E+003  0.198478156569381E-001 
      2.36000000 -0.850148366716105E+003  0.321638327156596E-001 
      2.38000000 -0.850135064098415E+003  0.454664504060136E-001 
      2.40000000 -0.850120870384795E+003  0.596601640251894E-001 
      2.42000000 -0.850105894369954E+003  0.746361788663279E-001 
      2.44000000 -0.850090257283291E+003  0.902732655300179E-001 
      2.46000000 -0.850074091823487E+003  0.106438725333467E+000 
      2.48000000 -0.850057541094376E+003  0.122989454444105E+000 
      2.50000000 -0.850040757439309E+003  0.139773109511486E+000 
      2.52000000 -0.850023901181258E+003  0.156629367562891E+000 
      2.54000000 -0.850007139290426E+003  0.173391258394747E+000 
      2.56000000 -0.849990643981600E+003  0.189886567221020E+000 
      2.58000000 -0.849974591231893E+003  0.205939316927621E+000 
      2.60000000 -0.849959159223052E+003  0.221371325768718E+000 
      2.62000000 -0.849944526710090E+003  0.236003838730749E+000 
      2.64000000 -0.849930871319762E+003  0.249659229058370E+000 
      2.66000000 -0.849918367784470E+003  0.262162764350107E+000 
      2.68000000 -0.849907186100206E+003  0.273344448615032E+000 
      2.70000000 -0.849897489603756E+003  0.283040945064141E+000 
      2.72000000 -0.849889432990137E+003  0.291097558683747E+000 
      2.74000000 -0.849883160291404E+003  0.297370257416605E+000 
      2.76000000 -0.849878802809436E+003  0.301727739384831E+000 
      2.78000000 -0.849876477000398E+003  0.304053548422591E+000 
      2.80000000 -0.849876282351009E+003  0.304248197811409E+000 
      2.82000000 -0.849878299281063E+003  0.302231267757684E+000 
      2.84000000 -0.849882587102134E+003  0.297943446686213E+000 
      2.86000000 -0.849889182087478E+003  0.291348461343054E+000 
      2.88000000 -0.849898095677954E+003  0.282434870866477E+000 
      2.90000000 -0.849909312840407E+003  0.271217708414027E+000 
      2.92000000 -0.849922790651987E+003  0.257739896833504E+000 
      2.94000000 -0.849938457193634E+003  0.242073355186494E+000 
      2.96000000 -0.849956210802458E+003  0.224319746362512E+000 
      2.98000000 -0.849975919743771E+003  0.204610805050006E+000 
      3.00000000 -0.849997422377780E+003  0.183108171040064E+000 
      3.02000000 -0.850020527875880E+003  0.160002672940329E+000 
      3.04000000 -0.850045017532406E+003  0.135513016414925E+000 
      3.06000000 -0.850070646717017E+003  0.109883831803984E+000 
      3.08000000 -0.850097147474501E+003  0.833830743194241E-001 
      3.10000000 -0.850124231754266E+003  0.562987945543897E-001 
      3.12000000 -0.850151595247580E+003  0.289353012405775E-001 
      3.14000000 -0.850178921782586E+003  0.160876623452598E-002 
      3.16000000 -0.850205888183792E+003 -0.253576349713470E-001 
      3.18000000 -0.850232169476103E+003 -0.516389272826417E-001 
      3.20000000 -0.850257444315077E+003 -0.769137662564786E-001 
      3.22000000 -0.850281400513436E+003 -0.100869964615012E+000 
      3.24000000 -0.850303740511847E+003 -0.123209963026621E+000 
      3.26000000 -0.850324186628691E+003 -0.143656079870110E+000 
      3.28000000 -0.850342485935642E+003 -0.161955386821005E+000 
      3.30000000 -0.850358414626148E+003 -0.177884077327211E+000 
      3.32000000 -0.850371781739054E+003 -0.191251190233422E+000 
      3.34000000 -0.850382432116356E+003 -0.201901567535035E+000 
      3.36000000 -0.850390248513297E+003 -0.209717964476781E+000 
      3.38000000 -0.850395152804252E+003 -0.214622255431769E+000 
      3.40000000 -0.850397106255768E+003 -0.216575706947102E+000 
      3.42000000 -0.850396108871109E+003 -0.215578322288632E+000 
      3.44000000 -0.850392197847163E+003 -0.211667298342270E+000 
      3.46000000 -0.850385445218208E+003 -0.204914669387628E+000 
      3.48000000 -0.850375954787589E+003 -0.195424238768278E+000 
      3.50000000 -0.850363858468444E+003 -0.183327919623299E+000 
      3.52000000 -0.850349312167327E+003 -0.168781618506571E+000 
      3.54000000 -0.850332491354970E+003 -0.151960806149700E+000 
      3.56000000 -0.850313586475945E+003 -0.133055927124636E+000 
      3.58000000 -0.850292798353812E+003 -0.112267804991508E+000 
      3.60000000 -0.850270333743254E+003 -0.898031944338662E-001 
      3.62000000 -0.850246401156878E+003 -0.658706080574908E-001 
      3.64000000 -0.850221207081167E+003 -0.406765323464007E-001 
      3.66000000 -0.850194952697783E+003 -0.144221489628711E-001 
      3.68000000 -0.850167831214213E+003  0.126993346071497E-001 
      3.70000000 -0.850140025869197E+003  0.405046796236422E-001 
      3.72000000 -0.850111708656271E+003  0.688218925498611E-001 
      3.74000000 -0.850083039789540E+003  0.974907592802892E-001 
      3.76000000 -0.850054167909167E+003  0.126362639653988E+000 
      3.78000000 -0.850025231000818E+003  0.155299548002338E+000 
      3.80000000 -0.849996357984967E+003  0.184172563853695E+000 
      3.82000000 -0.849967670910144E+003  0.212859638676139E+000 
      3.84000000 -0.849939287658368E+003  0.241242890452859E+000 
      3.86000000 -0.849911325051365E+003  0.269205497456099E+000 
      3.88000000 -0.849883902223041E+003  0.296628325780016E+000 
      3.90000000 -0.849857144099755E+003  0.323386449065093E+000 
      3.92000000 -0.849831184816044E+003  0.349345732776509E+000 
      3.94000000 -0.849806170871706E+003  0.374359677114286E+000 
      3.96000000 -0.849782263816780E+003  0.398266732040880E+000 
      3.98000000 -0.849759642236715E+003  0.420888312105514E+000 
      4.00000000 -0.849738502816478E+003  0.442027732342866E+000 
      4.02000000 -0.849719060296312E+003  0.461470252508989E+000 
      4.04000000 -0.849701546168254E+003  0.478984380566744E+000 
      4.06000000 -0.849686205974476E+003  0.494324574344960E+000 
      4.08000000 -0.849673295119424E+003  0.507235429397092E+000 
      4.10000000 -0.849663073219325E+003  0.517457329495986E+000 
      4.12000000 -0.849655797105293E+003  0.524733443527414E+000 
      4.14000000 -0.849651712657971E+003  0.528817890849314E+000 
      4.16000000 -0.849651045725043E+003  0.529484823777409E+000 
      4.18000000 -0.849653992446270E+003  0.526538102550631E+000 
      4.20000000 -0.849660709388774E+003  0.519821160046649E+000 
      4.22000000 -0.849671303951420E+003  0.509226597400830E+000 
      4.24000000 -0.849685825500851E+003  0.494705047969647E+000 
      4.26000000 -0.849704257666728E+003  0.476272882092960E+000 
      4.28000000 -0.849726512195881E+003  0.454018352939375E+000 
      4.30000000 -0.849752424742609E+003  0.428105806211836E+000 
      4.32000000 -0.849781752891317E+003  0.398777657503795E+000 
      4.34000000 -0.849814176591100E+003  0.366353957720766E+000 
      4.36000000 -0.849849301098856E+003  0.331229449964147E+000 
      4.38000000 -0.849886662419799E+003  0.293868129021943E+000 
      4.40000000 -0.849925735144834E+003  0.254795403986700E+000 
      4.42000000 -0.849965942526276E+003  0.214588022544635E+000 
      4.44000000 -0.850006668542967E+003  0.173862005853894E+000 
      4.46000000 -0.850047271605933E+003  0.133258942888070E+000 
      4.48000000 -0.850087099506558E+003  0.934310422624893E-001 
      4.50000000 -0.850125505181869E+003  0.550253669516712E-001 
      4.52000000 -0.850161862828407E+003  0.186677204135184E-001 
      4.54000000 -0.850195583846239E+003 -0.150532974182137E-001 
      4.56000000 -0.850226132048338E+003 -0.456014995172287E-001 
      4.58000000 -0.850253037558134E+003 -0.725070093130971E-001 
      4.60000000 -0.850275908858833E+003 -0.953783100118828E-001 
      4.62000000 -0.850294442513716E+003 -0.113911964895024E+000 
      4.64000000 -0.850308430141693E+003 -0.127899592872598E+000 
      4.66000000 -0.850317762332240E+003 -0.137231783419423E+000 
      4.68000000 -0.850322429321440E+003 -0.141898772619512E+000 
      4.70000000 -0.850322518411317E+003 -0.141987862496588E+000 
      4.72000000 -0.850318208275837E+003 -0.137677727016186E+000 
      4.74000000 -0.850309760436165E+003 -0.129229887344293E+000 
      4.76000000 -0.850297508308685E+003 -0.116977759864742E+000 
      4.78000000 -0.850281844323034E+003 -0.101313774213624E+000 
      4.80000000 -0.850263205654178E+003 -0.826751053578726E-001 
      4.82000000 -0.850242059123680E+003 -0.615285748596023E-001 
      4.84000000 -0.850218885814395E+003 -0.383552655744568E-001 
      4.86000000 -0.850194165902252E+003 -0.136353534315191E-001 
      4.88000000 -0.850168364146892E+003  0.121664019282041E-001 
      4.90000000 -0.850141916422412E+003  0.386141264086632E-001 
      4.92000000 -0.850115217629251E+003  0.653129195698423E-001 
      4.94000000 -0.850088611302406E+003  0.919192464143520E-001 
      4.96000000 -0.850062381192219E+003  0.118149356601875E+000 
      4.98000000 -0.850036745043248E+003  0.143785505572361E+000 
      5.00000000 -0.850011850765819E+003  0.168679783001298E+000 
      5.02000000 -0.849987775172726E+003  0.192755376094764E+000 
      5.04000000 -0.849964525401932E+003  0.216005146888574E+000 
      5.06000000 -0.849942043053151E+003  0.238487495669717E+000 
      5.08000000 -0.849920210979858E+003  0.260319568962166E+000 
      5.10000000 -0.849898862589258E+003  0.281667959562559E+000 
      5.12000000 -0.849877793394765E+003  0.302737154055275E+000 
      5.14000000 -0.849856774460085E+003  0.323756088735811E+000 
      5.16000000 -0.849835567292065E+003  0.344963256755244E+000 
      5.18000000 -0.849813939660734E+003  0.366590888086800E+000 
      5.20000000 -0.849791681761670E+003  0.388848787150116E+000 
      5.22000000 -0.849768622094522E+003  0.411908454298394E+000 
      5.24000000 -0.849744642412646E+003  0.435888136174076E+000 
      5.26000000 -0.849719691103068E+003  0.460839445752298E+000 
      5.28000000 -0.849693794350531E+003  0.486736198289179E+000 
      5.30000000 -0.849667064433247E+003  0.513466115573553E+000 
      5.32000000 -0.849639704550973E+003  0.540825997847668E+000 
      5.34000000 -0.849612009683728E+003  0.568520865092659E+000 
      5.36000000 -0.849584363094401E+003  0.596167454419918E+000 
      5.38000000 -0.849557228259719E+003  0.623302289101207E+000 
      5.40000000 -0.849531136233267E+003  0.649394315553936E+000 
      5.42000000 -0.849506668711398E+003  0.673861837422467E+000 
      5.44000000 -0.849484437359925E+003  0.696093188895756E+000 
      5.46000000 -0.849465060243785E+003  0.715470305035280E+000 
      5.48000000 -0.849449136466058E+003  0.731394082762094E+000 
      5.50000000 -0.849437220312320E+003  0.743310236500843E+000 
      5.52000000 -0.849429796257174E+003  0.750734291646761E+000 
      5.54000000 -0.849427256158792E+003  0.753274390028507E+000 
      5.56000000 -0.849429879834520E+003  0.750650714300717E+000 
      5.58000000 -0.849437820002487E+003  0.742710546333232E+000 
      5.60000000 -0.849451092275098E+003  0.729438273722930E+000 
      5.62000000 -0.849469570535577E+003  0.710960013243681E+000 
      5.64000000 -0.849492987697439E+003  0.687542851381580E+000 
      5.66000000 -0.849520941557830E+003  0.659588990990510E+000 
      5.68000000 -0.849552905227625E+003  0.627625321195859E+000 
      5.70000000 -0.849588241475883E+003  0.592289072937542E+000 
      5.72000000 -0.849626220255847E+003  0.554310292973470E+000 
      5.74000000 -0.849666038669744E+003  0.514491879076635E+000 
      5.76000000 -0.849706842700819E+003  0.473687848001976E+000 
      5.78000000 -0.849747750152120E+003  0.432780396701034E+000 
      5.80000000 -0.849787874303190E+003  0.392656245630556E+000 
      5.82000000 -0.849826347837426E+003  0.354182711395031E+000 
      5.84000000 -0.849862346594296E+003  0.318183954524877E+000 
      5.86000000 -0.849895112636351E+003  0.285417912469423E+000 
      5.88000000 -0.849923976007334E+003  0.256554541486953E+000 
      5.90000000 -0.849948374427300E+003  0.232156121520535E+000 
      5.92000000 -0.849967870068645E+003  0.212660480175362E+000 
      5.94000000 -0.849982162530420E+003  0.198368018400731E+000 
      5.96000000 -0.849991097208365E+003  0.189433340455239E+000 
      5.98000000 -0.849994668458498E+003  0.185862090322840E+000 
      6.00000000 -0.849993017259576E+003  0.187513289244821E+000 
      6.02000000 -0.849986423450873E+003  0.194107097947776E+000 
      6.04000000 -0.849975292999626E+003  0.205237549194572E+000 
      6.06000000 -0.849960141082136E+003  0.220389466684707E+000 
      6.08000000 -0.849941571990943E+003  0.238958557877438E+000 
      6.10000000 -0.849920256976177E+003  0.260273572643201E+000 
      6.12000000 -0.849896911092027E+003  0.283619456793518E+000 
      6.14000000 -0.849872269974025E+003  0.308260574795166E+000 
      6.16000000 -0.849847067257948E+003  0.333463290872545E+000 
      6.18000000 -0.849822013130458E+003  0.358517418362189E+000 
      6.20000000 -0.849797774328106E+003  0.382756220714101E+000 
      6.22000000 -0.849774955804775E+003  0.405574744045594E+000 
      6.24000000 -0.849754084265987E+003  0.426446282833489E+000 
      6.26000000 -0.849735593823503E+003  0.444936725317819E+000 
      6.28000000 -0.849719814118578E+003  0.460716430242475E+000 
      6.30000000 -0.849706961346945E+003  0.473569201875487E+000 
      6.32000000 -0.849697132679221E+003  0.483397869599706E+000 
      6.34000000 -0.849690304566260E+003  0.490225982560376E+000 
      6.36000000 -0.849686335322266E+003  0.494195226554718E+000 
      6.38000000 -0.849684972198283E+003  0.495558350537400E+000 
      6.40000000 -0.849685862908298E+003  0.494667640522556E+000 
      6.42000000 -0.849688571292100E+003  0.491959256720766E+000 
      6.44000000 -0.849692596529607E+003  0.487934019213775E+000 
      6.46000000 -0.849697395102868E+003  0.483135445952144E+000 
      6.48000000 -0.849702404555553E+003  0.478125993267221E+000 
      6.50000000 -0.849707067999167E+003  0.473462549653618E+000 
      6.52000000 -0.849710858296741E+003  0.469672252079654E+000 
      6.54000000 -0.849713300904891E+003  0.467229643929924E+000 
      6.56000000 -0.849713994439863E+003  0.466536108957124E+000 
      6.58000000 -0.849712628137720E+003  0.467902411100782E+000 
      6.60000000 -0.849708995501772E+003  0.471535047048499E+000 
      6.62000000 -0.849703003557429E+003  0.477526991391338E+000 
      6.64000000 -0.849694677279107E+003  0.485853269713897E+000 
      6.66000000 -0.849684158917894E+003  0.496371630927045E+000 
      6.68000000 -0.849671702183903E+003  0.508828364917907E+000 
      6.70000000 -0.849657661490995E+003  0.522869057825483E+000 
      6.72000000 -0.849642476725307E+003  0.538053823514030E+000 
      6.74000000 -0.849626654259182E+003  0.553876289638425E+000 
      6.76000000 -0.849610745176393E+003  0.569785372427138E+000 
      6.78000000 -0.849595321820342E+003  0.585208728478626E+000 
      6.80000000 -0.849580953834466E+003  0.599576714354935E+000 
      6.82000000 -0.849568184857212E+003  0.612345691608286E+000 
      6.84000000 -0.849557510931568E+003  0.623019617252166E+000 
      6.86000000 -0.849549361508579E+003  0.631169040241403E+000 
      6.88000000 -0.849544083722579E+003  0.636446826241813E+000 
      6.90000000 -0.849541930397018E+003  0.638600151802609E+000 
      6.92000000 -0.849543052019806E+003  0.637478529014769E+000 
      6.94000000 -0.849547492720293E+003  0.633037828527122E+000 
      6.96000000 -0.849555190092964E+003  0.625340455856907E+000 
      6.98000000 -0.849565978546139E+003  0.614552002681760E+000 
      7.00000000 -0.849579595716814E+003  0.600934832006447E+000 
      7.02000000 -0.849595691403420E+003  0.584839145400827E+000 
      7.04000000 -0.849613838423994E+003  0.566692124826657E+000 
      7.06000000 -0.849633544849449E+003  0.546985699371761E+000 
      7.08000000 -0.849654267176853E+003  0.526263371967582E+000 
      7.10000000 -0.849675424153871E+003  0.505106394949232E+000 
      7.12000000 -0.849696411122161E+003  0.484119426659516E+000 
      7.14000000 -0.849716614876071E+003  0.463915672749753E+000 
      7.16000000 -0.849735429072023E+003  0.445101476797241E+000 
      7.18000000 -0.849752270160682E+003  0.428260388138294E+000 
      7.20000000 -0.849766593655460E+003  0.413936893360115E+000 
      7.22000000 -0.849777910326940E+003  0.402620221880926E+000 
      7.24000000 -0.849785801694399E+003  0.394728854421287E+000 
      7.26000000 -0.849789934029658E+003  0.390596519163010E+000 
      7.28000000 -0.849790070026581E+003  0.390460522239466E+000 
      7.30000000 -0.849786077357352E+003  0.394453191468946E+000 
      7.32000000 -0.849777933537301E+003  0.402597011519510E+000 
      7.34000000 -0.849765726814810E+003  0.414803734010731E+000 
      7.36000000 -0.849749653133215E+003  0.430877415605944E+000 
      7.38000000 -0.849730009515994E+003  0.450521032826190E+000 
      7.40000000 -0.849707184460177E+003  0.473346088643727E+000 
      7.42000000 -0.849681646055607E+003  0.498884493213386E+000 
      7.44000000 -0.849653928561493E+003  0.526601987328088E+000 
      7.46000000 -0.849624618076751E+003  0.555912472069963E+000 
      7.48000000 -0.849594337783737E+003  0.586192765083442E+000 
      7.50000000 -0.849563733069329E+003  0.616797479491722E+000 
      7.52000000 -0.849533456654091E+003  0.647073894729233E+000 
      7.54000000 -0.849504153725694E+003  0.676376823127120E+000 
      7.56000000 -0.849476447031711E+003  0.704083517109632E+000 
      7.58000000 -0.849450921945325E+003  0.729608603495953E+000 
      7.60000000 -0.849428111644837E+003  0.752418903983655E+000 
      7.62000000 -0.849408482731358E+003  0.772047817462931E+000 
      7.64000000 -0.849392421800051E+003  0.788108748769088E+000 
      7.66000000 -0.849380223639261E+003  0.800306909560089E+000 
      7.68000000 -0.849372081841254E+003  0.808448707566130E+000 
      7.70000000 -0.849368082638743E+003  0.812447910077765E+000 
      7.72000000 -0.849368202691037E+003  0.812327857783079E+000 
      7.74000000 -0.849372311334923E+003  0.808219213897409E+000 
      7.76000000 -0.849380177500298E+003  0.800353048522119E+000 
      7.78000000 -0.849391481125419E+003  0.789049423401645E+000 
      7.80000000 -0.849405828557563E+003  0.774701991257307E+000 
      7.82000000 -0.849422771082306E+003  0.757759466515069E+000 
      7.84000000 -0.849441825413050E+003  0.738705135770889E+000 
      7.86000000 -0.849462494802618E+003  0.718035746202640E+000 
      7.88000000 -0.849484289407912E+003  0.696241140908141E+000 
      7.90000000 -0.849506744635267E+003  0.673785913553391E+000 
      7.92000000 -0.849529436402933E+003  0.651094145887625E+000 
      7.94000000 -0.849551992557078E+003  0.628537991742443E+000 
      7.96000000 -0.849574100038895E+003  0.606430509925742E+000 
      7.98000000 -0.849595507776533E+003  0.585022772287613E+000 
      8.00000000 -0.849616025620431E+003  0.564504928389414E+000 
      8.02000000 -0.849635519934653E+003  0.545010614167889E+000 
      8.04000000 -0.849653906682265E+003  0.526623866555421E+000 
      8.06000000 -0.849671142973882E+003  0.509387574938240E+000 
      8.08000000 -0.849687218062668E+003  0.493312486152306E+000 
      8.10000000 -0.849702144670954E+003  0.478385877866372E+000 
      8.12000000 -0.849715951373025E+003  0.464579175795274E+000 
      8.14000000 -0.849728676531118E+003  0.451854017702611E+000 
      8.16000000 -0.849740364010728E+003  0.440166538092399E+000 
      8.18000000 -0.849751060635355E+003  0.429469913465515E+000 
      8.20000000 -0.849760815104493E+003  0.419715444328081E+000 
      8.22000000 -0.849769677928035E+003  0.410852620785721E+000 
      8.24000000 -0.849777701858166E+003  0.402828690654403E+000 
      8.26000000 -0.849784942309932E+003  0.395588238889022E+000 
      8.28000000 -0.849791457336737E+003  0.389073212084046E+000 
      8.30000000 -0.849797306861247E+003  0.383223687573518E+000 
      8.32000000 -0.849802551040439E+003  0.377979508381687E+000 
      8.34000000 -0.849807247824976E+003  0.373282723844268E+000 
      8.36000000 -0.849811449936875E+003  0.369080611945398E+000 
      8.38000000 -0.849815201603279E+003  0.365328945541802E+000 
      8.40000000 -0.849818535435115E+003  0.361995113705412E+000 
      8.42000000 -0.849821469837109E+003  0.359060711711763E+000 
      8.44000000 -0.849824007289769E+003  0.356523259051417E+000 
      8.46000000 -0.849826133755216E+003  0.354396793604652E+000 
      8.48000000 -0.849827819337052E+003  0.352711211768202E+000 
      8.50000000 -0.849829020198303E+003  0.351510350517406E+000 
      8.52000000 -0.849829681618675E+003  0.350848930145478E+000 
      8.54000000 -0.849829741958421E+003  0.350788590399983E+000 
      8.56000000 -0.849829137210607E+003  0.351393338213364E+000 
      8.58000000 -0.849827805771852E+003  0.352724776969066E+000 
      8.60000000 -0.849825693046666E+003  0.354837502154510E+000 
      8.62000000 -0.849822755530162E+003  0.357775018658609E+000 
      8.64000000 -0.849818964084086E+003  0.361566464734188E+000 
      8.66000000 -0.849814306222683E+003  0.366224326138013E+000 
      8.68000000 -0.849808787345285E+003  0.371743203535331E+000 
      8.70000000 -0.849802430973471E+003  0.378099575349979E+000 
      8.72000000 -0.849795278155380E+003  0.385252393440437E+000 
      8.74000000 -0.849787386274744E+003  0.393144274076824E+000 
      8.76000000 -0.849778827533505E+003  0.401703015315327E+000 
      8.78000000 -0.849769687357376E+003  0.410843191444943E+000 
      8.80000000 -0.849760062908752E+003  0.420467640068540E+000 
      8.82000000 -0.849750061800404E+003  0.430468748416151E+000 
      8.84000000 -0.849739800994000E+003  0.440729554820647E+000 
      8.86000000 -0.849729405761523E+003  0.451124787297436E+000 
      8.88000000 -0.849719008513123E+003  0.461522035697721E+000 
      8.90000000 -0.849708747266330E+003  0.471783282490884E+000 
      8.92000000 -0.849698763546759E+003  0.481767002061991E+000 
      8.94000000 -0.849689199575436E+003  0.491330973384802E+000 
      8.96000000 -0.849680194709179E+003  0.500335839641498E+000 
      8.98000000 -0.849671881231653E+003  0.508649317167340E+000 
      9.00000000 -0.849664379722039E+003  0.516150826781324E+000 
      9.02000000 -0.849657794333929E+003  0.522736214891161E+000 
      9.04000000 -0.849652208384032E+003  0.528322164788962E+000 
      9.06000000 -0.849647680658949E+003  0.532849889871888E+000 
      9.08000000 -0.849644242804754E+003  0.536287744066999E+000 
      9.10000000 -0.849641898076464E+003  0.538632472356317E+000 
      9.12000000 -0.849640621597083E+003  0.539908951738042E+000 
      9.14000000 -0.849640362129099E+003  0.540168419721307E+000 
      9.16000000 -0.849641045222995E+003  0.539485325825245E+000 
      9.18000000 -0.849642577486987E+003  0.537953061833760E+000 
      9.20000000 -0.849644851630677E+003  0.535678918143353E+000 
      9.22000000 -0.849647751879562E+003  0.532778669258822E+000 
      9.24000000 -0.849651159341625E+003  0.529371207195995E+000 
      9.26000000 -0.849654956934835E+003  0.525573613985900E+000 
      9.28000000 -0.849659033547205E+003  0.521497001615859E+000 
      9.30000000 -0.849663287195496E+003  0.517243353324784E+000 
      9.32000000 -0.849667627067526E+003  0.512903481294187E+000 
      9.34000000 -0.849671974452512E+003  0.508556096308942E+000 
      9.36000000 -0.849676262676957E+003  0.504267871863252E+000 
      9.38000000 -0.849680436264542E+003  0.500094284278523E+000 
      9.40000000 -0.849684449601456E+003  0.496080947364416E+000 
      9.42000000 -0.849688265402330E+003  0.492265146490571E+000 
      9.44000000 -0.849691853240767E+003  0.488677308053434E+000 
      9.46000000 -0.849695188346480E+003  0.485342202340418E+000 
      9.48000000 -0.849698250791634E+003  0.482279757186976E+000 
      9.50000000 -0.849701025097894E+003  0.479505450926434E+000 
      9.52000000 -0.849703500211918E+003  0.477030336902620E+000 
      9.54000000 -0.849705669738266E+003  0.474860810554503E+000 
      9.56000000 -0.849707532289629E+003  0.472998259191936E+000 
      9.58000000 -0.849709091812383E+003  0.471438736437735E+000 
      9.60000000 -0.849710357767453E+003  0.470172781367449E+000 
      9.62000000 -0.849711345084855E+003  0.469185463965591E+000 
      9.64000000 -0.849712073854191E+003  0.468456694629254E+000 
      9.66000000 -0.849712568752741E+003  0.467961796079975E+000 
      9.68000000 -0.849712858243945E+003  0.467672304875819E+000 
      9.70000000 -0.849712973600094E+003  0.467556948726849E+000 
      9.72000000 -0.849712947814789E+003  0.467582734031153E+000 
      9.74000000 -0.849712814475640E+003  0.467716073181013E+000 
      9.76000000 -0.849712606665845E+003  0.467923882975557E+000 
      9.78000000 -0.849712355956645E+003  0.468174592175942E+000 
      9.80000000 -0.849712091542362E+003  0.468439006458851E+000 
      9.82000000 -0.849711839555979E+003  0.468690992841638E+000 
      9.84000000 -0.849711622586169E+003  0.468907962651270E+000 
      9.86000000 -0.849711459397582E+003  0.469071151238632E+000 
      9.88000000 -0.849711364838808E+003  0.469165710013103E+000 
      9.90000000 -0.849711349908689E+003  0.469180640131353E+000 
      9.92000000 -0.849711421941288E+003  0.469108607532907E+000 
      9.94000000 -0.849711584864513E+003  0.468945684307977E+000 
      9.96000000 -0.849711839490402E+003  0.468691058418785E+000 
      9.98000000 -0.849712183805282E+003  0.468346743538444E+000 
     10.00000000 -0.849712613243806E+003  0.467917305014136E+000 
     10.02000000 -0.849713120948810E+003  0.467409600011052E+000 
     10.04000000 -0.849713698034347E+003  0.466832514473818E+000 
     10.06000000 -0.849714333878063E+003  0.466196670757522E+000 
     10.08000000 -0.849715016469658E+003  0.465514079162450E+000 
     10.10000000 -0.849715732833520E+003  0.464797715300416E+000 
     10.12000000 -0.849716469524040E+003  0.464061024781005E+000 
     10.14000000 -0.849717213168559E+003  0.463317380262049E+000 
     10.16000000 -0.849717951015374E+003  0.462579533446370E+000 
     10.18000000 -0.849718671435255E+003  0.461859113565492E+000 
     10.20000000 -0.849719364326570E+003  0.461166222250978E+000 
     10.22000000 -0.849720021387784E+003  0.460509161036567E+000 
     10.24000000 -0.849720636240856E+003  0.459894307964792E+000 
     10.26000000 -0.849721204408432E+003  0.459326140388474E+000 
     10.28000000 -0.849721723166275E+003  0.458807382545622E+000 
     10.30000000 -0.849722191306734E+003  0.458339242086644E+000 
     10.32000000 -0.849722608855135E+003  0.457921693685398E+000 
     10.34000000 -0.849722976780899E+003  0.457553767921311E+000 
     10.36000000 -0.849723296740571E+003  0.457233808249521E+000 
     10.38000000 -0.849723570880589E+003  0.456959668231737E+000 
     10.40000000 -0.849723801713216E+003  0.456728835604409E+000 
     10.42000000 -0.849723992062367E+003  0.456538486453240E+000 
     10.44000000 -0.849724145061751E+003  0.456385487069722E+000 
     10.46000000 -0.849724264177836E+003  0.456266370984810E+000 
     10.48000000 -0.849724353225685E+003  0.456177323135999E+000 
     10.50000000 -0.849724416349049E+003  0.456114199771780E+000 
     10.52000000 -0.849724457945934E+003  0.456072602886665E+000 
     10.54000000 -0.849724482533777E+003  0.456048015043495E+000 
     10.56000000 -0.849724494561364E+003  0.456035987456403E+000 
     10.58000000 -0.849724498184624E+003  0.456032364196402E+000 
     10.60000000 -0.849724497028835E+003  0.456033519985903E+000 
     10.62000000 -0.849724493960882E+003  0.456036587938224E+000 
     10.64000000 -0.849724490893529E+003  0.456039655291454E+000 
     10.66000000 -0.849724488640031E+003  0.456041908789043E+000 
     10.68000000 -0.849724486847030E+003  0.456043701790880E+000 
     10.70000000 -0.849724484824923E+003  0.456045723897372E+000 
     10.72000000 -0.849724482627057E+003  0.456047921763662E+000 
     10.74000000 -0.849724480417610E+003  0.456050131211045E+000 
     10.76000000 -0.849724478360815E+003  0.456052188005808E+000 
     10.78000000 -0.849724476590341E+003  0.456053958480029E+000 
     10.80000000 -0.849724475186682E+003  0.456055362139045E+000 
     10.82000000 -0.849724474165584E+003  0.456056383236360E+000 
     10.84000000 -0.849724473477871E+003  0.456057070949202E+000 
     10.86000000 -0.849724473019232E+003  0.456057529588423E+000 
     10.88000000 -0.849724472647685E+003  0.456057901135832E+000 
     10.90000000 -0.849724472205987E+003  0.456058342834048E+000 
     10.92000000 -0.849724471546036E+003  0.456059002784847E+000 
     10.94000000 -0.849724470552083E+003  0.456059996737577E+000 
     10.96000000 -0.849724469159569E+003  0.456061389251404E+000 
     10.98000000 -0.849724467366563E+003  0.456063182257688E+000 
     11.00000000 -0.849724465235435E+003  0.456065313385773E+000 
     11.02000000 -0.849724462883916E+003  0.456067664904488E+000 
     11.04000000 -0.849724460466996E+003  0.456070081824983E+000 
     11.06000000 -0.849724458152886E+003  0.456072395934724E+000 
     11.08000000 -0.849724456097269E+003  0.456074451551608E+000 
     11.10000000 -0.849724454420012E+003  0.456076128808930E+000 
     11.12000000 -0.849724453187950E+003  0.456077360870265E+000 
     11.14000000 -0.849724452406398E+003  0.456078142422685E+000 
     11.16000000 -0.849724452020822E+003  0.456078527998303E+000 
     11.18000000 -0.849724451928606E+003  0.456078620214623E+000 
     11.20000000 -0.849724451999063E+003  0.456078549757939E+000 
     11.22000000 -0.849724452098101E+003  0.456078450719703E+000 
     11.24000000 -0.849724452112747E+003  0.456078436073456E+000 
     11.26000000 -0.849724451970335E+003  0.456078578485662E+000 
     11.28000000 -0.849724451647902E+003  0.456078900918487E+000 
     11.30000000 -0.849724451169361E+003  0.456079379459747E+000 
     11.32000000 -0.849724450590904E+003  0.456079957916175E+000 
     11.34000000 -0.849724449978528E+003  0.456080570292120E+000 
     11.36000000 -0.849724449384493E+003  0.456081164327992E+000 
     11.38000000 -0.849724448830226E+003  0.456081718594586E+000 
     11.40000000 -0.849724448301105E+003  0.456082247715432E+000 
     11.42000000 -0.849724447754446E+003  0.456082794374343E+000 
     11.44000000 -0.849724447137408E+003  0.456083411412308E+000 
     11.46000000 -0.849724446407866E+003  0.456084140954749E+000 
     11.48000000 -0.849724445550533E+003  0.456084998287801E+000 
     11.50000000 -0.849724444582748E+003  0.456085966072839E+000 
     11.52000000 -0.849724443548312E+003  0.456087000508398E+000 
     11.54000000 -0.849724442502103E+003  0.456088046717625E+000 
     11.56000000 -0.849724441491120E+003  0.456089057700395E+000 
     11.58000000 -0.849724440538318E+003  0.456090010502179E+000 
     11.60000000 -0.849724439633897E+003  0.456090914923233E+000 
     11.62000000 -0.849724438735739E+003  0.456091813082018E+000 
     11.64000000 -0.849724437777875E+003  0.456092770945860E+000 
     11.66000000 -0.849724436684269E+003  0.456093864551770E+000 
     11.68000000 -0.849724435384983E+003  0.456095163837388E+000 
     11.70000000 -0.849724433832226E+003  0.456096716594602E+000 
     11.72000000 -0.849724432013997E+003  0.456098534823973E+000 
     11.74000000 -0.849724429962809E+003  0.456100586012016E+000 
     11.76000000 -0.849724427756500E+003  0.456102792320869E+000 
     11.78000000 -0.849724425508251E+003  0.456105040569626E+000 
     11.80000000 -0.849724423344688E+003  0.456107204132409E+000 
     11.82000000 -0.849724421374067E+003  0.456109174753187E+000 
     11.84000000 -0.849724419650921E+003  0.456110897900040E+000 
     11.86000000 -0.849724418147254E+003  0.456112401566838E+000 
     11.88000000 -0.849724416740826E+003  0.456113807994702E+000 
     11.90000000 -0.849724415227094E+003  0.456115321726643E+000 
     11.92000000 -0.849724413354575E+003  0.456117194245186E+000 
     11.94000000 -0.849724410876493E+003  0.456119672327425E+000 
     11.96000000 -0.849724407606454E+003  0.456122942366555E+000 
     11.98000000 -0.849724403464296E+003  0.456127084524292E+000 
     12.00000000 -0.849724398500509E+003  0.456132048311826E+000 
     12.02000000 -0.849724392893539E+003  0.456137655281912E+000 
     12.04000000 -0.849724386921823E+003  0.456143626997503E+000 
     12.06000000 -0.849724380917937E+003  0.456149630884065E+000 
     12.08000000 -0.849724375215434E+003  0.456155333386301E+000 
     12.10000000 -0.849724370099783E+003  0.456160449037690E+000 
     12.12000000 -0.849724365772326E+003  0.456164776494171E+000 
     12.14000000 -0.849724362332303E+003  0.456168216517102E+000 
     12.16000000 -0.849724359777405E+003  0.456170771415451E+000 
     12.18000000 -0.849724358019853E+003  0.456172528967804E+000 
     12.20000000 -0.849724356912680E+003  0.456173636140979E+000 
     12.22000000 -0.849724356280160E+003  0.456174268660747E+000 
     12.24000000 -0.849724355946549E+003  0.456174602271244E+000 
     12.26000000 -0.849724355758359E+003  0.456174790461612E+000 
     12.28000000 -0.849724355597362E+003  0.456174951458864E+000 
     12.30000000 -0.849724355383841E+003  0.456175164979918E+000 
     12.32000000 -0.849724355071538E+003  0.456175477283117E+000 
     12.34000000 -0.849724354637191E+003  0.456175911629353E+000 
     12.36000000 -0.849724354068298E+003  0.456176480522473E+000 
     12.38000000 -0.849724353352567E+003  0.456177196253160E+000 
     12.40000000 -0.849724352471516E+003  0.456178077305048E+000 
     12.42000000 -0.849724351399017E+003  0.456179149803680E+000 
     12.44000000 -0.849724350104324E+003  0.456180444496497E+000 
     12.46000000 -0.849724348557951E+003  0.456181990869150E+000 
     12.48000000 -0.849724346738038E+003  0.456183810782780E+000 
     12.50000000 -0.849724344634870E+003  0.456185913950446E+000 
     12.52000000 -0.849724342252437E+003  0.456188296383269E+000 
     12.54000000 -0.849724339607672E+003  0.456190941148560E+000 
     12.56000000 -0.849724336729373E+003  0.456193819447831E+000 
     12.58000000 -0.849724333658759E+003  0.456196890061787E+000 
     12.60000000 -0.849724330451879E+003  0.456200096941207E+000 
     12.62000000 -0.849724327182096E+003  0.456203366724150E+000 
     12.64000000 -0.849724323939739E+003  0.456206609081765E+000 
     12.66000000 -0.849724320826233E+003  0.456209722587287E+000 
     12.68000000 -0.849724317942001E+003  0.456212606819264E+000 
     12.70000000 -0.849724315370868E+003  0.456215177952702E+000 
     12.72000000 -0.849724313166073E+003  0.456217382747539E+000 
     12.74000000 -0.849724311342618E+003  0.456219206203122E+000 
     12.76000000 -0.849724309877845E+003  0.456220670975835E+000 
     12.78000000 -0.849724308718440E+003  0.456221830380179E+000 
     12.80000000 -0.849724307789800E+003  0.456222759020745E+000 
     12.82000000 -0.849724307003728E+003  0.456223545092590E+000 
     12.84000000 -0.849724306262502E+003  0.456224286318793E+000 
     12.86000000 -0.849724305460156E+003  0.456225088664879E+000 
     12.88000000 -0.849724304483399E+003  0.456226065421771E+000 
     12.90000000 -0.849724303214275E+003  0.456227334545601E+000 
     12.92000000 -0.849724301535135E+003  0.456229013685751E+000 
     12.94000000 -0.849724299334988E+003  0.456231213832587E+000 
     12.96000000 -0.849724296516485E+003  0.456234032335734E+000 
     12.98000000 -0.849724293003767E+003  0.456237545053745E+000 
     13.00000000 -0.849724288751984E+003  0.456241796836516E+000 
     13.02000000 -0.849724283758474E+003  0.456246790346938E+000 
     13.04000000 -0.849724278073845E+003  0.456252474975167E+000 
     13.06000000 -0.849724271809886E+003  0.456258738934435E+000 
     13.08000000 -0.849724265140499E+003  0.456265408321962E+000 
     13.10000000 -0.849724258292708E+003  0.456272256112264E+000 
     13.12000000 -0.849724251527644E+003  0.456279021176952E+000 
     13.14000000 -0.849724245114347E+003  0.456285434473977E+000 
     13.16000000 -0.849724239301342E+003  0.456291247478565E+000 
     13.18000000 -0.849724234290714E+003  0.456296258106905E+000 
     13.20000000 -0.849724230217590E+003  0.456300331230520E+000 
     13.22000000 -0.849724227136768E+003  0.456303412052988E+000 
     13.24000000 -0.849724225017539E+003  0.456305531282115E+000 
     13.26000000 -0.849724223747407E+003  0.456306801413870E+000 
     13.28000000 -0.849724223145135E+003  0.456307403685615E+000 
     13.30000000 -0.849724222983142E+003  0.456307565678612E+000 
     13.32000000 -0.849724223017559E+003  0.456307531261415E+000 
     13.34000000 -0.849724223021831E+003  0.456307526989573E+000 
     13.36000000 -0.849724222817238E+003  0.456307731582759E+000 
     13.38000000 -0.849724222292856E+003  0.456308255964923E+000 
     13.40000000 -0.849724221409413E+003  0.456309139407953E+000 
     13.42000000 -0.849724220186028E+003  0.456310362792482E+000 
     13.44000000 -0.849724218674396E+003  0.456311874424273E+000 
     13.46000000 -0.849724216929176E+003  0.456313619644470E+000 
     13.48000000 -0.849724214983976E+003  0.456315564844171E+000 
     13.50000000 -0.849724212839315E+003  0.456317709505879E+000 
     13.52000000 -0.849724210464073E+003  0.456320084747974E+000 
     13.54000000 -0.849724207807528E+003  0.456322741292444E+000 
     13.56000000 -0.849724204816206E+003  0.456325732614849E+000 
     13.58000000 -0.849724201449682E+003  0.456329099138854E+000 
     13.60000000 -0.849724197692212E+003  0.456332856608635E+000 
     13.62000000 -0.849724193559455E+003  0.456336989365283E+000 
     13.64000000 -0.849724189100711E+003  0.456341448109179E+000 
     13.66000000 -0.849724184398094E+003  0.456346150726464E+000 
     13.68000000 -0.849724179563897E+003  0.456350984923603E+000 
     13.70000000 -0.849724174736273E+003  0.456355812547569E+000 
     13.72000000 -0.849724170072467E+003  0.456360476353908E+000 
     13.74000000 -0.849724165738151E+003  0.456364810669330E+000 
     13.76000000 -0.849724161891484E+003  0.456368657336971E+000 
     13.78000000 -0.849724158662212E+003  0.456371886608372E+000 
     13.80000000 -0.849724156128582E+003  0.456374420238578E+000 
     13.82000000 -0.849724154296587E+003  0.456376252233204E+000 
     13.84000000 -0.849724153086814E+003  0.456377462006482E+000 
     13.86000000 -0.849724152333497E+003  0.456378215323251E+000 
     13.88000000 -0.849724151798009E+003  0.456378750811547E+000 
     13.90000000 -0.849724151195423E+003  0.456379353397677E+000 
     13.92000000 -0.849724150229630E+003  0.456380319190644E+000 
     13.94000000 -0.849724148630909E+003  0.456381917912022E+000 
     13.96000000 -0.849724146189598E+003  0.456384359222853E+000 
     13.98000000 -0.849724142780463E+003  0.456387768357294E+000 
     14.00000000 -0.849724138375003E+003  0.456392173817915E+000 
     14.02000000 -0.849724133041934E+003  0.456397506886815E+000 
     14.04000000 -0.849724126937922E+003  0.456403610898907E+000 
     14.06000000 -0.849724120291004E+003  0.456410257816822E+000 
     14.08000000 -0.849724113378497E+003  0.456417170323194E+000 
     14.10000000 -0.849724106500225E+003  0.456424048595373E+000 
     14.12000000 -0.849724099948018E+003  0.456430600802482E+000 
     14.14000000 -0.849724093974105E+003  0.456436574715286E+000 
     14.16000000 -0.849724088762823E+003  0.456441785997336E+000 
     14.18000000 -0.849724084411548E+003  0.456446137272905E+000 
     14.20000000 -0.849724080925893E+003  0.456449622927730E+000 
     14.22000000 -0.849724078230836E+003  0.456452317984325E+000 
     14.24000000 -0.849724076195143E+003  0.456454353677997E+000 
     14.26000000 -0.849724074662821E+003  0.456455885999819E+000 
     14.28000000 -0.849724073483439E+003  0.456457065381319E+000 
     14.30000000 -0.849724072534305E+003  0.456458014515765E+000 
     14.32000000 -0.849724071730878E+003  0.456458817942670E+000 
     14.34000000 -0.849724071025588E+003  0.456459523232440E+000 
     14.36000000 -0.849724070397863E+003  0.456460150957454E+000 
     14.38000000 -0.849724069840030E+003  0.456460708790749E+000 
     14.40000000 -0.849724069343974E+003  0.456461204846484E+000 
     14.42000000 -0.849724068891840E+003  0.456461656980107E+000 
     14.44000000 -0.849724068451740E+003  0.456462097081071E+000 
     14.46000000 -0.849724067977431E+003  0.456462571389352E+000 
     14.48000000 -0.849724067410117E+003  0.456463138703685E+000 
     14.50000000 -0.849724066680797E+003  0.456463868023582E+000 
     14.52000000 -0.849724065712743E+003  0.456464836077181E+000 
     14.54000000 -0.849724064424711E+003  0.456466124109335E+000 
     14.56000000 -0.849724062735981E+003  0.456467812839959E+000 
     14.58000000 -0.849724060573801E+003  0.456469975019332E+000 
     14.60000000 -0.849724057882457E+003  0.456472666363442E+000 
     14.62000000 -0.849724054632215E+003  0.456475916605617E+000 
     14.64000000 -0.849724050826387E+003  0.456479722433120E+000 
     14.66000000 -0.849724046505469E+003  0.456484043351134E+000 
     14.68000000 -0.849724041748229E+003  0.456488800591695E+000 
     14.70000000 -0.849724036669924E+003  0.456493878896561E+000 
     14.72000000 -0.849724031417561E+003  0.456499131259564E+000 
     14.74000000 -0.849724026162113E+003  0.456504386707347E+000 
     14.76000000 -0.849724021087402E+003  0.456509461419024E+000 
     14.78000000 -0.849724016375648E+003  0.456514173172122E+000 
     14.80000000 -0.849724012190981E+003  0.456518357839464E+000 
     14.82000000 -0.849724008662652E+003  0.456521886168821E+000 
     14.84000000 -0.849724005869687E+003  0.456524679133723E+000 
     14.86000000 -0.849724003828029E+003  0.456526720791134E+000 
     14.88000000 -0.849724002480487E+003  0.456528068333642E+000 
     14.90000000 -0.849724001690484E+003  0.456528858336166E+000 
     14.92000000 -0.849724001242098E+003  0.456529306722694E+000 
     14.94000000 -0.849724000849854E+003  0.456529698966612E+000 
     14.96000000 -0.849724000181438E+003  0.456530367383080E+000 
     14.98000000 -0.849723998894122E+003  0.456531654698298E+000 
     15.00000000 -0.849723996681853E+003  0.456533866967312E+000 
     15.02000000 -0.849723993325514E+003  0.456537223306974E+000 
     15.04000000 -0.849723988735864E+003  0.456541812956325E+000 
     15.06000000 -0.849723982978440E+003  0.456547570380175E+000 
     15.08000000 -0.849723976272945E+003  0.456554275875537E+000 
     15.10000000 -0.849723968966037E+003  0.456561582783984E+000 
     15.12000000 -0.849723961482563E+003  0.456569066257332E+000 
     15.14000000 -0.849723954264309E+003  0.456576284511325E+000 
     15.16000000 -0.849723947707696E+003  0.456582841124750E+000 
     15.18000000 -0.849723942111633E+003  0.456588437187950E+000 
     15.20000000 -0.849723937644373E+003  0.456592904447688E+000 
     15.22000000 -0.849723934334556E+003  0.456596214264989E+000 
     15.24000000 -0.849723932086111E+003  0.456598462709705E+000 
     15.26000000 -0.849723930711790E+003  0.456599837030113E+000 
     15.28000000 -0.849723929977159E+003  0.456600571661971E+000 
     15.30000000 -0.849723929645283E+003  0.456600903538131E+000 
     15.32000000 -0.849723929513223E+003  0.456601035597684E+000 
     15.34000000 -0.849723929434609E+003  0.456601114211645E+000 
     15.36000000 -0.849723929326505E+003  0.456601222315509E+000 
     15.38000000 -0.849723929162724E+003  0.456601386096980E+000 
     15.40000000 -0.849723928958213E+003  0.456601590607510E+000 
     15.42000000 -0.849723928749758E+003  0.456601799062543E+000 
     15.44000000 -0.849723928577554E+003  0.456601971266275E+000 
     15.46000000 -0.849723928470891E+003  0.456602077929113E+000 
     15.48000000 -0.849723928439510E+003  0.456602109310351E+000 
     15.50000000 -0.849723928470527E+003  0.456602078293575E+000 
     15.52000000 -0.849723928529558E+003  0.456602019262918E+000 
     15.54000000 -0.849723928564111E+003  0.456601984709218E+000 
     15.56000000 -0.849723928507631E+003  0.456602041189607E+000 
     15.58000000 -0.849723928283457E+003  0.456602265363488E+000 
     15.60000000 -0.849723927809019E+003  0.456602739801699E+000 
     15.62000000 -0.849723927001024E+003  0.456603547796463E+000 
     15.64000000 -0.849723925782370E+003  0.456604766451108E+000 
     15.66000000 -0.849723924090669E+003  0.456606458151855E+000 
     15.68000000 -0.849723921887246E+003  0.456608661574208E+000 
     15.70000000 -0.849723919165057E+003  0.456611383763981E+000 
     15.72000000 -0.849723915954339E+003  0.456614594482045E+000 
     15.74000000 -0.849723912325074E+003  0.456618223746966E+000 
     15.76000000 -0.849723908385910E+003  0.456622162910702E+000 
     15.78000000 -0.849723904279809E+003  0.456626269011260E+000 
     15.80000000 -0.849723900176414E+003  0.456630372407065E+000 
     15.82000000 -0.849723896260815E+003  0.456634288006063E+000 
     15.84000000 -0.849723892717987E+003  0.456637830833079E+000 
     15.86000000 -0.849723889712786E+003  0.456640836035104E+000 
     15.88000000 -0.849723887366820E+003  0.456643182000560E+000 
     15.90000000 -0.849723885735116E+003  0.456644813705068E+000 
     15.92000000 -0.849723884787430E+003  0.456645761391043E+000 
     15.94000000 -0.849723884400235E+003  0.456646148585375E+000 
     15.96000000 -0.849723884364096E+003  0.456646184724534E+000 
     15.98000000 -0.849723884407785E+003  0.456646141035889E+000 
     16.00000000 -0.849723884235497E+003  0.456646313323438E+000 
     16.02000000 -0.849723883568922E+003  0.456646979898744E+000 
     16.04000000 -0.849723882184230E+003  0.456648364590753E+000 
     16.06000000 -0.849723879936648E+003  0.456650612172942E+000 
     16.08000000 -0.849723876770266E+003  0.456653778554837E+000 
     16.10000000 -0.849723872715759E+003  0.456657833061309E+000 
     16.12000000 -0.849723867881547E+003  0.456662667273239E+000 
     16.14000000 -0.849723862443210E+003  0.456668105610353E+000 
     16.16000000 -0.849723856632967E+003  0.456673915853635E+000 
     16.18000000 -0.849723850727559E+003  0.456679821261608E+000 
     16.20000000 -0.849723845030557E+003  0.456685518263369E+000 
     16.22000000 -0.849723839845040E+003  0.456690703780569E+000 
     16.24000000 -0.849723835436728E+003  0.456695112092597E+000 
     16.26000000 -0.849723831993234E+003  0.456698555586424E+000 
     16.28000000 -0.849723829589430E+003  0.456700959390156E+000 
     16.30000000 -0.849723828170099E+003  0.456702378721230E+000 
     16.32000000 -0.849723827557998E+003  0.456702990823007E+000 
     16.34000000 -0.849723827488256E+003  0.456703060564785E+000 
     16.36000000 -0.849723827661689E+003  0.456702887131742E+000 
     16.38000000 -0.849723827803429E+003  0.456702745391810E+000 
     16.40000000 -0.849723827711761E+003  0.456702837059116E+000 
     16.42000000 -0.849723827285504E+003  0.456703263316423E+000 
     16.44000000 -0.849723826525346E+003  0.456704023474636E+000 
     16.46000000 -0.849723825512304E+003  0.456705036516278E+000 
     16.48000000 -0.849723824372586E+003  0.456706176234263E+000 
     16.50000000 -0.849723823240480E+003  0.456707308340600E+000 
     16.52000000 -0.849723822228934E+003  0.456708319886208E+000 
     16.54000000 -0.849723821412523E+003  0.456709136297626E+000 
     16.56000000 -0.849723820822158E+003  0.456709726662582E+000 
     16.58000000 -0.849723820447725E+003  0.456710101095139E+000 
     16.60000000 -0.849723820244366E+003  0.456710304454085E+000 
     16.62000000 -0.849723820140009E+003  0.456710408811628E+000 
     16.64000000 -0.849723820044097E+003  0.456710504723998E+000 
     16.66000000 -0.849723819858285E+003  0.456710690535309E+000 
     16.68000000 -0.849723819489026E+003  0.456711059794923E+000 
     16.70000000 -0.849723818860188E+003  0.456711688632271E+000 
     16.72000000 -0.849723817922754E+003  0.456712626066328E+000 
     16.74000000 -0.849723816659181E+003  0.456713889639798E+000 
     16.76000000 -0.849723815082187E+003  0.456715466633345E+000 
     16.78000000 -0.849723813229836E+003  0.456717318985057E+000 
     16.80000000 -0.849723811159840E+003  0.456719388980883E+000 
     16.82000000 -0.849723808945265E+003  0.456721603555482E+000 
     16.84000000 -0.849723806671842E+003  0.456723876978217E+000 
     16.86000000 -0.849723804435384E+003  0.456726113436485E+000 
     16.88000000 -0.849723802336990E+003  0.456728211830858E+000 
     16.90000000 -0.849723800474180E+003  0.456730074640308E+000 
     16.92000000 -0.849723798927751E+003  0.456731621069612E+000 
     16.94000000 -0.849723797746252E+003  0.456732802568278E+000 
     16.96000000 -0.849723796931961E+003  0.456733616860017E+000 
     16.98000000 -0.849723796432585E+003  0.456734116235450E+000 
     17.00000000 -0.849723796141794E+003  0.456734407027080E+000 
     17.02000000 -0.849723795909763E+003  0.456734639057581E+000 
     17.04000000 -0.849723795562924E+003  0.456734985896307E+000 
     17.06000000 -0.849723794929930E+003  0.456735618890745E+000 
     17.08000000 -0.849723793869320E+003  0.456736679500570E+000 
     17.10000000 -0.849723792293688E+003  0.456738255132653E+000 
     17.12000000 -0.849723790185756E+003  0.456740363065103E+000 
     17.14000000 -0.849723787603252E+003  0.456742945568304E+000 
     17.16000000 -0.849723784671032E+003  0.456745877788900E+000 
     17.18000000 -0.849723781561077E+003  0.456748987744060E+000 
     17.20000000 -0.849723778464215E+003  0.456752084605754E+000 
     17.22000000 -0.849723775559401E+003  0.456754989419971E+000 
     17.24000000 -0.849723772987007E+003  0.456757561813751E+000 
     17.26000000 -0.849723770831874E+003  0.456759716947022E+000 
     17.28000000 -0.849723769119204E+003  0.456761429616415E+000 
     17.30000000 -0.849723767822658E+003  0.456762726162188E+000 
     17.32000000 -0.849723766880332E+003  0.456763668488156E+000 
     17.34000000 -0.849723766212742E+003  0.456764336078638E+000 
     17.36000000 -0.849723765737908E+003  0.456764810912634E+000 
     17.38000000 -0.849723765381002E+003  0.456765167818534E+000 
     17.40000000 -0.849723765078706E+003  0.456765470114304E+000 
     17.42000000 -0.849723764780144E+003  0.456765768676901E+000 
     17.44000000 -0.849723764446670E+003  0.456766102150507E+000 
     17.46000000 -0.849723764052106E+003  0.456766496714318E+000 
     17.48000000 -0.849723763583675E+003  0.456766965145093E+000 
     17.50000000 -0.849723763042889E+003  0.456767505931526E+000 
     17.52000000 -0.849723762445379E+003  0.456768103441484E+000 
     17.54000000 -0.849723761818795E+003  0.456768730025548E+000 
     17.56000000 -0.849723761198301E+003  0.456769350520101E+000 
     17.58000000 -0.849723760619993E+003  0.456769928827264E+000 
     17.60000000 -0.849723760113725E+003  0.456770435095089E+000 
     17.62000000 -0.849723759697498E+003  0.456770851322634E+000 
     17.64000000 -0.849723759375302E+003  0.456771173518608E+000 
     17.66000000 -0.849723759139048E+003  0.456771409772131E+000 
     17.68000000 -0.849723758973563E+003  0.456771575257195E+000 
     17.70000000 -0.849723758862334E+003  0.456771686486345E+000 
     17.72000000 -0.849723758791518E+003  0.456771757302947E+000 
     17.74000000 -0.849723758750593E+003  0.456771798227675E+000 
     17.76000000 -0.849723758729945E+003  0.456771818875363E+000 
     17.78000000 -0.849723758717399E+003  0.456771831421652E+000 
     17.80000000 -0.849723758696274E+003  0.456771852546428E+000 
     17.82000000 -0.849723758646853E+003  0.456771901968146E+000 
     17.84000000 -0.849723758551475E+003  0.456771997345328E+000 
     17.86000000 -0.849723758401580E+003  0.456772147240605E+000 
     17.88000000 -0.849723758203652E+003  0.456772345169067E+000 
     17.90000000 -0.849723757981168E+003  0.456772567652889E+000 
     17.92000000 -0.849723757770993E+003  0.456772777827757E+000 
     17.94000000 -0.849723757614678E+003  0.456772934142688E+000 
     17.96000000 -0.849723757546650E+003  0.456773002170818E+000 
     17.98000000 -0.849723757581880E+003  0.456772966940494E+000 
     18.00000000 -0.849723757705908E+003  0.456772842912156E+000 
