# Real time calculation: 
# Eall: Total energy
# Eall0: Initial energy
# 1:Time[fs] 2:Eall[eV] 3:Eall-Eall0[eV] 
      0.00000000 -0.838044454504056E+003  0.000000000000000E+000 
      0.02000000 -0.838044454503980E+003  0.759859682705866E-010 
      0.04000000 -0.838044454503401E+003  0.654581413689748E-009 
      0.06000000 -0.838044454497891E+003  0.616433750738636E-008 
      0.08000000 -0.838044454470608E+003  0.334477471324817E-007 
      0.10000000 -0.838044454379193E+003  0.124862443909613E-006 
      0.12000000 -0.838044454139255E+003  0.364800899726295E-006 
      0.14000000 -0.838044453605835E+003  0.898221043546174E-006 
      0.16000000 -0.838044452554424E+003  0.194963211930809E-005 
      0.18000000 -0.838044450662970E+003  0.384108615238794E-005 
      0.20000000 -0.838044447496056E+003  0.700799946562314E-005 
      0.22000000 -0.838044442492177E+003  0.120118782988385E-004 
      0.24000000 -0.838044434955167E+003  0.195488886919624E-004 
      0.26000000 -0.838044424050717E+003  0.304533384985192E-004 
      0.28000000 -0.838044408808559E+003  0.456954972843948E-004 
      0.30000000 -0.838044388130691E+003  0.663733649013042E-004 
      0.32000000 -0.838044360806012E+003  0.936980439945509E-004 
      0.34000000 -0.838044325531494E+003  0.128972561572914E-003 
      0.36000000 -0.838044280939680E+003  0.173564375525855E-003 
      0.38000000 -0.838044225631917E+003  0.228872139173062E-003 
      0.40000000 -0.838044158216831E+003  0.296287224909014E-003 
      0.42000000 -0.838044077353261E+003  0.377150794934461E-003 
      0.44000000 -0.838043981796485E+003  0.472707570755280E-003 
      0.46000000 -0.838043870446559E+003  0.584057496922597E-003 
      0.48000000 -0.838043742397512E+003  0.712106543888631E-003 
      0.50000000 -0.838043596985748E+003  0.857518307748457E-003 
      0.52000000 -0.838043433836097E+003  0.102066795868292E-002 
      0.54000000 -0.838043252904038E+003  0.120160001741220E-002 
      0.56000000 -0.838043054512479E+003  0.139999157731046E-002 
      0.58000000 -0.838042839381381E+003  0.161512267490530E-002 
      0.60000000 -0.838042608648834E+003  0.184585522155958E-002 
      0.62000000 -0.838042363882303E+003  0.209062175290778E-002 
      0.64000000 -0.838042107078806E+003  0.234742524981528E-002 
      0.66000000 -0.838041840652981E+003  0.261385107513592E-002 
      0.68000000 -0.838041567412231E+003  0.288709182460386E-002 
      0.70000000 -0.838041290518394E+003  0.316398566185131E-002 
      0.72000000 -0.838041013435600E+003  0.344106845590026E-002 
      0.74000000 -0.838040739864294E+003  0.371463976231159E-002 
      0.76000000 -0.838040473661586E+003  0.398084246972424E-002 
      0.78000000 -0.838040218748712E+003  0.423575534390062E-002 
      0.80000000 -0.838039979006574E+003  0.447549748233101E-002 
      0.82000000 -0.838039758160581E+003  0.469634347444868E-002 
      0.84000000 -0.838039559656364E+003  0.489484769166555E-002 
      0.86000000 -0.838039386528198E+003  0.506797585813963E-002 
      0.88000000 -0.838039241262332E+003  0.521324172352662E-002 
      0.90000000 -0.838039125657561E+003  0.532884649500811E-002 
      0.92000000 -0.838039040685654E+003  0.541381840137695E-002 
      0.94000000 -0.838038986354430E+003  0.546814962584249E-002 
      0.96000000 -0.838038961576311E+003  0.549292774464441E-002 
      0.98000000 -0.838038964045420E+003  0.549045863532309E-002 
      1.00000000 -0.838038990126224E+003  0.546437783164260E-002 
      1.02000000 -0.838039034756877E+003  0.541974717890242E-002 
      1.04000000 -0.838039091370284E+003  0.536313377214429E-002 
      1.06000000 -0.838039151835786E+003  0.530266826967903E-002 
      1.08000000 -0.838039206424203E+003  0.524807985320583E-002 
      1.10000000 -0.838039243798632E+003  0.521070542404789E-002 
      1.12000000 -0.838039251033169E+003  0.520347088720903E-002 
      1.14000000 -0.838039213661241E+003  0.524084281463047E-002 
      1.16000000 -0.838039115754929E+003  0.533874912647414E-002 
      1.18000000 -0.838038940036110E+003  0.551446794627281E-002 
      1.20000000 -0.838038668019775E+003  0.578648428095319E-002 
      1.22000000 -0.838038280189385E+003  0.617431467132316E-002 
      1.24000000 -0.838037756203472E+003  0.669830058429058E-002 
      1.26000000 -0.838037075132243E+003  0.737937181285969E-002 
      1.28000000 -0.838036215722268E+003  0.823878178761462E-002 
      1.30000000 -0.838035156686651E+003  0.929781740496474E-002 
      1.32000000 -0.838033877017563E+003  0.105774864925068E-001 
      1.34000000 -0.838032356317362E+003  0.120981866934010E-001 
      1.36000000 -0.838030575144101E+003  0.138793599545962E-001 
      1.38000000 -0.838028515366691E+003  0.159391373650310E-001 
      1.40000000 -0.838026160524467E+003  0.182939795891612E-001 
      1.42000000 -0.838023496185664E+003  0.209583183913609E-001 
      1.44000000 -0.838020510298624E+003  0.239442054317735E-001 
      1.46000000 -0.838017193529789E+003  0.272609742668041E-001 
      1.48000000 -0.838013539582440E+003  0.309149216157278E-001 
      1.50000000 -0.838009545489774E+003  0.349090142819405E-001 
      1.52000000 -0.838005211876024E+003  0.392426280323021E-001 
      1.54000000 -0.838000543179565E+003  0.439113244907331E-001 
      1.56000000 -0.837995547832162E+003  0.489066718937926E-001 
      1.58000000 -0.837990238388857E+003  0.542161151990459E-001 
      1.60000000 -0.837984631603998E+003  0.598229000575265E-001 
      1.62000000 -0.837978748448942E+003  0.657060551137422E-001 
      1.64000000 -0.837972614066822E+003  0.718404372334713E-001 
      1.66000000 -0.837966257661536E+003  0.781968425202285E-001 
      1.68000000 -0.837959712319180E+003  0.847421848755235E-001 
      1.70000000 -0.837953014760731E+003  0.914397433243902E-001 
      1.72000000 -0.837946205025400E+003  0.982494786559737E-001 
      1.74000000 -0.837939326085615E+003  0.105128418440758E+000 
      1.76000000 -0.837932423395286E+003  0.112031108770240E+000 
      1.78000000 -0.837925544374211E+003  0.118910129845123E+000 
      1.80000000 -0.837918737832826E+003  0.125716671229596E+000 
      1.82000000 -0.837912053342252E+003  0.132401161803925E+000 
      1.84000000 -0.837905540555741E+003  0.138913948315081E+000 
      1.86000000 -0.837899248488576E+003  0.145206015480108E+000 
      1.88000000 -0.837893224764499E+003  0.151229739556460E+000 
      1.90000000 -0.837887514837451E+003  0.156939666604506E+000 
      1.92000000 -0.837882161197783E+003  0.162293306273108E+000 
      1.94000000 -0.837877202573317E+003  0.167251930739294E+000 
      1.96000000 -0.837872673136200E+003  0.171781367856367E+000 
      1.98000000 -0.837868601726595E+003  0.175852777460877E+000 
      2.00000000 -0.837865011104757E+003  0.179443399298545E+000 
      2.02000000 -0.837861917242867E+003  0.182537261188541E+000 
      2.04000000 -0.837859328668089E+003  0.185125835967236E+000 
      2.06000000 -0.837857245868369E+003  0.187208635686577E+000 
      2.08000000 -0.837855660771980E+003  0.188793732076017E+000 
      2.10000000 -0.837854556311247E+003  0.189898192808504E+000 
      2.12000000 -0.837853906080217E+003  0.190548423838832E+000 
      2.14000000 -0.837853674095048E+003  0.190780409008083E+000 
      2.16000000 -0.837853814665052E+003  0.190639839003513E+000 
      2.18000000 -0.837854272381302E+003  0.190182122753742E+000 
      2.20000000 -0.837854982228449E+003  0.189472275606506E+000 
      2.22000000 -0.837855869824061E+003  0.188584679995094E+000 
      2.24000000 -0.837856851788243E+003  0.187602715812629E+000 
      2.26000000 -0.837857836244796E+003  0.186618259260242E+000 
      2.28000000 -0.837858723453591E+003  0.185731050465359E+000 
      2.30000000 -0.837859406572123E+003  0.185047931933312E+000 
      2.32000000 -0.837859772542465E+003  0.184681961590780E+000 
      2.34000000 -0.837859703097965E+003  0.184751406090808E+000 
      2.36000000 -0.837859075882419E+003  0.185378621637336E+000 
      2.38000000 -0.837857765672862E+003  0.186688831194244E+000 
      2.40000000 -0.837855645695994E+003  0.188808808062094E+000 
      2.42000000 -0.837852589026145E+003  0.191865477910912E+000 
      2.44000000 -0.837848470050798E+003  0.195984453257760E+000 
      2.46000000 -0.837843165988819E+003  0.201288515237320E+000 
      2.48000000 -0.837836558445242E+003  0.207896058813455E+000 
      2.50000000 -0.837828534985438E+003  0.215919518618215E+000 
      2.52000000 -0.837818990710692E+003  0.225463793363455E+000 
      2.54000000 -0.837807829816493E+003  0.236624687563034E+000 
      2.56000000 -0.837794967113392E+003  0.249487390663993E+000 
      2.58000000 -0.837780329490039E+003  0.264125014016980E+000 
      2.60000000 -0.837763857298133E+003  0.280597205922921E+000 
      2.62000000 -0.837745505639420E+003  0.298948864635967E+000 
      2.64000000 -0.837725245534415E+003  0.319208969640612E+000 
      2.66000000 -0.837703064952423E+003  0.341389551632896E+000 
      2.68000000 -0.837678969683048E+003  0.365484821007753E+000 
      2.70000000 -0.837652984031408E+003  0.391470472647722E+000 
      2.72000000 -0.837625151320955E+003  0.419303183101272E+000 
      2.74000000 -0.837595534188157E+003  0.448920315898392E+000 
      2.76000000 -0.837564214654262E+003  0.480239849793923E+000 
      2.78000000 -0.837531293962594E+003  0.513160541461931E+000 
      2.80000000 -0.837496892171662E+003  0.547562332394186E+000 
      2.82000000 -0.837461147497681E+003  0.583307006375034E+000 
      2.84000000 -0.837424215403527E+003  0.620239100529087E+000 
      2.86000000 -0.837386267433817E+003  0.658187070239094E+000 
      2.88000000 -0.837347489800551E+003  0.696964703504668E+000 
      2.90000000 -0.837308081728161E+003  0.736372775894734E+000 
      2.92000000 -0.837268253569380E+003  0.776200934675488E+000 
      2.94000000 -0.837228224708433E+003  0.816229795622502E+000 
      2.96000000 -0.837188221272424E+003  0.856233231631663E+000 
      2.98000000 -0.837148473675021E+003  0.895980829034527E+000 
      3.00000000 -0.837109214020428E+003  0.935240483627889E+000 
      3.02000000 -0.837070673398264E+003  0.973781105791661E+000 
      3.04000000 -0.837033079102612E+003  0.101137540144431E+001 
      3.06000000 -0.836996651811467E+003  0.104780269258835E+001 
      3.08000000 -0.836961602763398E+003  0.108285174065802E+001 
      3.10000000 -0.836928130969188E+003  0.111632353486764E+001 
      3.12000000 -0.836896420496257E+003  0.114803400779886E+001 
      3.14000000 -0.836866637863587E+003  0.117781664046904E+001 
      3.16000000 -0.836838929582887E+003  0.120552492116927E+001 
      3.18000000 -0.836813419880089E+003  0.123103462396720E+001 
      3.20000000 -0.836790208628592E+003  0.125424587546374E+001 
      3.22000000 -0.836769369523881E+003  0.127508498017530E+001 
      3.24000000 -0.836750948525676E+003  0.129350597838021E+001 
      3.26000000 -0.836734962589660E+003  0.130949191439579E+001 
      3.28000000 -0.836721398708185E+003  0.132305579587074E+001 
      3.30000000 -0.836710213276046E+003  0.133424122800965E+001 
      3.32000000 -0.836701331793955E+003  0.134312271010035E+001 
      3.34000000 -0.836694648919118E+003  0.134980558493796E+001 
      3.36000000 -0.836690028868685E+003  0.135442563537053E+001 
      3.38000000 -0.836687306177773E+003  0.135714832628307E+001 
      3.40000000 -0.836686286810025E+003  0.135816769403077E+001 
      3.42000000 -0.836686749614991E+003  0.135770488906480E+001 
      3.44000000 -0.836688448122232E+003  0.135600638182402E+001 
      3.46000000 -0.836691112657668E+003  0.135334184638811E+001 
      3.48000000 -0.836694452763376E+003  0.135000174068025E+001 
      3.50000000 -0.836698159897843E+003  0.134629460621279E+001 
      3.52000000 -0.836701910389438E+003  0.134254411461772E+001 
      3.54000000 -0.836705368612124E+003  0.133908589193205E+001 
      3.56000000 -0.836708190348821E+003  0.133626415523504E+001 
      3.58000000 -0.836710026304688E+003  0.133442819936798E+001 
      3.60000000 -0.836710525730274E+003  0.133392877378208E+001 
      3.62000000 -0.836709340112801E+003  0.133511439125490E+001 
      3.64000000 -0.836706126892783E+003  0.133832761127257E+001 
      3.66000000 -0.836700553162804E+003  0.134390134125148E+001 
      3.68000000 -0.836692299306156E+003  0.135215519790027E+001 
      3.70000000 -0.836681062533836E+003  0.136339197022006E+001 
      3.72000000 -0.836666560279907E+003  0.137789422414887E+001 
      3.74000000 -0.836648533417531E+003  0.139592108652480E+001 
      3.76000000 -0.836626749262032E+003  0.141770524202419E+001 
      3.78000000 -0.836601004330957E+003  0.144345017309927E+001 
      3.80000000 -0.836571126833948E+003  0.147332767010795E+001 
      3.82000000 -0.836536978868279E+003  0.150747563577668E+001 
      3.84000000 -0.836498458299603E+003  0.154599620445302E+001 
      3.86000000 -0.836455500312677E+003  0.158895419137874E+001 
      3.88000000 -0.836408078619424E+003  0.163637588463130E+001 
      3.90000000 -0.836356206313826E+003  0.168824819023014E+001 
      3.92000000 -0.836299936365264E+003  0.174451813879162E+001 
      3.94000000 -0.836239361743802E+003  0.180509276025387E+001 
      3.96000000 -0.836174615173499E+003  0.186983933055662E+001 
      3.98000000 -0.836105868510399E+003  0.193858599365654E+001 
      4.00000000 -0.836033331743005E+003  0.201112276105073E+001 
      4.02000000 -0.835957251613804E+003  0.208720289025221E+001 
      4.04000000 -0.835877909862355E+003  0.216654464170097E+001 
      4.06000000 -0.835795621094428E+003  0.224883340962734E+001 
      4.08000000 -0.835710730283890E+003  0.233372422016624E+001 
      4.10000000 -0.835623609917827E+003  0.242084458622902E+001 
      4.12000000 -0.835534656801654E+003  0.250979770240231E+001 
      4.14000000 -0.835444288547226E+003  0.260016595683011E+001 
      4.16000000 -0.835352939773992E+003  0.269151473006361E+001 
      4.18000000 -0.835261058061892E+003  0.278339644216379E+001 
      4.20000000 -0.835169099702016E+003  0.287535480203938E+001 
      4.22000000 -0.835077525298304E+003  0.296692920575204E+001 
      4.24000000 -0.834986795280739E+003  0.305765922331688E+001 
      4.26000000 -0.834897365394328E+003  0.314708910972786E+001 
      4.28000000 -0.834809682231151E+003  0.323477227290484E+001 
      4.30000000 -0.834724178871138E+003  0.332027563291804E+001 
      4.32000000 -0.834641270690985E+003  0.340318381307109E+001 
      4.34000000 -0.834561351393580E+003  0.348310311047541E+001 
      4.36000000 -0.834484789299094E+003  0.355966520496144E+001 
      4.38000000 -0.834411923923436E+003  0.363253058062021E+001 
      4.40000000 -0.834343062855347E+003  0.370139164870856E+001 
      4.42000000 -0.834278478930045E+003  0.376597557401045E+001 
      4.44000000 -0.834218407685424E+003  0.382604681863221E+001 
      4.46000000 -0.834163045079091E+003  0.388140942496447E+001 
      4.48000000 -0.834112545442804E+003  0.393190906125200E+001 
      4.50000000 -0.834067019653597E+003  0.397743485045862E+001 
      4.52000000 -0.834026533510108E+003  0.401792099394819E+001 
      4.54000000 -0.833991106316143E+003  0.405334818791247E+001 
      4.56000000 -0.833960709689414E+003  0.408374481464204E+001 
      4.58000000 -0.833935266631286E+003  0.410918787276987E+001 
      4.60000000 -0.833914650909283E+003  0.412980359477317E+001 
      4.62000000 -0.833898686815891E+003  0.414576768816481E+001 
      4.64000000 -0.833887149374805E+003  0.415730512925088E+001 
      4.66000000 -0.833879765065946E+003  0.416468943811011E+001 
      4.68000000 -0.833876213133491E+003  0.416824137056520E+001 
      4.70000000 -0.833876127527105E+003  0.416832697695102E+001 
      4.72000000 -0.833879099507720E+003  0.416535499633555E+001 
      4.74000000 -0.833884680926407E+003  0.415977357764886E+001 
      4.76000000 -0.833892388160254E+003  0.415206634380158E+001 
      4.78000000 -0.833901706665060E+003  0.414274783899557E+001 
      4.80000000 -0.833912096082821E+003  0.413235842123508E+001 
      4.82000000 -0.833922995823801E+003  0.412145868025471E+001 
      4.84000000 -0.833933831029782E+003  0.411062347427350E+001 
      4.86000000 -0.833944018817337E+003  0.410043568671901E+001 
      4.88000000 -0.833952974696810E+003  0.409147980724599E+001 
      4.90000000 -0.833960119065783E+003  0.408433543827316E+001 
      4.92000000 -0.833964883683042E+003  0.407957082101334E+001 
      4.94000000 -0.833966718039346E+003  0.407773646470939E+001 
      4.96000000 -0.833965095553721E+003  0.407935895033510E+001 
      4.98000000 -0.833959519538399E+003  0.408493496565717E+001 
      5.00000000 -0.833949528887287E+003  0.409492561676855E+001 
      5.02000000 -0.833934703451482E+003  0.410975105257358E+001 
      5.04000000 -0.833914669070117E+003  0.412978543393911E+001 
      5.06000000 -0.833889102225795E+003  0.415535227826068E+001 
      5.08000000 -0.833857734289755E+003  0.418672021430114E+001 
      5.10000000 -0.833820355311091E+003  0.422409919296435E+001 
      5.12000000 -0.833776817291609E+003  0.426763721244660E+001 
      5.14000000 -0.833727036875523E+003  0.431741762853230E+001 
      5.16000000 -0.833670997372862E+003  0.437345713119346E+001 
      5.18000000 -0.833608750028020E+003  0.443570447603611E+001 
      5.20000000 -0.833540414443703E+003  0.450404006035269E+001 
      5.22000000 -0.833466178076204E+003  0.457827642785179E+001 
      5.24000000 -0.833386294731057E+003  0.465815977299908E+001 
      5.26000000 -0.833301082007507E+003  0.474337249654925E+001 
      5.28000000 -0.833210917664880E+003  0.483353683917606E+001 
      5.30000000 -0.833116234915450E+003  0.492821958860576E+001 
      5.32000000 -0.833017516686919E+003  0.502693781713639E+001 
      5.34000000 -0.832915288937196E+003  0.512916556686019E+001 
      5.36000000 -0.832810113146127E+003  0.523434135792842E+001 
      5.38000000 -0.832702578152389E+003  0.534187635166669E+001 
      5.40000000 -0.832593291547537E+003  0.545116295651922E+001 
      5.42000000 -0.832482870873471E+003  0.556158363058462E+001 
      5.44000000 -0.832371934894556E+003  0.567251960950003E+001 
      5.46000000 -0.832261095225502E+003  0.578335927855391E+001 
      5.48000000 -0.832150948587509E+003  0.589350591654724E+001 
      5.50000000 -0.832042069934731E+003  0.600238456932446E+001 
      5.52000000 -0.831935006640068E+003  0.610944786398760E+001 
      5.54000000 -0.831830273856473E+003  0.621418064758241E+001 
      5.56000000 -0.831728351090084E+003  0.631610341397195E+001 
      5.58000000 -0.831629679934777E+003  0.641477456927896E+001 
      5.60000000 -0.831534662837092E+003  0.650979166696343E+001 
      5.62000000 -0.831443662692546E+003  0.660079181150984E+001 
      5.64000000 -0.831357003028739E+003  0.668745147531685E+001 
      5.66000000 -0.831274968511908E+003  0.676948599214775E+001 
      5.68000000 -0.831197805518649E+003  0.684664898540676E+001 
      5.70000000 -0.831125722546086E+003  0.691873195796949E+001 
      5.72000000 -0.831058890285154E+003  0.698556421890162E+001 
      5.74000000 -0.830997441245020E+003  0.704701325903622E+001 
      5.76000000 -0.830941468889994E+003  0.710298561406196E+001 
      5.78000000 -0.830891026325106E+003  0.715342817894998E+001 
      5.80000000 -0.830846124633546E+003  0.719832987050943E+001 
      5.82000000 -0.830806731026501E+003  0.723772347755455E+001 
      5.84000000 -0.830772767005297E+003  0.727168749875865E+001 
      5.86000000 -0.830744106755540E+003  0.730034774851632E+001 
      5.88000000 -0.830720575992372E+003  0.732387851168356E+001 
      5.90000000 -0.830701951454449E+003  0.734250304960658E+001 
      5.92000000 -0.830687961207762E+003  0.735649329629418E+001 
      5.94000000 -0.830678285871940E+003  0.736616863211623E+001 
      5.96000000 -0.830672560826613E+003  0.737189367744244E+001 
      5.98000000 -0.830670379399698E+003  0.737407510435802E+001 
      6.00000000 -0.830671296985785E+003  0.737315751827122E+001 
      6.02000000 -0.830674835995207E+003  0.736961850884836E+001 
      6.04000000 -0.830680491495424E+003  0.736396300863205E+001 
      6.06000000 -0.830687737378588E+003  0.735671712546777E+001 
      6.08000000 -0.830696032874918E+003  0.734842162913781E+001 
      6.10000000 -0.830704829233075E+003  0.733962527098120E+001 
      6.12000000 -0.830713576406385E+003  0.733087809767100E+001 
      6.14000000 -0.830721729614575E+003  0.732272488948126E+001 
      6.16000000 -0.830728755690014E+003  0.731569881404224E+001 
      6.18000000 -0.830734139156991E+003  0.731031534706498E+001 
      6.20000000 -0.830737388024490E+003  0.730706647956613E+001 
      6.22000000 -0.830738039289457E+003  0.730641521459928E+001 
      6.24000000 -0.830735664143597E+003  0.730879036045907E+001 
      6.26000000 -0.830729872852703E+003  0.731458165135242E+001 
      6.28000000 -0.830720319241221E+003  0.732413526283503E+001 
      6.30000000 -0.830706704676219E+003  0.733774982783664E+001 
      6.32000000 -0.830688781416773E+003  0.735567308728305E+001 
      6.34000000 -0.830666355188318E+003  0.737809931573744E+001 
      6.36000000 -0.830639286860891E+003  0.740516764316481E+001 
      6.38000000 -0.830607493156045E+003  0.743696134801064E+001 
      6.40000000 -0.830570946372783E+003  0.747350813127239E+001 
      6.42000000 -0.830529673192393E+003  0.751478131166313E+001 
      6.44000000 -0.830483752682507E+003  0.756070182154852E+001 
      6.46000000 -0.830433313661407E+003  0.761114084264897E+001 
      6.48000000 -0.830378531596125E+003  0.766592290793104E+001 
      6.50000000 -0.830319625193548E+003  0.772482931050807E+001 
      6.52000000 -0.830256852808242E+003  0.778760169581407E+001 
      6.54000000 -0.830190508743328E+003  0.785394576072806E+001 
      6.56000000 -0.830120919472706E+003  0.792353503134962E+001 
      6.58000000 -0.830048439774948E+003  0.799601472910803E+001 
      6.60000000 -0.829973448745906E+003  0.807100575814968E+001 
      6.62000000 -0.829896345649767E+003  0.814810885428861E+001 
      6.64000000 -0.829817545580507E+003  0.822690892354903E+001 
      6.66000000 -0.829737474930485E+003  0.830697957357099E+001 
      6.68000000 -0.829656566694282E+003  0.838788780977387E+001 
      6.70000000 -0.829575255670760E+003  0.846919883329576E+001 
      6.72000000 -0.829493973654042E+003  0.855048085001397E+001 
      6.74000000 -0.829413144723203E+003  0.863130978085261E+001 
      6.76000000 -0.829333180749667E+003  0.871127375438929E+001 
      6.78000000 -0.829254477238266E+003  0.878997726578979E+001 
      6.80000000 -0.829177409605804E+003  0.886704489825171E+001 
      6.82000000 -0.829102329978230E+003  0.894212452582622E+001 
      6.84000000 -0.829029564556581E+003  0.901488994747447E+001 
      6.86000000 -0.828959411564274E+003  0.908504293978178E+001 
      6.88000000 -0.828892139747795E+003  0.915231475626100E+001 
      6.90000000 -0.828827987365205E+003  0.921646713885091E+001 
      6.92000000 -0.828767161567877E+003  0.927729293617847E+001 
      6.94000000 -0.828709838064330E+003  0.933461643972578E+001 
      6.96000000 -0.828656160957062E+003  0.938829354699370E+001 
      6.98000000 -0.828606242666976E+003  0.943821183707977E+001 
      7.00000000 -0.828560163901952E+003  0.948429060210427E+001 
      7.02000000 -0.828517973679042E+003  0.952648082501367E+001 
      7.04000000 -0.828479689459460E+003  0.956476504459613E+001 
      7.06000000 -0.828445297491014E+003  0.959915701304210E+001 
      7.08000000 -0.828414753460883E+003  0.962970104317252E+001 
      7.10000000 -0.828387983537605E+003  0.965647096645105E+001 
      7.12000000 -0.828364885827349E+003  0.967956867670636E+001 
      7.14000000 -0.828345332203090E+003  0.969912230096587E+001 
      7.16000000 -0.828329170403552E+003  0.971528410050367E+001 
      7.18000000 -0.828316226258115E+003  0.972822824594112E+001 
      7.20000000 -0.828306305887057E+003  0.973814861699907E+001 
      7.22000000 -0.828299197756481E+003  0.974525674757473E+001 
      7.24000000 -0.828294674525505E+003  0.974977997855099E+001 
      7.26000000 -0.828292494694251E+003  0.975195980980483E+001 
      7.28000000 -0.828292404127887E+003  0.975205037616912E+001 
      7.30000000 -0.828294137580008E+003  0.975031692404776E+001 
      7.32000000 -0.828297420359334E+003  0.974703414472164E+001 
      7.34000000 -0.828301970275317E+003  0.974248422873879E+001 
      7.36000000 -0.828307499963951E+003  0.973695454010489E+001 
      7.38000000 -0.828313719640274E+003  0.973073486378208E+001 
      7.40000000 -0.828320340256687E+003  0.972411424736893E+001 
      7.42000000 -0.828327076975257E+003  0.971737752879890E+001 
      7.44000000 -0.828333652797647E+003  0.971080170640899E+001 
      7.46000000 -0.828339802151773E+003  0.970465235228292E+001 
      7.48000000 -0.828345274222142E+003  0.969918028191405E+001 
      7.50000000 -0.828349835836726E+003  0.969461866733009E+001 
      7.52000000 -0.828353273785552E+003  0.969118071850354E+001 
      7.54000000 -0.828355396532473E+003  0.968905797158230E+001 
      7.56000000 -0.828356035371212E+003  0.968841913284426E+001 
      7.58000000 -0.828355045146550E+003  0.968940935750619E+001 
      7.60000000 -0.828352304693173E+003  0.969214981088291E+001 
      7.62000000 -0.828347717132915E+003  0.969673737114130E+001 
      7.64000000 -0.828341210124681E+003  0.970324437937462E+001 
      7.66000000 -0.828332736100946E+003  0.971171840310932E+001 
      7.68000000 -0.828322272471539E+003  0.972218203251709E+001 
      7.70000000 -0.828309821745879E+003  0.973463275817650E+001 
      7.72000000 -0.828295411521374E+003  0.974904298268225E+001 
      7.74000000 -0.828279094295690E+003  0.976536020836599E+001 
      7.76000000 -0.828260947070324E+003  0.978350743373143E+001 
      7.78000000 -0.828241070706707E+003  0.980338379734846E+001 
      7.80000000 -0.828219588973239E+003  0.982486553081680E+001 
      7.82000000 -0.828196647191309E+003  0.984780731274719E+001 
      7.84000000 -0.828172410370390E+003  0.987204413366589E+001 
      7.86000000 -0.828147060734225E+003  0.989739376983111E+001 
      7.88000000 -0.828120794592936E+003  0.992365991111999E+001 
      7.90000000 -0.828093818600422E+003  0.995063590363392E+001 
      7.92000000 -0.828066345533595E+003  0.997810897046040E+001 
      7.94000000 -0.828038589814942E+003  0.100058646891138E+002 
      7.96000000 -0.828010763048032E+003  0.100336914560238E+002 
      7.98000000 -0.827983069835178E+003  0.100613846688776E+002 
      8.00000000 -0.827955704100797E+003  0.100887504032592E+002 
      8.02000000 -0.827928846065852E+003  0.101156084382039E+002 
      8.04000000 -0.827902659926298E+003  0.101417945777573E+002 
      8.06000000 -0.827877292207113E+003  0.101671622969431E+002 
      8.08000000 -0.827852870710698E+003  0.101915837933582E+002 
      8.10000000 -0.827829503962633E+003  0.102149505414230E+002 
      8.12000000 -0.827807281075174E+003  0.102371734288814E+002 
      8.14000000 -0.827786271984181E+003  0.102581825198749E+002 
      8.16000000 -0.827766528048774E+003  0.102779264552823E+002 
      8.18000000 -0.827748083021360E+003  0.102963714826956E+002 
      8.20000000 -0.827730954388773E+003  0.103135001152833E+002 
      8.22000000 -0.827715145053624E+003  0.103293094504314E+002 
      8.24000000 -0.827700645279827E+003  0.103438092242290E+002 
      8.26000000 -0.827687434783120E+003  0.103570197209355E+002 
      8.28000000 -0.827675484817656E+003  0.103689696864001E+002 
      8.30000000 -0.827664760102097E+003  0.103796944019592E+002 
      8.32000000 -0.827655220444901E+003  0.103892340591553E+002 
      8.34000000 -0.827646821966585E+003  0.103976325374710E+002 
      8.36000000 -0.827639517870097E+003  0.104049366339588E+002 
      8.38000000 -0.827633258769665E+003  0.104111957343907E+002 
      8.40000000 -0.827627992644773E+003  0.104164618592826E+002 
      8.42000000 -0.827623664534118E+003  0.104207899699383E+002 
      8.44000000 -0.827620216116565E+003  0.104242383874904E+002 
      8.46000000 -0.827617585335910E+003  0.104268691681456E+002 
      8.48000000 -0.827615706211110E+003  0.104287482929460E+002 
      8.50000000 -0.827614508935541E+003  0.104299455685147E+002 
      8.52000000 -0.827613920316697E+003  0.104305341873589E+002 
      8.54000000 -0.827613864553712E+003  0.104305899503434E+002 
      8.56000000 -0.827614264303066E+003  0.104301902009903E+002 
      8.58000000 -0.827615041946668E+003  0.104294125573881E+002 
      8.60000000 -0.827616120951021E+003  0.104283335530344E+002 
      8.62000000 -0.827617427191078E+003  0.104270273129783E+002 
      8.64000000 -0.827618890110580E+003  0.104255643934756E+002 
      8.66000000 -0.827620443606814E+003  0.104240108972416E+002 
      8.68000000 -0.827622026564985E+003  0.104224279390713E+002 
      8.70000000 -0.827623583024201E+003  0.104208714798549E+002 
      8.72000000 -0.827625062023994E+003  0.104193924800618E+002 
      8.74000000 -0.827626417243808E+003  0.104180372602474E+002 
      8.76000000 -0.827627606591664E+003  0.104168479123917E+002 
      8.78000000 -0.827628591908915E+003  0.104158625951404E+002 
      8.80000000 -0.827629338930911E+003  0.104151155731446E+002 
      8.82000000 -0.827629817580467E+003  0.104146369235892E+002 
      8.84000000 -0.827630002587322E+003  0.104144519167340E+002 
      8.86000000 -0.827629874342293E+003  0.104145801617634E+002 
      8.88000000 -0.827629419829359E+003  0.104150346746968E+002 
      8.90000000 -0.827628633448039E+003  0.104158210560165E+002 
      8.92000000 -0.827627517546718E+003  0.104169369573377E+002 
      8.94000000 -0.827626082529329E+003  0.104183719747269E+002 
      8.96000000 -0.827624346462642E+003  0.104201080414134E+002 
      8.98000000 -0.827622334185290E+003  0.104221203187653E+002 
      9.00000000 -0.827620075990557E+003  0.104243785134986E+002 
      9.02000000 -0.827617606013363E+003  0.104268484906929E+002 
      9.04000000 -0.827614960490688E+003  0.104294940133681E+002 
      9.06000000 -0.827612176076146E+003  0.104322784279099E+002 
      9.08000000 -0.827609288371526E+003  0.104351661325303E+002 
      9.10000000 -0.827606330791886E+003  0.104381237121701E+002 
      9.12000000 -0.827603333815521E+003  0.104411206885347E+002 
      9.14000000 -0.827600324602955E+003  0.104441299011005E+002 
      9.16000000 -0.827597326919275E+003  0.104471275847811E+002 
      9.18000000 -0.827594361272122E+003  0.104500932319343E+002 
      9.20000000 -0.827591445183667E+003  0.104530093203890E+002 
      9.22000000 -0.827588593538353E+003  0.104558609657032E+002 
      9.24000000 -0.827585818970968E+003  0.104586355330883E+002 
      9.26000000 -0.827583132271035E+003  0.104613222330207E+002 
      9.28000000 -0.827580542777677E+003  0.104639117263788E+002 
      9.30000000 -0.827578058732538E+003  0.104663957715178E+002 
      9.32000000 -0.827575687555774E+003  0.104687669482820E+002 
      9.34000000 -0.827573436017252E+003  0.104710184868040E+002 
      9.36000000 -0.827571310290899E+003  0.104731442131571E+002 
      9.38000000 -0.827569315899327E+003  0.104751386047285E+002 
      9.40000000 -0.827567457572030E+003  0.104769969320260E+002 
      9.42000000 -0.827565739052111E+003  0.104787154519449E+002 
      9.44000000 -0.827564162893214E+003  0.104802916108423E+002 
      9.46000000 -0.827562730289542E+003  0.104817242145136E+002 
      9.48000000 -0.827561440975687E+003  0.104830135283689E+002 
      9.50000000 -0.827560293217940E+003  0.104841612861156E+002 
      9.52000000 -0.827559283896959E+003  0.104851706070971E+002 
      9.54000000 -0.827558408659467E+003  0.104860458445890E+002 
      9.56000000 -0.827557662102350E+003  0.104867924017058E+002 
      9.58000000 -0.827557037951077E+003  0.104874165529791E+002 
      9.60000000 -0.827556529205620E+003  0.104879252984360E+002 
      9.62000000 -0.827556128246344E+003  0.104883262577122E+002 
      9.64000000 -0.827555826912416E+003  0.104886275916402E+002 
      9.66000000 -0.827555616579434E+003  0.104888379246221E+002 
      9.68000000 -0.827555488266431E+003  0.104889662376250E+002 
      9.70000000 -0.827555432794142E+003  0.104890217099133E+002 
      9.72000000 -0.827555440999147E+003  0.104890135049083E+002 
      9.74000000 -0.827555503987724E+003  0.104889505163318E+002 
      9.76000000 -0.827555613395889E+003  0.104888411081668E+002 
      9.78000000 -0.827555761613710E+003  0.104886928903458E+002 
      9.80000000 -0.827555941935083E+003  0.104885125689729E+002 
      9.82000000 -0.827556148608058E+003  0.104883058959975E+002 
      9.84000000 -0.827556376781326E+003  0.104880777227294E+002 
      9.86000000 -0.827556622364213E+003  0.104878321398433E+002 
      9.88000000 -0.827556881835105E+003  0.104875726689512E+002 
      9.90000000 -0.827557152042405E+003  0.104873024616511E+002 
      9.92000000 -0.827557430040452E+003  0.104870244636042E+002 
      9.94000000 -0.827557712990395E+003  0.104867415136604E+002 
      9.96000000 -0.827557998135718E+003  0.104864563683375E+002 
      9.98000000 -0.827558282839843E+003  0.104861716642132E+002 
     10.00000000 -0.827558564656033E+003  0.104858898480228E+002 
     10.02000000 -0.827558841393379E+003  0.104856131106770E+002 
     10.04000000 -0.827559111148952E+003  0.104853433551043E+002 
     10.06000000 -0.827559372292165E+003  0.104850822118907E+002 
     10.08000000 -0.827559623406731E+003  0.104848310973251E+002 
     10.10000000 -0.827559863210792E+003  0.104845912932639E+002 
     10.12000000 -0.827560090482346E+003  0.104843640217101E+002 
     10.14000000 -0.827560304013769E+003  0.104841504902864E+002 
     10.16000000 -0.827560502609620E+003  0.104839518944356E+002 
     10.18000000 -0.827560685129984E+003  0.104837693740719E+002 
     10.20000000 -0.827560850571073E+003  0.104836039329824E+002 
     10.22000000 -0.827560998167112E+003  0.104834563369435E+002 
     10.24000000 -0.827561127493447E+003  0.104833270106088E+002 
     10.26000000 -0.827561238550376E+003  0.104832159536797E+002 
     10.28000000 -0.827561331810462E+003  0.104831226935936E+002 
     10.30000000 -0.827561408218270E+003  0.104830462857858E+002 
     10.32000000 -0.827561469139710E+003  0.104829853643461E+002 
     10.34000000 -0.827561516266766E+003  0.104829382372901E+002 
     10.36000000 -0.827561551491326E+003  0.104829030127296E+002 
     10.38000000 -0.827561576767323E+003  0.104828777367330E+002 
     10.40000000 -0.827561593981786E+003  0.104828605222701E+002 
     10.42000000 -0.827561604851831E+003  0.104828496522253E+002 
     10.44000000 -0.827561610857131E+003  0.104828436469253E+002 
     10.46000000 -0.827561613209549E+003  0.104828412945066E+002 
     10.48000000 -0.827561612856368E+003  0.104828416476879E+002 
     10.50000000 -0.827561610511774E+003  0.104828439922822E+002 
     10.52000000 -0.827561606710359E+003  0.104828477936970E+002 
     10.54000000 -0.827561601873416E+003  0.104828526306400E+002 
     10.56000000 -0.827561596373363E+003  0.104828581306925E+002 
     10.58000000 -0.827561590577362E+003  0.104828639266936E+002 
     10.60000000 -0.827561584853133E+003  0.104828696509231E+002 
     10.62000000 -0.827561579530042E+003  0.104828749740137E+002 
     10.64000000 -0.827561574823259E+003  0.104828796807973E+002 
     10.66000000 -0.827561570741376E+003  0.104828837626794E+002 
     10.68000000 -0.827561567007371E+003  0.104828874966850E+002 
     10.70000000 -0.827561563300373E+003  0.104828912036828E+002 
     10.72000000 -0.827561559566268E+003  0.104828949377874E+002 
     10.74000000 -0.827561555772525E+003  0.104828987315308E+002 
     10.76000000 -0.827561551902210E+003  0.104829026018463E+002 
     10.78000000 -0.827561547970584E+003  0.104829065334718E+002 
     10.80000000 -0.827561544026662E+003  0.104829104773941E+002 
     10.82000000 -0.827561540138423E+003  0.104829143656331E+002 
     10.84000000 -0.827561536367908E+003  0.104829181361475E+002 
     10.86000000 -0.827561532747638E+003  0.104829217564182E+002 
     10.88000000 -0.827561529269771E+003  0.104829252342845E+002 
     10.90000000 -0.827561525893612E+003  0.104829286104436E+002 
     10.92000000 -0.827561522567949E+003  0.104829319361070E+002 
     10.94000000 -0.827561519257278E+003  0.104829352467781E+002 
     10.96000000 -0.827561515958977E+003  0.104829385450791E+002 
     10.98000000 -0.827561512702958E+003  0.104829418010980E+002 
     11.00000000 -0.827561509534036E+003  0.104829449700201E+002 
     11.02000000 -0.827561506485719E+003  0.104829480183364E+002 
     11.04000000 -0.827561503558397E+003  0.104829509456583E+002 
     11.06000000 -0.827561500712472E+003  0.104829537915836E+002 
     11.08000000 -0.827561497879614E+003  0.104829566244419E+002 
     11.10000000 -0.827561494986198E+003  0.104829595178578E+002 
     11.12000000 -0.827561491977369E+003  0.104829625266870E+002 
     11.14000000 -0.827561488830727E+003  0.104829656733288E+002 
     11.16000000 -0.827561485555001E+003  0.104829689490548E+002 
     11.18000000 -0.827561482177271E+003  0.104829723267847E+002 
     11.20000000 -0.827561478727660E+003  0.104829757763964E+002 
     11.22000000 -0.827561475229848E+003  0.104829792742079E+002 
     11.24000000 -0.827561471700439E+003  0.104829828036166E+002 
     11.26000000 -0.827561468153676E+003  0.104829863503800E+002 
     11.28000000 -0.827561464604500E+003  0.104829898995557E+002 
     11.30000000 -0.827561461064543E+003  0.104829934395132E+002 
     11.32000000 -0.827561457531382E+003  0.104829969726734E+002 
     11.34000000 -0.827561453978178E+003  0.104830005258775E+002 
     11.36000000 -0.827561450353839E+003  0.104830041502172E+002 
     11.38000000 -0.827561446600123E+003  0.104830079039333E+002 
     11.40000000 -0.827561442682083E+003  0.104830118219730E+002 
     11.42000000 -0.827561438617800E+003  0.104830158862553E+002 
     11.44000000 -0.827561434489960E+003  0.104830200140963E+002 
     11.46000000 -0.827561430429278E+003  0.104830240747780E+002 
     11.48000000 -0.827561426574756E+003  0.104830279292998E+002 
     11.50000000 -0.827561423028576E+003  0.104830314754794E+002 
     11.52000000 -0.827561419826217E+003  0.104830346778389E+002 
     11.54000000 -0.827561416933604E+003  0.104830375704518E+002 
     11.56000000 -0.827561414268917E+003  0.104830402351392E+002 
     11.58000000 -0.827561411735778E+003  0.104830427682776E+002 
     11.60000000 -0.827561409251982E+003  0.104830452520737E+002 
     11.62000000 -0.827561406763488E+003  0.104830477405683E+002 
     11.64000000 -0.827561404242392E+003  0.104830502616634E+002 
     11.66000000 -0.827561401674998E+003  0.104830528290574E+002 
     11.68000000 -0.827561399049020E+003  0.104830554550360E+002 
     11.70000000 -0.827561396347139E+003  0.104830581569166E+002 
     11.72000000 -0.827561393549527E+003  0.104830609545293E+002 
     11.74000000 -0.827561390642645E+003  0.104830638614108E+002 
     11.76000000 -0.827561387628356E+003  0.104830668756998E+002 
     11.78000000 -0.827561384527524E+003  0.104830699765323E+002 
     11.80000000 -0.827561381376028E+003  0.104830731280282E+002 
     11.82000000 -0.827561378215982E+003  0.104830762880737E+002 
     11.84000000 -0.827561375087551E+003  0.104830794165052E+002 
     11.86000000 -0.827561372025326E+003  0.104830824787300E+002 
     11.88000000 -0.827561369059057E+003  0.104830854449985E+002 
     11.90000000 -0.827561366215188E+003  0.104830882888677E+002 
     11.92000000 -0.827561363515719E+003  0.104830909883363E+002 
     11.94000000 -0.827561360973822E+003  0.104830935302336E+002 
     11.96000000 -0.827561358588573E+003  0.104830959154827E+002 
     11.98000000 -0.827561356341793E+003  0.104830981622629E+002 
     12.00000000 -0.827561354198096E+003  0.104831003059600E+002 
     12.02000000 -0.827561352106879E+003  0.104831023971771E+002 
     12.04000000 -0.827561350004315E+003  0.104831044997413E+002 
     12.06000000 -0.827561347814956E+003  0.104831066890996E+002 
     12.08000000 -0.827561345454977E+003  0.104831090490788E+002 
     12.10000000 -0.827561342840131E+003  0.104831116639244E+002 
     12.12000000 -0.827561339899692E+003  0.104831146043638E+002 
     12.14000000 -0.827561336593540E+003  0.104831179105162E+002 
     12.16000000 -0.827561332926094E+003  0.104831215779623E+002 
     12.18000000 -0.827561328950466E+003  0.104831255535904E+002 
     12.20000000 -0.827561324759969E+003  0.104831297440872E+002 
     12.22000000 -0.827561320469655E+003  0.104831340344008E+002 
     12.24000000 -0.827561316194475E+003  0.104831383095807E+002 
     12.26000000 -0.827561312030996E+003  0.104831424730601E+002 
     12.28000000 -0.827561308046840E+003  0.104831464572160E+002 
     12.30000000 -0.827561304278129E+003  0.104831502259270E+002 
     12.32000000 -0.827561300732625E+003  0.104831537714313E+002 
     12.34000000 -0.827561297395832E+003  0.104831571082241E+002 
     12.36000000 -0.827561294238701E+003  0.104831602653544E+002 
     12.38000000 -0.827561291226936E+003  0.104831632771196E+002 
     12.40000000 -0.827561288331457E+003  0.104831661725987E+002 
     12.42000000 -0.827561285537421E+003  0.104831689666349E+002 
     12.44000000 -0.827561282847234E+003  0.104831716568223E+002 
     12.46000000 -0.827561280273781E+003  0.104831742302744E+002 
     12.48000000 -0.827561277824337E+003  0.104831766797186E+002 
     12.50000000 -0.827561275481317E+003  0.104831790227387E+002 
     12.52000000 -0.827561273189576E+003  0.104831813144802E+002 
     12.54000000 -0.827561270858504E+003  0.104831836455518E+002 
     12.56000000 -0.827561268380799E+003  0.104831861232563E+002 
     12.58000000 -0.827561265661805E+003  0.104831888422511E+002 
     12.60000000 -0.827561262647919E+003  0.104831918561373E+002 
     12.62000000 -0.827561259342845E+003  0.104831951612105E+002 
     12.64000000 -0.827561255806137E+003  0.104831986979193E+002 
     12.66000000 -0.827561252136739E+003  0.104832023673172E+002 
     12.68000000 -0.827561248450160E+003  0.104832060538962E+002 
     12.70000000 -0.827561244858301E+003  0.104832096457552E+002 
     12.72000000 -0.827561241455806E+003  0.104832130482493E+002 
     12.74000000 -0.827561238310761E+003  0.104832161932945E+002 
     12.76000000 -0.827561235455754E+003  0.104832190483019E+002 
     12.78000000 -0.827561232879339E+003  0.104832216247171E+002 
     12.80000000 -0.827561230523630E+003  0.104832239804261E+002 
     12.82000000 -0.827561228294737E+003  0.104832262093187E+002 
     12.84000000 -0.827561226087036E+003  0.104832284170201E+002 
     12.86000000 -0.827561223813665E+003  0.104832306903903E+002 
     12.88000000 -0.827561221430694E+003  0.104832330733621E+002 
     12.90000000 -0.827561218944740E+003  0.104832355593160E+002 
     12.92000000 -0.827561216401589E+003  0.104832381024666E+002 
     12.94000000 -0.827561213861556E+003  0.104832406424998E+002 
     12.96000000 -0.827561211371966E+003  0.104832431320896E+002 
     12.98000000 -0.827561208947063E+003  0.104832455569924E+002 
     13.00000000 -0.827561206562207E+003  0.104832479418494E+002 
     13.02000000 -0.827561204163984E+003  0.104832503400717E+002 
     13.04000000 -0.827561201692266E+003  0.104832528117903E+002 
     13.06000000 -0.827561199105600E+003  0.104832553984557E+002 
     13.08000000 -0.827561196399612E+003  0.104832581044438E+002 
     13.10000000 -0.827561193610411E+003  0.104832608936449E+002 
     13.12000000 -0.827561190801157E+003  0.104832637028989E+002 
     13.14000000 -0.827561188037249E+003  0.104832664668066E+002 
     13.16000000 -0.827561185360536E+003  0.104832691435196E+002 
     13.18000000 -0.827561182773339E+003  0.104832717307167E+002 
     13.20000000 -0.827561180238619E+003  0.104832742654364E+002 
     13.22000000 -0.827561177695691E+003  0.104832768083649E+002 
     13.24000000 -0.827561175084321E+003  0.104832794197353E+002 
     13.26000000 -0.827561172366870E+003  0.104832821371855E+002 
     13.28000000 -0.827561169539667E+003  0.104832849643887E+002 
     13.30000000 -0.827561166630378E+003  0.104832878736775E+002 
     13.32000000 -0.827561163684565E+003  0.104832908194907E+002 
     13.34000000 -0.827561160748665E+003  0.104832937553904E+002 
     13.36000000 -0.827561157856103E+003  0.104832966479528E+002 
     13.38000000 -0.827561155019663E+003  0.104832994843931E+002 
     13.40000000 -0.827561152229675E+003  0.104833022743810E+002 
     13.42000000 -0.827561149456688E+003  0.104833050473678E+002 
     13.44000000 -0.827561146658580E+003  0.104833078454753E+002 
     13.46000000 -0.827561143792999E+003  0.104833107110565E+002 
     13.48000000 -0.827561140833825E+003  0.104833136702306E+002 
     13.50000000 -0.827561137786101E+003  0.104833167179549E+002 
     13.52000000 -0.827561134691030E+003  0.104833198130257E+002 
     13.54000000 -0.827561131615414E+003  0.104833228886416E+002 
     13.56000000 -0.827561128627561E+003  0.104833258764952E+002 
     13.58000000 -0.827561125770019E+003  0.104833287340371E+002 
     13.60000000 -0.827561123041934E+003  0.104833314621220E+002 
     13.62000000 -0.827561120399043E+003  0.104833341050126E+002 
     13.64000000 -0.827561117770160E+003  0.104833367338962E+002 
     13.66000000 -0.827561115081540E+003  0.104833394225163E+002 
     13.68000000 -0.827561112278350E+003  0.104833422257062E+002 
     13.70000000 -0.827561109335526E+003  0.104833451685297E+002 
     13.72000000 -0.827561106256027E+003  0.104833482480285E+002 
     13.74000000 -0.827561103059942E+003  0.104833514441144E+002 
     13.76000000 -0.827561099771039E+003  0.104833547330164E+002 
     13.78000000 -0.827561096407032E+003  0.104833580970240E+002 
     13.80000000 -0.827561092976357E+003  0.104833615276987E+002 
     13.82000000 -0.827561089480106E+003  0.104833650239497E+002 
     13.84000000 -0.827561085915621E+003  0.104833685884346E+002 
     13.86000000 -0.827561082279595E+003  0.104833722244610E+002 
     13.88000000 -0.827561078571038E+003  0.104833759330176E+002 
     13.90000000 -0.827561074795563E+003  0.104833797084925E+002 
     13.92000000 -0.827561070970510E+003  0.104833835335460E+002 
     13.94000000 -0.827561067127831E+003  0.104833873762248E+002 
     13.96000000 -0.827561063311349E+003  0.104833911927071E+002 
     13.98000000 -0.827561059567938E+003  0.104833949361182E+002 
     14.00000000 -0.827561055936349E+003  0.104833985677066E+002 
     14.02000000 -0.827561052439179E+003  0.104834020648765E+002 
     14.04000000 -0.827561049081515E+003  0.104834054225408E+002 
     14.06000000 -0.827561045855150E+003  0.104834086489060E+002 
     14.08000000 -0.827561042743352E+003  0.104834117607035E+002 
     14.10000000 -0.827561039720927E+003  0.104834147831288E+002 
     14.12000000 -0.827561036748112E+003  0.104834177559434E+002 
     14.14000000 -0.827561033762660E+003  0.104834207413954E+002 
     14.16000000 -0.827561030677975E+003  0.104834238260806E+002 
     14.18000000 -0.827561027393920E+003  0.104834271101363E+002 
     14.20000000 -0.827561023820562E+003  0.104834306834934E+002 
     14.22000000 -0.827561019907274E+003  0.104834345967819E+002 
     14.24000000 -0.827561015664870E+003  0.104834388391863E+002 
     14.26000000 -0.827561011170200E+003  0.104834433338561E+002 
     14.28000000 -0.827561006549656E+003  0.104834479544002E+002 
     14.30000000 -0.827561001946705E+003  0.104834525573504E+002 
     14.32000000 -0.827560997484579E+003  0.104834570194769E+002 
     14.34000000 -0.827560993236614E+003  0.104834612674422E+002 
     14.36000000 -0.827560989214145E+003  0.104834652899112E+002 
     14.38000000 -0.827560985375987E+003  0.104834691280684E+002 
     14.40000000 -0.827560981655766E+003  0.104834728482897E+002 
     14.42000000 -0.827560977995562E+003  0.104834765084940E+002 
     14.44000000 -0.827560974370736E+003  0.104834801333202E+002 
     14.46000000 -0.827560970794845E+003  0.104834837092105E+002 
     14.48000000 -0.827560967304579E+003  0.104834871994773E+002 
     14.50000000 -0.827560963936186E+003  0.104834905678695E+002 
     14.52000000 -0.827560960709024E+003  0.104834937950315E+002 
     14.54000000 -0.827560957625116E+003  0.104834968789401E+002 
     14.56000000 -0.827560954680835E+003  0.104834998232204E+002 
     14.58000000 -0.827560951877825E+003  0.104835026262307E+002 
     14.60000000 -0.827560949221958E+003  0.104835052820975E+002 
     14.62000000 -0.827560946710089E+003  0.104835077939670E+002 
     14.64000000 -0.827560944315445E+003  0.104835101886112E+002 
     14.66000000 -0.827560941984773E+003  0.104835125192825E+002 
     14.68000000 -0.827560939651587E+003  0.104835148524691E+002 
     14.70000000 -0.827560937257509E+003  0.104835172465468E+002 
     14.72000000 -0.827560934767792E+003  0.104835197362642E+002 
     14.74000000 -0.827560932172302E+003  0.104835223317535E+002 
     14.76000000 -0.827560929474641E+003  0.104835250294150E+002 
     14.78000000 -0.827560926680012E+003  0.104835278240440E+002 
     14.80000000 -0.827560923791166E+003  0.104835307128896E+002 
     14.82000000 -0.827560920813508E+003  0.104835336905480E+002 
     14.84000000 -0.827560917762703E+003  0.104835367413531E+002 
     14.86000000 -0.827560914666303E+003  0.104835398377523E+002 
     14.88000000 -0.827560911555402E+003  0.104835429486537E+002 
     14.90000000 -0.827560908449319E+003  0.104835460547371E+002 
     14.92000000 -0.827560905341720E+003  0.104835491623356E+002 
     14.94000000 -0.827560902197284E+003  0.104835523067719E+002 
     14.96000000 -0.827560898963480E+003  0.104835555405754E+002 
     14.98000000 -0.827560895594244E+003  0.104835589098117E+002 
     15.00000000 -0.827560892075594E+003  0.104835624284621E+002 
     15.02000000 -0.827560888441149E+003  0.104835660629073E+002 
     15.04000000 -0.827560884769399E+003  0.104835697346572E+002 
     15.06000000 -0.827560881161844E+003  0.104835733422121E+002 
     15.08000000 -0.827560877709287E+003  0.104835767947689E+002 
     15.10000000 -0.827560874459207E+003  0.104835800448486E+002 
     15.12000000 -0.827560871398456E+003  0.104835831055994E+002 
     15.14000000 -0.827560868460238E+003  0.104835860438173E+002 
     15.16000000 -0.827560865553838E+003  0.104835889502178E+002 
     15.18000000 -0.827560862604102E+003  0.104835918999542E+002 
     15.20000000 -0.827560859582237E+003  0.104835949218193E+002 
     15.22000000 -0.827560856513496E+003  0.104835979905596E+002 
     15.24000000 -0.827560853459031E+003  0.104836010450244E+002 
     15.26000000 -0.827560850481688E+003  0.104836040223677E+002 
     15.28000000 -0.827560847612377E+003  0.104836068916787E+002 
     15.30000000 -0.827560844831679E+003  0.104836096723773E+002 
     15.32000000 -0.827560842072573E+003  0.104836124314825E+002 
     15.34000000 -0.827560839240064E+003  0.104836152639915E+002 
     15.36000000 -0.827560836237530E+003  0.104836182665258E+002 
     15.38000000 -0.827560832990594E+003  0.104836215134622E+002 
     15.40000000 -0.827560829464407E+003  0.104836250396485E+002 
     15.42000000 -0.827560825674457E+003  0.104836288295989E+002 
     15.44000000 -0.827560821690887E+003  0.104836328131684E+002 
     15.46000000 -0.827560817633379E+003  0.104836368706765E+002 
     15.48000000 -0.827560813652280E+003  0.104836408517756E+002 
     15.50000000 -0.827560809895347E+003  0.104836446087093E+002 
     15.52000000 -0.827560806467111E+003  0.104836480369448E+002 
     15.54000000 -0.827560803395267E+003  0.104836511087885E+002 
     15.56000000 -0.827560800619967E+003  0.104836538840886E+002 
     15.58000000 -0.827560798014596E+003  0.104836564894597E+002 
     15.60000000 -0.827560795432511E+003  0.104836590715447E+002 
     15.62000000 -0.827560792760610E+003  0.104836617434457E+002 
     15.64000000 -0.827560789956150E+003  0.104836645479055E+002 
     15.66000000 -0.827560787051155E+003  0.104836674529009E+002 
     15.68000000 -0.827560784124830E+003  0.104836703792261E+002 
     15.70000000 -0.827560781259032E+003  0.104836732450238E+002 
     15.72000000 -0.827560778497690E+003  0.104836760063654E+002 
     15.74000000 -0.827560775826754E+003  0.104836786773016E+002 
     15.76000000 -0.827560773180809E+003  0.104836813232467E+002 
     15.78000000 -0.827560770471664E+003  0.104836840323922E+002 
     15.80000000 -0.827560767626719E+003  0.104836868773366E+002 
     15.82000000 -0.827560764622128E+003  0.104836898819274E+002 
     15.84000000 -0.827560761497590E+003  0.104836930064661E+002 
     15.86000000 -0.827560758345698E+003  0.104836961583575E+002 
     15.88000000 -0.827560755278259E+003  0.104836992257964E+002 
     15.90000000 -0.827560752382085E+003  0.104837021219707E+002 
     15.92000000 -0.827560749682797E+003  0.104837048212592E+002 
     15.94000000 -0.827560747132719E+003  0.104837073713367E+002 
     15.96000000 -0.827560744628357E+003  0.104837098756984E+002 
     15.98000000 -0.827560742049333E+003  0.104837124547230E+002 
     16.00000000 -0.827560739301386E+003  0.104837152026703E+002 
     16.02000000 -0.827560736346014E+003  0.104837181580418E+002 
     16.04000000 -0.827560733207289E+003  0.104837212967664E+002 
     16.06000000 -0.827560729957245E+003  0.104837245468104E+002 
     16.08000000 -0.827560726688949E+003  0.104837278151069E+002 
     16.10000000 -0.827560723488188E+003  0.104837310158679E+002 
     16.12000000 -0.827560720412074E+003  0.104837340919816E+002 
     16.14000000 -0.827560717478707E+003  0.104837370253491E+002 
     16.16000000 -0.827560714669143E+003  0.104837398349129E+002 
     16.18000000 -0.827560711940630E+003  0.104837425634259E+002 
     16.20000000 -0.827560709247291E+003  0.104837452567648E+002 
     16.22000000 -0.827560706560974E+003  0.104837479430817E+002 
     16.24000000 -0.827560703883195E+003  0.104837506208612E+002 
     16.26000000 -0.827560701242095E+003  0.104837532619604E+002 
     16.28000000 -0.827560698675618E+003  0.104837558284383E+002 
     16.30000000 -0.827560696209691E+003  0.104837582943651E+002 
     16.32000000 -0.827560693842859E+003  0.104837606611964E+002 
     16.34000000 -0.827560691544790E+003  0.104837629592660E+002 
     16.36000000 -0.827560689267981E+003  0.104837652360750E+002 
     16.38000000 -0.827560686965187E+003  0.104837675388684E+002 
     16.40000000 -0.827560684602986E+003  0.104837699010702E+002 
     16.42000000 -0.827560682165381E+003  0.104837723386749E+002 
     16.44000000 -0.827560679647395E+003  0.104837748566610E+002 
     16.46000000 -0.827560677043617E+003  0.104837774604389E+002 
     16.48000000 -0.827560674338308E+003  0.104837801657482E+002 
     16.50000000 -0.827560671501844E+003  0.104837830022118E+002 
     16.52000000 -0.827560668495001E+003  0.104837860090547E+002 
     16.54000000 -0.827560665279682E+003  0.104837892243735E+002 
     16.56000000 -0.827560661832804E+003  0.104837926712520E+002 
     16.58000000 -0.827560658159181E+003  0.104837963448749E+002 
     16.60000000 -0.827560654299180E+003  0.104838002048759E+002 
     16.62000000 -0.827560650327593E+003  0.104838041764625E+002 
     16.64000000 -0.827560646341833E+003  0.104838081622228E+002 
     16.66000000 -0.827560642440254E+003  0.104838120638019E+002 
     16.68000000 -0.827560638695508E+003  0.104838158085482E+002 
     16.70000000 -0.827560635131956E+003  0.104838193720995E+002 
     16.72000000 -0.827560631717477E+003  0.104838227865784E+002 
     16.74000000 -0.827560628375926E+003  0.104838261281295E+002 
     16.76000000 -0.827560625017375E+003  0.104838294866805E+002 
     16.78000000 -0.827560621573627E+003  0.104838329304284E+002 
     16.80000000 -0.827560618022852E+003  0.104838364812042E+002 
     16.82000000 -0.827560614392424E+003  0.104838401116314E+002 
     16.84000000 -0.827560610740626E+003  0.104838437634302E+002 
     16.86000000 -0.827560607128456E+003  0.104838473755999E+002 
     16.88000000 -0.827560603596161E+003  0.104838509078949E+002 
     16.90000000 -0.827560600153762E+003  0.104838543502933E+002 
     16.92000000 -0.827560596785489E+003  0.104838577185666E+002 
     16.94000000 -0.827560593460799E+003  0.104838610432565E+002 
     16.96000000 -0.827560590143896E+003  0.104838643601595E+002 
     16.98000000 -0.827560586798042E+003  0.104838677060139E+002 
     17.00000000 -0.827560583386440E+003  0.104838711176158E+002 
     17.02000000 -0.827560579874071E+003  0.104838746299850E+002 
     17.04000000 -0.827560576233481E+003  0.104838782705748E+002 
     17.06000000 -0.827560572453889E+003  0.104838820501666E+002 
     17.08000000 -0.827560568549399E+003  0.104838859546570E+002 
     17.10000000 -0.827560564560713E+003  0.104838899433430E+002 
     17.12000000 -0.827560560546845E+003  0.104838939572105E+002 
     17.14000000 -0.827560556568602E+003  0.104838979354540E+002 
     17.16000000 -0.827560552671502E+003  0.104839018325543E+002 
     17.18000000 -0.827560548877671E+003  0.104839056263845E+002 
     17.20000000 -0.827560545191479E+003  0.104839093125766E+002 
     17.22000000 -0.827560541614440E+003  0.104839128896163E+002 
     17.24000000 -0.827560538157674E+003  0.104839163463822E+002 
     17.26000000 -0.827560534841010E+003  0.104839196630455E+002 
     17.28000000 -0.827560531676674E+003  0.104839228273817E+002 
     17.30000000 -0.827560528646682E+003  0.104839258573742E+002 
     17.32000000 -0.827560525688927E+003  0.104839288151294E+002 
     17.34000000 -0.827560522703660E+003  0.104839318003963E+002 
     17.36000000 -0.827560519581606E+003  0.104839349224496E+002 
     17.38000000 -0.827560516243385E+003  0.104839382606712E+002 
     17.40000000 -0.827560512673231E+003  0.104839418308247E+002 
     17.42000000 -0.827560508931703E+003  0.104839455723527E+002 
     17.44000000 -0.827560505140993E+003  0.104839493630630E+002 
     17.46000000 -0.827560501448214E+003  0.104839530558416E+002 
     17.48000000 -0.827560497980741E+003  0.104839565233146E+002 
     17.50000000 -0.827560494809545E+003  0.104839596945106E+002 
     17.52000000 -0.827560491931682E+003  0.104839625723743E+002 
     17.54000000 -0.827560489275022E+003  0.104839652290337E+002 
     17.56000000 -0.827560486721349E+003  0.104839677827071E+002 
     17.58000000 -0.827560484139862E+003  0.104839703641940E+002 
     17.60000000 -0.827560481422039E+003  0.104839730820167E+002 
     17.62000000 -0.827560478509284E+003  0.104839759947719E+002 
     17.64000000 -0.827560475406542E+003  0.104839790975135E+002 
     17.66000000 -0.827560472178676E+003  0.104839823253800E+002 
     17.68000000 -0.827560468931235E+003  0.104839855728204E+002 
     17.70000000 -0.827560465781832E+003  0.104839887222238E+002 
     17.72000000 -0.827560462830049E+003  0.104839916740072E+002 
     17.74000000 -0.827560460132624E+003  0.104839943714313E+002 
     17.76000000 -0.827560457688283E+003  0.104839968157733E+002 
     17.78000000 -0.827560455435078E+003  0.104839990689781E+002 
     17.80000000 -0.827560453262381E+003  0.104840012416751E+002 
     17.82000000 -0.827560451037369E+003  0.104840034666872E+002 
     17.84000000 -0.827560448641224E+003  0.104840058628321E+002 
     17.86000000 -0.827560446004738E+003  0.104840084993180E+002 
     17.88000000 -0.827560443130339E+003  0.104840113737165E+002 
     17.90000000 -0.827560440090463E+003  0.104840144135926E+002 
     17.92000000 -0.827560437000580E+003  0.104840175034754E+002 
     17.94000000 -0.827560433976172E+003  0.104840205278843E+002 
     17.96000000 -0.827560431091273E+003  0.104840234127823E+002 
     17.98000000 -0.827560428356988E+003  0.104840261470674E+002 
     18.00000000 -0.827560425729411E+003  0.104840287746448E+002 
