# Real time calculation: 
# Eall: Total energy
# Eall0: Initial total energy
# 1:Time[fs] 2:Eall[eV] 3:Eall-Eall0[eV] 
      0.00000000 -0.340326426829966E+004  0.000000000000000E+000 
      0.02000000 -0.340309978662410E+004  0.164481675557639E+000 
      0.04000000 -0.340309978722438E+004  0.164481075282797E+000 
      0.06000000 -0.340309977310427E+004  0.164495195391785E+000 
      0.08000000 -0.340309977139241E+004  0.164496907253949E+000 
      0.10000000 -0.340309977125055E+004  0.164497049113758E+000 
      0.12000000 -0.340309976063338E+004  0.164507666275797E+000 
      0.14000000 -0.340309974621014E+004  0.164522089515821E+000 
      0.16000000 -0.340309973597791E+004  0.164532321753052E+000 
      0.18000000 -0.340309973123117E+004  0.164537068490922E+000 
      0.20000000 -0.340309973260265E+004  0.164535697009547E+000 
      0.22000000 -0.340309973518471E+004  0.164533114948340E+000 
      0.24000000 -0.340309973732385E+004  0.164530975813016E+000 
      0.26000000 -0.340309973932584E+004  0.164528973825212E+000 
      0.28000000 -0.340309974173403E+004  0.164526565629181E+000 
      0.30000000 -0.340309974335356E+004  0.164524946105630E+000 
      0.32000000 -0.340309974288755E+004  0.164525412107272E+000 
      0.34000000 -0.340309974132390E+004  0.164526975756581E+000 
      0.36000000 -0.340309973920435E+004  0.164529095312274E+000 
      0.38000000 -0.340309973729411E+004  0.164531005553112E+000 
      0.40000000 -0.340309973622571E+004  0.164532073954883E+000 
      0.42000000 -0.340309973577628E+004  0.164532523378436E+000 
      0.44000000 -0.340309973543409E+004  0.164532865569740E+000 
      0.46000000 -0.340309973563406E+004  0.164532665597873E+000 
      0.48000000 -0.340309973689350E+004  0.164531406159644E+000 
      0.50000000 -0.340309973845538E+004  0.164529844285275E+000 
      0.52000000 -0.340309973962304E+004  0.164528676624561E+000 
      0.54000000 -0.340309974074598E+004  0.164527553675693E+000 
      0.56000000 -0.340309974227795E+004  0.164526021715820E+000 
      0.58000000 -0.340309974396372E+004  0.164524335942559E+000 
      0.60000000 -0.340309974529954E+004  0.164523000122384E+000 
      0.62000000 -0.340309974670063E+004  0.164521599034710E+000 
      0.64000000 -0.340309974832638E+004  0.164519973276829E+000 
      0.66000000 -0.340309975004001E+004  0.164518259650553E+000 
      0.68000000 -0.340309975168285E+004  0.164516616813038E+000 
      0.70000000 -0.340309975336148E+004  0.164514938181297E+000 
      0.72000000 -0.340309975487548E+004  0.164513424184275E+000 
      0.74000000 -0.340309975647162E+004  0.164511828036560E+000 
      0.76000000 -0.340309975784987E+004  0.164510449790693E+000 
      0.78000000 -0.340309975835375E+004  0.164509945908209E+000 
      0.80000000 -0.340309975893626E+004  0.164509363403643E+000 
      0.82000000 -0.340309976015510E+004  0.164508144563963E+000 
      0.84000000 -0.340309976170887E+004  0.164506590795924E+000 
      0.86000000 -0.340309976304679E+004  0.164505252868637E+000 
      0.88000000 -0.340309976414515E+004  0.164504154509060E+000 
      0.90000000 -0.340309976533393E+004  0.164502965731595E+000 
      0.92000000 -0.340309976673214E+004  0.164501567525587E+000 
      0.94000000 -0.340309976803564E+004  0.164500264016657E+000 
      0.96000000 -0.340309976922682E+004  0.164499072841671E+000 
      0.98000000 -0.340309977041738E+004  0.164497882283079E+000 
      1.00000000 -0.340309977167375E+004  0.164496625907878E+000 
      1.02000000 -0.340309977274914E+004  0.164495550523519E+000 
      1.04000000 -0.340309977364943E+004  0.164494650235580E+000 
      1.06000000 -0.340309977474573E+004  0.164493553930138E+000 
      1.08000000 -0.340309977559483E+004  0.164492704827352E+000 
      1.10000000 -0.340309977660569E+004  0.164491693967648E+000 
      1.12000000 -0.340309977799924E+004  0.164490300419793E+000 
      1.14000000 -0.340309977934897E+004  0.164488950687032E+000 
      1.16000000 -0.340309978058594E+004  0.164487713725183E+000 
      1.18000000 -0.340309978190216E+004  0.164486397500494E+000 
      1.20000000 -0.340309978334855E+004  0.164484951105848E+000 
      1.22000000 -0.340309978471133E+004  0.164483588329796E+000 
      1.24000000 -0.340309978607904E+004  0.164482220623357E+000 
      1.26000000 -0.340309978743738E+004  0.164480862281174E+000 
      1.28000000 -0.340309978879002E+004  0.164479509639291E+000 
      1.30000000 -0.340309979013836E+004  0.164478161305214E+000 
      1.32000000 -0.340309979149419E+004  0.164476805468054E+000 
      1.34000000 -0.340309979284135E+004  0.164475458309149E+000 
      1.36000000 -0.340309979417858E+004  0.164474121082170E+000 
      1.38000000 -0.340309979550594E+004  0.164472793725247E+000 
      1.40000000 -0.340309979681426E+004  0.164471485398846E+000 
      1.42000000 -0.340309979810400E+004  0.164470195658650E+000 
      1.44000000 -0.340309979932060E+004  0.164468979064134E+000 
      1.46000000 -0.340309980030061E+004  0.164467999052026E+000 
      1.48000000 -0.340309980126815E+004  0.164467031513605E+000 
      1.50000000 -0.340309980242442E+004  0.164465875238799E+000 
      1.52000000 -0.340309980364533E+004  0.164464654333770E+000 
      1.54000000 -0.340309980484227E+004  0.164463457395451E+000 
      1.56000000 -0.340309980604605E+004  0.164462253608340E+000 
      1.58000000 -0.340309980710276E+004  0.164461196899128E+000 
      1.60000000 -0.340309980808234E+004  0.164460217318961E+000 
      1.62000000 -0.340309980927121E+004  0.164459028448689E+000 
      1.64000000 -0.340309981054336E+004  0.164457756300115E+000 
      1.66000000 -0.340309981175971E+004  0.164456539948444E+000 
      1.68000000 -0.340309981286956E+004  0.164455430097005E+000 
      1.70000000 -0.340309981393933E+004  0.164454360332515E+000 
      1.72000000 -0.340309981512136E+004  0.164453178300593E+000 
      1.74000000 -0.340309981636003E+004  0.164451939626448E+000 
      1.76000000 -0.340309981757564E+004  0.164450724018009E+000 
      1.78000000 -0.340309981876393E+004  0.164449535731263E+000 
      1.80000000 -0.340309981995918E+004  0.164448340483196E+000 
      1.82000000 -0.340309982113629E+004  0.164447163375474E+000 
      1.84000000 -0.340309982231199E+004  0.164445987675716E+000 
      1.86000000 -0.340309982346378E+004  0.164444835880022E+000 
      1.88000000 -0.340309982460047E+004  0.164443699188715E+000 
      1.90000000 -0.340309982580237E+004  0.164442497289072E+000 
      1.92000000 -0.340309982700049E+004  0.164441299166300E+000 
      1.94000000 -0.340309982814576E+004  0.164440153896505E+000 
      1.96000000 -0.340309982921865E+004  0.164439081008663E+000 
      1.98000000 -0.340309983028972E+004  0.164438009945257E+000 
      2.00000000 -0.340309983141113E+004  0.164436888529643E+000 
      2.02000000 -0.340309983250622E+004  0.164435793441910E+000 
      2.04000000 -0.340309983360696E+004  0.164434692699506E+000 
      2.06000000 -0.340309983477076E+004  0.164433528897642E+000 
      2.08000000 -0.340309983593124E+004  0.164432368424467E+000 
      2.10000000 -0.340309983699325E+004  0.164431306408225E+000 
      2.12000000 -0.340309983800814E+004  0.164430291523005E+000 
      2.14000000 -0.340309983912215E+004  0.164429177511866E+000 
      2.16000000 -0.340309984028539E+004  0.164428014268006E+000 
      2.18000000 -0.340309984140638E+004  0.164426893283172E+000 
      2.20000000 -0.340309984252776E+004  0.164425771898880E+000 
      2.22000000 -0.340309984363496E+004  0.164424664705597E+000 
      2.24000000 -0.340309984457334E+004  0.164423726318718E+000 
      2.26000000 -0.340309984532954E+004  0.164422970119510E+000 
      2.28000000 -0.340309984610628E+004  0.164422193380115E+000 
      2.30000000 -0.340309984690605E+004  0.164421393607884E+000 
      2.32000000 -0.340309984777990E+004  0.164420519758034E+000 
      2.34000000 -0.340309984870759E+004  0.164419592073770E+000 
      2.36000000 -0.340309984971441E+004  0.164418585246929E+000 
      2.38000000 -0.340309985078595E+004  0.164417513712140E+000 
      2.40000000 -0.340309985183070E+004  0.164416468961147E+000 
      2.42000000 -0.340309985282102E+004  0.164415478640856E+000 
      2.44000000 -0.340309985369265E+004  0.164414607012195E+000 
      2.46000000 -0.340309985448455E+004  0.164413815107315E+000 
      2.48000000 -0.340309985524871E+004  0.164413050955295E+000 
      2.50000000 -0.340309985611550E+004  0.164412184165760E+000 
      2.52000000 -0.340309985698328E+004  0.164411316384348E+000 
      2.54000000 -0.340309985775856E+004  0.164410541105121E+000 
      2.56000000 -0.340309985853662E+004  0.164409763044768E+000 
      2.58000000 -0.340309985953374E+004  0.164408765924410E+000 
      2.60000000 -0.340309986057980E+004  0.164407719864835E+000 
      2.62000000 -0.340309986155026E+004  0.164406749398343E+000 
      2.64000000 -0.340309986249715E+004  0.164405802506450E+000 
      2.66000000 -0.340309986350623E+004  0.164404793429033E+000 
      2.68000000 -0.340309986454376E+004  0.164403755902314E+000 
      2.70000000 -0.340309986558717E+004  0.164402712491614E+000 
      2.72000000 -0.340309986663776E+004  0.164401661896855E+000 
      2.74000000 -0.340309986766493E+004  0.164400634727430E+000 
      2.76000000 -0.340309986866805E+004  0.164399631612495E+000 
      2.78000000 -0.340309986964412E+004  0.164398655543150E+000 
      2.80000000 -0.340309987061601E+004  0.164397683647040E+000 
      2.82000000 -0.340309987154391E+004  0.164396755747772E+000 
      2.84000000 -0.340309987233877E+004  0.164395960889687E+000 
      2.86000000 -0.340309987308489E+004  0.164395214770123E+000 
      2.88000000 -0.340309987400561E+004  0.164394294055686E+000 
      2.90000000 -0.340309987501656E+004  0.164393283103175E+000 
      2.92000000 -0.340309987603959E+004  0.164392260073342E+000 
      2.94000000 -0.340309987704803E+004  0.164391251632041E+000 
      2.96000000 -0.340309987797356E+004  0.164390326100132E+000 
      2.98000000 -0.340309987889344E+004  0.164389406218641E+000 
      3.00000000 -0.340309987981372E+004  0.164388485945425E+000 
      3.02000000 -0.340309988065760E+004  0.164387642058796E+000 
      3.04000000 -0.340309988129427E+004  0.164387005393443E+000 
      3.06000000 -0.340309988188762E+004  0.164386412044732E+000 
      3.08000000 -0.340309988267064E+004  0.164385629019963E+000 
      3.10000000 -0.340309988357674E+004  0.164384722918420E+000 
      3.12000000 -0.340309988450744E+004  0.164383792224106E+000 
      3.14000000 -0.340309988537174E+004  0.164382927919873E+000 
      3.16000000 -0.340309988616008E+004  0.164382139577247E+000 
      3.18000000 -0.340309988695482E+004  0.164381344837105E+000 
      3.20000000 -0.340309988785728E+004  0.164380442379022E+000 
      3.22000000 -0.340309988881640E+004  0.164379483258608E+000 
      3.24000000 -0.340309988980022E+004  0.164378499437148E+000 
      3.26000000 -0.340309989077634E+004  0.164377523322559E+000 
      3.28000000 -0.340309989171164E+004  0.164376588022297E+000 
      3.30000000 -0.340309989265138E+004  0.164375648283912E+000 
      3.32000000 -0.340309989362757E+004  0.164374672093531E+000 
      3.34000000 -0.340309989458086E+004  0.164373718799869E+000 
      3.36000000 -0.340309989549802E+004  0.164372801644978E+000 
      3.38000000 -0.340309989624033E+004  0.164372059326647E+000 
      3.40000000 -0.340309989696623E+004  0.164371333433658E+000 
      3.42000000 -0.340309989783445E+004  0.164370465214505E+000 
      3.44000000 -0.340309989869868E+004  0.164369600978330E+000 
      3.46000000 -0.340309989956685E+004  0.164368732814088E+000 
      3.48000000 -0.340309990049325E+004  0.164367806411724E+000 
      3.50000000 -0.340309990139441E+004  0.164366905250236E+000 
      3.52000000 -0.340309990230593E+004  0.164365993731455E+000 
      3.54000000 -0.340309990324856E+004  0.164365051103283E+000 
      3.56000000 -0.340309990419535E+004  0.164364104306518E+000 
      3.58000000 -0.340309990511751E+004  0.164363182149701E+000 
      3.60000000 -0.340309990603878E+004  0.164362260881900E+000 
      3.62000000 -0.340309990694222E+004  0.164361357438900E+000 
      3.64000000 -0.340309990786583E+004  0.164360433833129E+000 
      3.66000000 -0.340309990881060E+004  0.164359489061496E+000 
      3.68000000 -0.340309990972438E+004  0.164358575277830E+000 
      3.70000000 -0.340309991062222E+004  0.164357677443484E+000 
      3.72000000 -0.340309991153273E+004  0.164356766935142E+000 
      3.74000000 -0.340309991245464E+004  0.164355845017304E+000 
      3.76000000 -0.340309991338476E+004  0.164354914896075E+000 
      3.78000000 -0.340309991431171E+004  0.164353987955429E+000 
      3.80000000 -0.340309991521535E+004  0.164353084309026E+000 
      3.82000000 -0.340309991609357E+004  0.164352206087566E+000 
      3.84000000 -0.340309991702769E+004  0.164351271967116E+000 
      3.86000000 -0.340309991795354E+004  0.164350346120436E+000 
      3.88000000 -0.340309991886683E+004  0.164349432825942E+000 
      3.90000000 -0.340309991977147E+004  0.164348528195395E+000 
      3.92000000 -0.340309992066597E+004  0.164347633690897E+000 
      3.94000000 -0.340309992156029E+004  0.164346739372787E+000 
      3.96000000 -0.340309992245496E+004  0.164345844699688E+000 
      3.98000000 -0.340309992330122E+004  0.164344998444540E+000 
      4.00000000 -0.340309992416582E+004  0.164344133841390E+000 
      4.02000000 -0.340309992507945E+004  0.164343220213950E+000 
      4.04000000 -0.340309992598099E+004  0.164342318674272E+000 
      4.06000000 -0.340309992686614E+004  0.164341433518562E+000 
      4.08000000 -0.340309992776142E+004  0.164340538242603E+000 
      4.10000000 -0.340309992865450E+004  0.164339645164243E+000 
      4.12000000 -0.340309992950266E+004  0.164338796997651E+000 
      4.14000000 -0.340309993027081E+004  0.164338028851051E+000 
      4.16000000 -0.340309993109325E+004  0.164337206413733E+000 
      4.18000000 -0.340309993198180E+004  0.164336317857408E+000 
      4.20000000 -0.340309993287201E+004  0.164335427646794E+000 
      4.22000000 -0.340309993376279E+004  0.164334536865802E+000 
      4.24000000 -0.340309993464038E+004  0.164333659277365E+000 
      4.26000000 -0.340309993551370E+004  0.164332785961545E+000 
      4.28000000 -0.340309993636592E+004  0.164331933740434E+000 
      4.30000000 -0.340309993722604E+004  0.164331073623743E+000 
      4.32000000 -0.340309993810205E+004  0.164330197607617E+000 
      4.34000000 -0.340309993897691E+004  0.164329322746168E+000 
      4.36000000 -0.340309993979992E+004  0.164328499745046E+000 
      4.38000000 -0.340309994059772E+004  0.164327701941103E+000 
      4.40000000 -0.340309994141348E+004  0.164326886185137E+000 
      4.42000000 -0.340309994224957E+004  0.164326050092773E+000 
      4.44000000 -0.340309994305610E+004  0.164325243562238E+000 
      4.46000000 -0.340309994378270E+004  0.164324516960048E+000 
      4.48000000 -0.340309994452909E+004  0.164323770567089E+000 
      4.50000000 -0.340309994532548E+004  0.164322974184645E+000 
      4.52000000 -0.340309994616035E+004  0.164322139309603E+000 
      4.54000000 -0.340309994695464E+004  0.164321345023443E+000 
      4.56000000 -0.340309994772916E+004  0.164320570502142E+000 
      4.58000000 -0.340309994853213E+004  0.164319767535020E+000 
      4.60000000 -0.340309994936710E+004  0.164318932564851E+000 
      4.62000000 -0.340309995021199E+004  0.164318087666236E+000 
      4.64000000 -0.340309995103486E+004  0.164317264803165E+000 
      4.66000000 -0.340309995186447E+004  0.164316435193004E+000 
      4.68000000 -0.340309995271827E+004  0.164315581387209E+000 
      4.70000000 -0.340309995355140E+004  0.164314748258491E+000 
      4.72000000 -0.340309995438233E+004  0.164313917333947E+000 
      4.74000000 -0.340309995522095E+004  0.164313078714131E+000 
      4.76000000 -0.340309995606872E+004  0.164312230938103E+000 
      4.78000000 -0.340309995692036E+004  0.164311379299745E+000 
      4.80000000 -0.340309995774206E+004  0.164310557599858E+000 
      4.82000000 -0.340309995855478E+004  0.164309744882944E+000 
      4.84000000 -0.340309995931797E+004  0.164308981694573E+000 
      4.86000000 -0.340309996003145E+004  0.164308268214947E+000 
      4.88000000 -0.340309996076485E+004  0.164307534808048E+000 
      4.90000000 -0.340309996151100E+004  0.164306788659869E+000 
      4.92000000 -0.340309996224014E+004  0.164306059517466E+000 
      4.94000000 -0.340309996297123E+004  0.164305328435390E+000 
      4.96000000 -0.340309996369125E+004  0.164304608413237E+000 
      4.98000000 -0.340309996442065E+004  0.164303879009039E+000 
      5.00000000 -0.340309996516843E+004  0.164303131231319E+000 
      5.02000000 -0.340309996595438E+004  0.164302345280414E+000 
      5.04000000 -0.340309996675262E+004  0.164301547040276E+000 
      5.06000000 -0.340309996757585E+004  0.164300723809069E+000 
      5.08000000 -0.340309996840629E+004  0.164299893374470E+000 
      5.10000000 -0.340309996921481E+004  0.164299084850512E+000 
      5.12000000 -0.340309997000312E+004  0.164298296543075E+000 
      5.14000000 -0.340309997077027E+004  0.164297529386032E+000 
      5.16000000 -0.340309997149698E+004  0.164296802685621E+000 
      5.18000000 -0.340309997215871E+004  0.164296140955339E+000 
      5.20000000 -0.340309997278300E+004  0.164295516659264E+000 
      5.22000000 -0.340309997345531E+004  0.164294844346244E+000 
      5.24000000 -0.340309997420071E+004  0.164294098948257E+000 
      5.26000000 -0.340309997495907E+004  0.164293340595919E+000 
      5.28000000 -0.340309997570003E+004  0.164292599631801E+000 
      5.30000000 -0.340309997645525E+004  0.164291844408229E+000 
      5.32000000 -0.340309997726257E+004  0.164291037094632E+000 
      5.34000000 -0.340309997806107E+004  0.164290238594248E+000 
      5.36000000 -0.340309997885805E+004  0.164289441611263E+000 
      5.38000000 -0.340309997965230E+004  0.164288647364159E+000 
      5.40000000 -0.340309998043256E+004  0.164287867098087E+000 
      5.42000000 -0.340309998115458E+004  0.164287145079030E+000 
      5.44000000 -0.340309998185220E+004  0.164286447464809E+000 
      5.46000000 -0.340309998256669E+004  0.164285732974357E+000 
      5.48000000 -0.340309998332258E+004  0.164284977076772E+000 
      5.50000000 -0.340309998408172E+004  0.164284217944080E+000 
      5.52000000 -0.340309998486257E+004  0.164283437089068E+000 
      5.54000000 -0.340309998564723E+004  0.164282652425864E+000 
      5.56000000 -0.340309998642605E+004  0.164281873611839E+000 
      5.58000000 -0.340309998720846E+004  0.164281091202305E+000 
      5.60000000 -0.340309998799275E+004  0.164280306913810E+000 
      5.62000000 -0.340309998878324E+004  0.164279516418441E+000 
      5.64000000 -0.340309998951350E+004  0.164278786158870E+000 
      5.66000000 -0.340309999016129E+004  0.164278138367470E+000 
      5.68000000 -0.340309999082828E+004  0.164277471378882E+000 
      5.70000000 -0.340309999154104E+004  0.164276758616965E+000 
      5.72000000 -0.340309999220482E+004  0.164276094837575E+000 
      5.74000000 -0.340309999279398E+004  0.164275505684527E+000 
      5.76000000 -0.340309999331605E+004  0.164274983611042E+000 
      5.78000000 -0.340309999387398E+004  0.164274425685326E+000 
      5.80000000 -0.340309999449160E+004  0.164273808065576E+000 
      5.82000000 -0.340309999510056E+004  0.164273199097398E+000 
      5.84000000 -0.340309999576164E+004  0.164272538024501E+000 
      5.86000000 -0.340309999651531E+004  0.164271784347331E+000 
      5.88000000 -0.340309999729026E+004  0.164271009397956E+000 
      5.90000000 -0.340309999805903E+004  0.164270240632254E+000 
      5.92000000 -0.340309999883648E+004  0.164269463184430E+000 
      5.94000000 -0.340309999960673E+004  0.164268692935744E+000 
      5.96000000 -0.340310000033566E+004  0.164267963997517E+000 
      5.98000000 -0.340310000093361E+004  0.164267366047498E+000 
      6.00000000 -0.340310000138901E+004  0.164266910654503E+000 
      6.02000000 -0.340310000186931E+004  0.164266430348164E+000 
      6.04000000 -0.340310000247899E+004  0.164265820673878E+000 
      6.06000000 -0.340310000307677E+004  0.164265222893619E+000 
      6.08000000 -0.340310000363590E+004  0.164264663761022E+000 
      6.10000000 -0.340310000425084E+004  0.164264048820695E+000 
      6.12000000 -0.340310000493087E+004  0.164263368789976E+000 
      6.14000000 -0.340310000562635E+004  0.164262673311097E+000 
      6.16000000 -0.340310000631435E+004  0.164261985311325E+000 
      6.18000000 -0.340310000693352E+004  0.164261366136666E+000 
      6.20000000 -0.340310000757269E+004  0.164260726966676E+000 
      6.22000000 -0.340310000828791E+004  0.164260011752713E+000 
      6.24000000 -0.340310000900979E+004  0.164259289868613E+000 
      6.26000000 -0.340310000963249E+004  0.164258667169983E+000 
      6.28000000 -0.340310001027598E+004  0.164258023678268E+000 
      6.30000000 -0.340310001100102E+004  0.164257298641427E+000 
      6.32000000 -0.340310001173754E+004  0.164256562125871E+000 
      6.34000000 -0.340310001248125E+004  0.164255818408469E+000 
      6.36000000 -0.340310001323450E+004  0.164255065158986E+000 
      6.38000000 -0.340310001396709E+004  0.164254332569178E+000 
      6.40000000 -0.340310001468488E+004  0.164253614784840E+000 
      6.42000000 -0.340310001538935E+004  0.164252910309068E+000 
      6.44000000 -0.340310001609895E+004  0.164252200713813E+000 
      6.46000000 -0.340310001679391E+004  0.164251505750401E+000 
      6.48000000 -0.340310001743746E+004  0.164250862205321E+000 
      6.50000000 -0.340310001808158E+004  0.164250218077101E+000 
      6.52000000 -0.340310001876494E+004  0.164249534723108E+000 
      6.54000000 -0.340310001948305E+004  0.164248816613944E+000 
      6.56000000 -0.340310002014427E+004  0.164248155393329E+000 
      6.58000000 -0.340310002080058E+004  0.164247499077193E+000 
      6.60000000 -0.340310002146606E+004  0.164246833602137E+000 
      6.62000000 -0.340310002213258E+004  0.164246167084545E+000 
      6.64000000 -0.340310002278233E+004  0.164245517326791E+000 
      6.66000000 -0.340310002342898E+004  0.164244870678853E+000 
      6.68000000 -0.340310002405199E+004  0.164244247671640E+000 
      6.70000000 -0.340310002469040E+004  0.164243609258416E+000 
      6.72000000 -0.340310002537104E+004  0.164242928620196E+000 
      6.74000000 -0.340310002601645E+004  0.164242283211236E+000 
      6.76000000 -0.340310002656824E+004  0.164241731423176E+000 
      6.78000000 -0.340310002719034E+004  0.164241109316966E+000 
      6.80000000 -0.340310002784513E+004  0.164240454526736E+000 
      6.82000000 -0.340310002850138E+004  0.164239798280205E+000 
      6.84000000 -0.340310002916731E+004  0.164239132347300E+000 
      6.86000000 -0.340310002983445E+004  0.164238465206740E+000 
      6.88000000 -0.340310003045475E+004  0.164237844915686E+000 
      6.90000000 -0.340310003105983E+004  0.164237239829560E+000 
      6.92000000 -0.340310003164164E+004  0.164236658024916E+000 
      6.94000000 -0.340310003221366E+004  0.164236086001000E+000 
      6.96000000 -0.340310003279988E+004  0.164235499777568E+000 
      6.98000000 -0.340310003339542E+004  0.164234904241699E+000 
      7.00000000 -0.340310003403518E+004  0.164234264484703E+000 
      7.02000000 -0.340310003468399E+004  0.164233615675129E+000 
      7.04000000 -0.340310003534661E+004  0.164232953046937E+000 
      7.06000000 -0.340310003604685E+004  0.164232252815164E+000 
      7.08000000 -0.340310003672453E+004  0.164231575135176E+000 
      7.10000000 -0.340310003740774E+004  0.164230891918074E+000 
      7.12000000 -0.340310003811661E+004  0.164230183047876E+000 
      7.14000000 -0.340310003881454E+004  0.164229485118884E+000 
      7.16000000 -0.340310003951802E+004  0.164228781641177E+000 
      7.18000000 -0.340310004021213E+004  0.164228087528498E+000 
      7.20000000 -0.340310004090349E+004  0.164227396167555E+000 
      7.22000000 -0.340310004160196E+004  0.164226697702988E+000 
      7.24000000 -0.340310004227909E+004  0.164226020570177E+000 
      7.26000000 -0.340310004291860E+004  0.164225381061053E+000 
      7.28000000 -0.340310004355154E+004  0.164224748121526E+000 
      7.30000000 -0.340310004423610E+004  0.164224063560651E+000 
      7.32000000 -0.340310004490946E+004  0.164223390201229E+000 
      7.34000000 -0.340310004559577E+004  0.164222703895577E+000 
      7.36000000 -0.340310004622950E+004  0.164222070158681E+000 
      7.38000000 -0.340310004683569E+004  0.164221463967374E+000 
      7.40000000 -0.340310004743575E+004  0.164220863912177E+000 
      7.42000000 -0.340310004802400E+004  0.164220275662066E+000 
      7.44000000 -0.340310004852412E+004  0.164219775541758E+000 
      7.46000000 -0.340310004895945E+004  0.164219340213312E+000 
      7.48000000 -0.340310004937547E+004  0.164218924189169E+000 
      7.50000000 -0.340310004988859E+004  0.164218411075454E+000 
      7.52000000 -0.340310005048768E+004  0.164217811983905E+000 
      7.54000000 -0.340310005114009E+004  0.164217159574569E+000 
      7.56000000 -0.340310005182504E+004  0.164216474621583E+000 
      7.58000000 -0.340310005250996E+004  0.164215789703786E+000 
      7.60000000 -0.340310005316199E+004  0.164215137672640E+000 
      7.62000000 -0.340310005376569E+004  0.164214533969729E+000 
      7.64000000 -0.340310005438832E+004  0.164213911339158E+000 
      7.66000000 -0.340310005505759E+004  0.164213242074858E+000 
      7.68000000 -0.340310005564289E+004  0.164212656767512E+000 
      7.70000000 -0.340310005616123E+004  0.164212138428359E+000 
      7.72000000 -0.340310005671371E+004  0.164211585952752E+000 
      7.74000000 -0.340310005729987E+004  0.164210999788099E+000 
      7.76000000 -0.340310005788233E+004  0.164210417327616E+000 
      7.78000000 -0.340310005848703E+004  0.164209812630121E+000 
      7.80000000 -0.340310005911577E+004  0.164209183886256E+000 
      7.82000000 -0.340310005976824E+004  0.164208531422782E+000 
      7.84000000 -0.340310006036679E+004  0.164207932869516E+000 
      7.86000000 -0.340310006093430E+004  0.164207365359128E+000 
      7.88000000 -0.340310006153666E+004  0.164206763003470E+000 
      7.90000000 -0.340310006217765E+004  0.164206122015230E+000 
      7.92000000 -0.340310006284948E+004  0.164205450180555E+000 
      7.94000000 -0.340310006351468E+004  0.164204784977347E+000 
      7.96000000 -0.340310006413084E+004  0.164204168824725E+000 
      7.98000000 -0.340310006475629E+004  0.164203543375519E+000 
      8.00000000 -0.340310006541759E+004  0.164202882071378E+000 
      8.02000000 -0.340310006606143E+004  0.164202238234341E+000 
      8.04000000 -0.340310006669480E+004  0.164201604861713E+000 
      8.06000000 -0.340310006733658E+004  0.164200963082679E+000 
      8.08000000 -0.340310006797016E+004  0.164200329500848E+000 
      8.10000000 -0.340310006858865E+004  0.164199711009482E+000 
      8.12000000 -0.340310006920041E+004  0.164199099251672E+000 
      8.14000000 -0.340310006983844E+004  0.164198461224372E+000 
      8.16000000 -0.340310007049501E+004  0.164197804647215E+000 
      8.18000000 -0.340310007114513E+004  0.164197154532925E+000 
      8.20000000 -0.340310007179017E+004  0.164196509492101E+000 
      8.22000000 -0.340310007237602E+004  0.164195923638739E+000 
      8.24000000 -0.340310007296124E+004  0.164195338420720E+000 
      8.26000000 -0.340310007357889E+004  0.164194720768487E+000 
      8.28000000 -0.340310007423769E+004  0.164194061975555E+000 
      8.30000000 -0.340310007489976E+004  0.164193399902273E+000 
      8.32000000 -0.340310007554610E+004  0.164192753560600E+000 
      8.34000000 -0.340310007617782E+004  0.164192121843036E+000 
      8.36000000 -0.340310007681709E+004  0.164191482571731E+000 
      8.38000000 -0.340310007746566E+004  0.164190834004616E+000 
      8.40000000 -0.340310007811804E+004  0.164190181624282E+000 
      8.42000000 -0.340310007874635E+004  0.164189553313905E+000 
      8.44000000 -0.340310007935660E+004  0.164188943058027E+000 
      8.46000000 -0.340310007992072E+004  0.164188378940518E+000 
      8.48000000 -0.340310008054032E+004  0.164187759345133E+000 
      8.50000000 -0.340310008120324E+004  0.164187096424984E+000 
      8.52000000 -0.340310008186216E+004  0.164186437500962E+000 
      8.54000000 -0.340310008250278E+004  0.164185796878538E+000 
      8.56000000 -0.340310008311877E+004  0.164185180889103E+000 
      8.58000000 -0.340310008375202E+004  0.164184547637124E+000 
      8.60000000 -0.340310008439227E+004  0.164183907387863E+000 
      8.62000000 -0.340310008502796E+004  0.164183271702013E+000 
      8.64000000 -0.340310008563909E+004  0.164182660569879E+000 
      8.66000000 -0.340310008625834E+004  0.164182041324067E+000 
      8.68000000 -0.340310008690077E+004  0.164181398888034E+000 
      8.70000000 -0.340310008754813E+004  0.164180751530508E+000 
      8.72000000 -0.340310008816999E+004  0.164180129673331E+000 
      8.74000000 -0.340310008866666E+004  0.164179633000427E+000 
      8.76000000 -0.340310008902842E+004  0.164179271237613E+000 
      8.78000000 -0.340310008943263E+004  0.164178867029384E+000 
      8.80000000 -0.340310008993565E+004  0.164178364014262E+000 
      8.82000000 -0.340310009054858E+004  0.164177751078186E+000 
      8.84000000 -0.340310009117728E+004  0.164177122384592E+000 
      8.86000000 -0.340310009180354E+004  0.164176496120230E+000 
      8.88000000 -0.340310009244606E+004  0.164175853602990E+000 
      8.90000000 -0.340310009308788E+004  0.164175211777165E+000 
      8.92000000 -0.340310009371010E+004  0.164174589562293E+000 
      8.94000000 -0.340310009433060E+004  0.164173969062810E+000 
      8.96000000 -0.340310009495448E+004  0.164173345180114E+000 
      8.98000000 -0.340310009557981E+004  0.164172719852332E+000 
      9.00000000 -0.340310009620350E+004  0.164172096157571E+000 
      9.02000000 -0.340310009681852E+004  0.164171481139131E+000 
      9.04000000 -0.340310009744020E+004  0.164170859462155E+000 
      9.06000000 -0.340310009808135E+004  0.164170218310343E+000 
      9.08000000 -0.340310009869030E+004  0.164169609358406E+000 
      9.10000000 -0.340310009926963E+004  0.164169030032104E+000 
      9.12000000 -0.340310009983828E+004  0.164168461380959E+000 
      9.14000000 -0.340310010042320E+004  0.164167876456057E+000 
      9.16000000 -0.340310010101968E+004  0.164167279983607E+000 
      9.18000000 -0.340310010159214E+004  0.164166707523497E+000 
      9.20000000 -0.340310010215437E+004  0.164166145293844E+000 
      9.22000000 -0.340310010272102E+004  0.164165578638829E+000 
      9.24000000 -0.340310010331183E+004  0.164164987826078E+000 
      9.26000000 -0.340310010393133E+004  0.164164368332007E+000 
      9.28000000 -0.340310010455680E+004  0.164163742861533E+000 
      9.30000000 -0.340310010516451E+004  0.164163135147414E+000 
      9.32000000 -0.340310010577020E+004  0.164162529460747E+000 
      9.34000000 -0.340310010638037E+004  0.164161919293035E+000 
      9.36000000 -0.340310010702073E+004  0.164161278932792E+000 
      9.38000000 -0.340310010763007E+004  0.164160669591838E+000 
      9.40000000 -0.340310010823174E+004  0.164160067915993E+000 
      9.42000000 -0.340310010883896E+004  0.164159460697233E+000 
      9.44000000 -0.340310010944700E+004  0.164158852664862E+000 
      9.46000000 -0.340310011003843E+004  0.164158261232622E+000 
      9.48000000 -0.340310011060205E+004  0.164157697614339E+000 
      9.50000000 -0.340310011120065E+004  0.164157099013123E+000 
      9.52000000 -0.340310011179924E+004  0.164156500416159E+000 
      9.54000000 -0.340310011238159E+004  0.164155918070526E+000 
      9.56000000 -0.340310011296612E+004  0.164155333536961E+000 
      9.58000000 -0.340310011353829E+004  0.164154761371901E+000 
      9.60000000 -0.340310011406476E+004  0.164154234901669E+000 
      9.62000000 -0.340310011454993E+004  0.164153749730295E+000 
      9.64000000 -0.340310011506246E+004  0.164153237205133E+000 
      9.66000000 -0.340310011564162E+004  0.164152658040469E+000 
      9.68000000 -0.340310011623956E+004  0.164152060100504E+000 
      9.70000000 -0.340310011683321E+004  0.164151466445916E+000 
      9.72000000 -0.340310011744006E+004  0.164150859601478E+000 
      9.74000000 -0.340310011805913E+004  0.164150240535868E+000 
      9.76000000 -0.340310011865516E+004  0.164149644500386E+000 
      9.78000000 -0.340310011920757E+004  0.164149092091677E+000 
      9.80000000 -0.340310011973117E+004  0.164148568487644E+000 
      9.82000000 -0.340310012030580E+004  0.164147993858937E+000 
      9.84000000 -0.340310012091895E+004  0.164147380708631E+000 
      9.86000000 -0.340310012150679E+004  0.164146792868806E+000 
      9.88000000 -0.340310012204460E+004  0.164146255057524E+000 
      9.90000000 -0.340310012255523E+004  0.164145744426404E+000 
      9.92000000 -0.340310012304788E+004  0.164145251780562E+000 
      9.94000000 -0.340310012356002E+004  0.164144739641710E+000 
      9.96000000 -0.340310012399684E+004  0.164144302822934E+000 
      9.98000000 -0.340310012444089E+004  0.164143858769442E+000 
     10.00000000 -0.340310012497123E+004  0.164143328434948E+000 
     10.02000000 -0.340310012553794E+004  0.164142761718449E+000 
     10.04000000 -0.340310012608863E+004  0.164142211029382E+000 
     10.06000000 -0.340310012661881E+004  0.164141680849566E+000 
     10.08000000 -0.340310012716836E+004  0.164141131296228E+000 
     10.10000000 -0.340310012772927E+004  0.164140570389465E+000 
     10.12000000 -0.340310012831481E+004  0.164139984852808E+000 
     10.14000000 -0.340310012891865E+004  0.164139381015713E+000 
     10.16000000 -0.340310012950038E+004  0.164138799279128E+000 
     10.18000000 -0.340310013007260E+004  0.164138227062250E+000 
     10.20000000 -0.340310013066425E+004  0.164137635412686E+000 
     10.22000000 -0.340310013126211E+004  0.164137037548901E+000 
     10.24000000 -0.340310013184472E+004  0.164136454940313E+000 
     10.26000000 -0.340310013243623E+004  0.164135863434214E+000 
     10.28000000 -0.340310013303397E+004  0.164135265686824E+000 
     10.30000000 -0.340310013362027E+004  0.164134679393787E+000 
     10.32000000 -0.340310013420857E+004  0.164134091095340E+000 
     10.34000000 -0.340310013477472E+004  0.164133524939938E+000 
     10.36000000 -0.340310013535848E+004  0.164132941179767E+000 
     10.38000000 -0.340310013594681E+004  0.164132352848064E+000 
     10.40000000 -0.340310013651743E+004  0.164131782226698E+000 
     10.42000000 -0.340310013705768E+004  0.164131241980385E+000 
     10.44000000 -0.340310013757685E+004  0.164130722807126E+000 
     10.46000000 -0.340310013814625E+004  0.164130153410430E+000 
     10.48000000 -0.340310013870523E+004  0.164129594434446E+000 
     10.50000000 -0.340310013925990E+004  0.164129039762013E+000 
     10.52000000 -0.340310013979239E+004  0.164128507273615E+000 
     10.54000000 -0.340310014029966E+004  0.164127999999412E+000 
     10.56000000 -0.340310014082904E+004  0.164127470618512E+000 
     10.58000000 -0.340310014133856E+004  0.164126961098759E+000 
     10.60000000 -0.340310014182144E+004  0.164126478219338E+000 
     10.62000000 -0.340310014233096E+004  0.164125968699198E+000 
     10.64000000 -0.340310014289472E+004  0.164125404937451E+000 
     10.66000000 -0.340310014348327E+004  0.164124816389197E+000 
     10.68000000 -0.340310014405570E+004  0.164124243959636E+000 
     10.70000000 -0.340310014457468E+004  0.164123724982820E+000 
     10.72000000 -0.340310014503869E+004  0.164123260968801E+000 
     10.74000000 -0.340310014550474E+004  0.164122794919982E+000 
     10.76000000 -0.340310014602973E+004  0.164122269933894E+000 
     10.78000000 -0.340310014658724E+004  0.164121712422718E+000 
     10.80000000 -0.340310014714439E+004  0.164121155268077E+000 
     10.82000000 -0.340310014769535E+004  0.164120604311416E+000 
     10.84000000 -0.340310014824473E+004  0.164120054932092E+000 
     10.86000000 -0.340310014881304E+004  0.164119486625881E+000 
     10.88000000 -0.340310014939243E+004  0.164118907226492E+000 
     10.90000000 -0.340310014993950E+004  0.164118360162324E+000 
     10.92000000 -0.340310015045471E+004  0.164117844952710E+000 
     10.94000000 -0.340310015091254E+004  0.164117387119270E+000 
     10.96000000 -0.340310015136573E+004  0.164116933932381E+000 
     10.98000000 -0.340310015187653E+004  0.164116423134981E+000 
     11.00000000 -0.340310015236989E+004  0.164115929772203E+000 
     11.02000000 -0.340310015282408E+004  0.164115475583383E+000 
     11.04000000 -0.340310015332200E+004  0.164114977659127E+000 
     11.06000000 -0.340310015388293E+004  0.164114416733803E+000 
     11.08000000 -0.340310015443835E+004  0.164113861308084E+000 
     11.10000000 -0.340310015499214E+004  0.164113307518093E+000 
     11.12000000 -0.340310015555127E+004  0.164112748395164E+000 
     11.14000000 -0.340310015611649E+004  0.164112183169382E+000 
     11.16000000 -0.340310015667429E+004  0.164111625374757E+000 
     11.18000000 -0.340310015721711E+004  0.164111082548788E+000 
     11.20000000 -0.340310015776064E+004  0.164110539018257E+000 
     11.22000000 -0.340310015833073E+004  0.164109968929373E+000 
     11.24000000 -0.340310015890518E+004  0.164109394482413E+000 
     11.26000000 -0.340310015947555E+004  0.164108824112787E+000 
     11.28000000 -0.340310016002010E+004  0.164108279557509E+000 
     11.30000000 -0.340310016056324E+004  0.164107736422955E+000 
     11.32000000 -0.340310016110467E+004  0.164107194990255E+000 
     11.34000000 -0.340310016164813E+004  0.164106651535130E+000 
     11.36000000 -0.340310016218734E+004  0.164106112321685E+000 
     11.38000000 -0.340310016273784E+004  0.164105561823646E+000 
     11.40000000 -0.340310016329666E+004  0.164105003004661E+000 
     11.42000000 -0.340310016383459E+004  0.164104465070022E+000 
     11.44000000 -0.340310016436810E+004  0.164103931559198E+000 
     11.46000000 -0.340310016492024E+004  0.164103379416924E+000 
     11.48000000 -0.340310016547484E+004  0.164102824823377E+000 
     11.50000000 -0.340310016601895E+004  0.164102280706999E+000 
     11.52000000 -0.340310016654622E+004  0.164101753444813E+000 
     11.54000000 -0.340310016706717E+004  0.164101232495068E+000 
     11.56000000 -0.340310016757112E+004  0.164100728538339E+000 
     11.58000000 -0.340310016809421E+004  0.164100205454413E+000 
     11.60000000 -0.340310016862707E+004  0.164099672593240E+000 
     11.62000000 -0.340310016914451E+004  0.164099155147744E+000 
     11.64000000 -0.340310016962358E+004  0.164098676079996E+000 
     11.66000000 -0.340310017007107E+004  0.164098228589155E+000 
     11.68000000 -0.340310017060126E+004  0.164097698405472E+000 
     11.70000000 -0.340310017115500E+004  0.164097144657245E+000 
     11.72000000 -0.340310017170510E+004  0.164096594557891E+000 
     11.74000000 -0.340310017222821E+004  0.164096071450377E+000 
     11.76000000 -0.340310017274678E+004  0.164095552884620E+000 
     11.78000000 -0.340310017327626E+004  0.164095023403566E+000 
     11.80000000 -0.340310017379957E+004  0.164094500089942E+000 
     11.82000000 -0.340310017429668E+004  0.164094002978910E+000 
     11.84000000 -0.340310017478867E+004  0.164093510990454E+000 
     11.86000000 -0.340310017531092E+004  0.164092988739088E+000 
     11.88000000 -0.340310017586187E+004  0.164092437787067E+000 
     11.90000000 -0.340310017640491E+004  0.164091894747641E+000 
     11.92000000 -0.340310017694091E+004  0.164091358747648E+000 
     11.94000000 -0.340310017746672E+004  0.164090832940988E+000 
     11.96000000 -0.340310017797010E+004  0.164090329564304E+000 
     11.98000000 -0.340310017842524E+004  0.164089874418022E+000 
     12.00000000 -0.340310017888216E+004  0.164089417496800E+000 
