# Real time calculation: 
# Eall: Total energy
# Eall0: Initial total energy
# 1:Time[fs] 2:Eall[eV] 3:Eall-Eall0[eV] 
      0.00000000 -0.340326426829966E+004  0.000000000000000E+000 
      0.02000000 -0.340326426829986E+004 -0.198375581286570E-009 
      0.04000000 -0.340326426830005E+004 -0.393657586256779E-009 
      0.06000000 -0.340326426830025E+004 -0.587006106029264E-009 
      0.08000000 -0.340326426830044E+004 -0.778807837643569E-009 
      0.10000000 -0.340326426830063E+004 -0.968289387020604E-009 
      0.12000000 -0.340326426830082E+004 -0.115777093639764E-008 
      0.14000000 -0.340326426830100E+004 -0.134415890945832E-008 
      0.16000000 -0.340326426830119E+004 -0.153016018547945E-008 
      0.18000000 -0.340326426830138E+004 -0.171693485557967E-008 
      0.20000000 -0.340326426830156E+004 -0.190254943456125E-008 
      0.22000000 -0.340326426830175E+004 -0.208661722538466E-008 
      0.24000000 -0.340326426830193E+004 -0.227145841028715E-008 
      0.26000000 -0.340326426830212E+004 -0.245552620111056E-008 
      0.28000000 -0.340326426830230E+004 -0.263959399193396E-008 
      0.30000000 -0.340326426830248E+004 -0.282288838867828E-008 
      0.32000000 -0.340326426830267E+004 -0.300618278542260E-008 
      0.34000000 -0.340326426830285E+004 -0.318870378808782E-008 
      0.36000000 -0.340326426830303E+004 -0.337277157891123E-008 
      0.38000000 -0.340326426830322E+004 -0.355606597565554E-008 
      0.40000000 -0.340326426830340E+004 -0.373820028128122E-008 
      0.42000000 -0.340326426830358E+004 -0.392110798098599E-008 
      0.44000000 -0.340326426830377E+004 -0.410440237773031E-008 
      0.46000000 -0.340326426830395E+004 -0.428653668335599E-008 
      0.48000000 -0.340326426830413E+004 -0.446828429194213E-008 
      0.50000000 -0.340326426830431E+004 -0.465041859756781E-008 
      0.52000000 -0.340326426830449E+004 -0.483371299431212E-008 
      0.54000000 -0.340326426830468E+004 -0.501623399697735E-008 
      0.56000000 -0.340326426830486E+004 -0.519682151444485E-008 
      0.58000000 -0.340326426830504E+004 -0.537779572895190E-008 
      0.60000000 -0.340326426830522E+004 -0.555644976122167E-008 
      0.62000000 -0.340326426830539E+004 -0.573394370237281E-008 
      0.64000000 -0.340326426830557E+004 -0.590757067312850E-008 
      0.66000000 -0.340326426830574E+004 -0.607617058237011E-008 
      0.68000000 -0.340326426830590E+004 -0.623742324786036E-008 
      0.70000000 -0.340326426830605E+004 -0.638978188144108E-008 
      0.72000000 -0.340326426830619E+004 -0.652589923936091E-008 
      0.74000000 -0.340326426830630E+004 -0.664384183642213E-008 
      0.76000000 -0.340326426830639E+004 -0.673239545847792E-008 
      0.78000000 -0.340326426830645E+004 -0.678575964993513E-008 
      0.80000000 -0.340326426830645E+004 -0.679078671144922E-008 
      0.82000000 -0.340326426830640E+004 -0.673471564071519E-008 
      0.84000000 -0.340326426830626E+004 -0.660207855615127E-008 
      0.86000000 -0.340326426830604E+004 -0.637431399985928E-008 
      0.88000000 -0.340326426830569E+004 -0.603324721098062E-008 
      0.90000000 -0.340326426830522E+004 -0.555683645826122E-008 
      0.92000000 -0.340326426830459E+004 -0.492806707196110E-008 
      0.94000000 -0.340326426830379E+004 -0.413069777641937E-008 
      0.96000000 -0.340326426830281E+004 -0.315312766044968E-008 
      0.98000000 -0.340326426830165E+004 -0.199148975365659E-008 
      1.00000000 -0.340326426830032E+004 -0.654291390910089E-009 
      1.02000000 -0.340326426829883E+004  0.834105514298500E-009 
      1.04000000 -0.340326426829723E+004  0.243309777281695E-008 
      1.06000000 -0.340326426829558E+004  0.407965376719943E-008 
      1.08000000 -0.340326426829397E+004  0.569372721026014E-008 
      1.10000000 -0.340326426829249E+004  0.717284338651964E-008 
      1.12000000 -0.340326426829125E+004  0.840988721602400E-008 
      1.14000000 -0.340326426829036E+004  0.930315737737288E-008 
      1.16000000 -0.340326426828988E+004  0.978304840344819E-008 
      1.18000000 -0.340326426828981E+004  0.985458735576401E-008 
      1.20000000 -0.340326426829001E+004  0.965505168335881E-008 
      1.22000000 -0.340326426829012E+004  0.953710908629759E-008 
      1.24000000 -0.340326426828949E+004  0.101732257163491E-007 
      1.26000000 -0.340326426828695E+004  0.127118917809618E-007 
      1.28000000 -0.340326426828071E+004  0.189539553932967E-007 
      1.30000000 -0.340326426826806E+004  0.315981751923381E-007 
      1.32000000 -0.340326426824514E+004  0.545258293639989E-007 
      1.34000000 -0.340326426820650E+004  0.931603438878973E-007 
      1.36000000 -0.340326426814478E+004  0.154882991854868E-006 
      1.38000000 -0.340326426805012E+004  0.249537146406527E-006 
      1.40000000 -0.340326426790967E+004  0.389992471715972E-006 
      1.42000000 -0.340326426770687E+004  0.592794187317173E-006 
      1.44000000 -0.340326426742078E+004  0.878885031477807E-006 
      1.46000000 -0.340326426702527E+004  0.127438793600730E-005 
      1.48000000 -0.340326426648821E+004  0.181144825240893E-005 
      1.50000000 -0.340326426577055E+004  0.252910846058333E-005 
      1.52000000 -0.340326426482547E+004  0.347419370504900E-005 
      1.54000000 -0.340326426359748E+004  0.470218341006946E-005 
      1.56000000 -0.340326426202165E+004  0.627801174252508E-005 
      1.58000000 -0.340326426002288E+004  0.827678145464815E-005 
      1.60000000 -0.340326425751536E+004  0.107842990727255E-004 
      1.62000000 -0.340326425440226E+004  0.138974051363705E-004 
      1.64000000 -0.340326425057566E+004  0.177240051342857E-004 
      1.66000000 -0.340326424591692E+004  0.223827431319623E-004 
      1.68000000 -0.340326424029743E+004  0.280022345647529E-004 
      1.70000000 -0.340326423357987E+004  0.347197909110353E-004 
      1.72000000 -0.340326422562011E+004  0.426795546523911E-004 
      1.74000000 -0.340326421626968E+004  0.520299795556957E-004 
      1.76000000 -0.340326420537907E+004  0.629205897652300E-004 
      1.78000000 -0.340326419280165E+004  0.754980076506900E-004 
      1.80000000 -0.340326417839846E+004  0.899012020739653E-004 
      1.82000000 -0.340326416204368E+004  0.106255977182931E-003 
      1.84000000 -0.340326414363091E+004  0.124668754323052E-003 
      1.86000000 -0.340326412307996E+004  0.145219698884202E-003 
      1.88000000 -0.340326410034429E+004  0.167955369576640E-003 
      1.90000000 -0.340326407541862E+004  0.192881036307620E-003 
      1.92000000 -0.340326404834675E+004  0.219952908730991E-003 
      1.94000000 -0.340326401922907E+004  0.249070593334740E-003 
      1.96000000 -0.340326398822954E+004  0.280070124386947E-003 
      1.98000000 -0.340326395558168E+004  0.312717982505977E-003 
      2.00000000 -0.340326392159303E+004  0.346706630243160E-003 
      2.02000000 -0.340326388664759E+004  0.381652072411166E-003 
      2.04000000 -0.340326385120563E+004  0.417094035511433E-003 
      2.06000000 -0.340326381580022E+004  0.452499438340097E-003 
      2.08000000 -0.340326378102988E+004  0.487269777128050E-003 
      2.10000000 -0.340326374754653E+004  0.520753133644115E-003 
      2.12000000 -0.340326371603822E+004  0.552261441217857E-003 
      2.14000000 -0.340326368720599E+004  0.581093668387196E-003 
      2.16000000 -0.340326366173420E+004  0.606565461933367E-003 
      2.18000000 -0.340326364025391E+004  0.628045755489656E-003 
      2.20000000 -0.340326362329898E+004  0.645000681310419E-003 
      2.22000000 -0.340326361125467E+004  0.657044987829645E-003 
      2.24000000 -0.340326360429866E+004  0.664001005159031E-003 
      2.26000000 -0.340326360233478E+004  0.665964885130761E-003 
      2.28000000 -0.340326360491996E+004  0.663379705212746E-003 
      2.30000000 -0.340326361118503E+004  0.657114630419679E-003 
      2.32000000 -0.340326361975058E+004  0.648549077150295E-003 
      2.34000000 -0.340326362863918E+004  0.639660478720864E-003 
      2.36000000 -0.340326363518580E+004  0.633113864894488E-003 
      2.38000000 -0.340326363594849E+004  0.632351166855512E-003 
      2.40000000 -0.340326362662189E+004  0.641677770447787E-003 
      2.42000000 -0.340326360195614E+004  0.666343525724184E-003 
      2.44000000 -0.340326355568456E+004  0.712615100669573E-003 
      2.46000000 -0.340326348046334E+004  0.787836321020177E-003 
      2.48000000 -0.340326336782677E+004  0.900472895643163E-003 
      2.50000000 -0.340326320816181E+004  0.106013785037433E-002 
      2.52000000 -0.340326299070582E+004  0.127759384239988E-002 
      2.54000000 -0.340326270357098E+004  0.156472867653339E-002 
      2.56000000 -0.340326233379925E+004  0.193450040661047E-002 
      2.58000000 -0.340326186745091E+004  0.240084875054423E-002 
      2.60000000 -0.340326128972974E+004  0.297856992074732E-002 
      2.62000000 -0.340326058514715E+004  0.368315250681470E-002 
      2.64000000 -0.340325973772690E+004  0.453057275965772E-002 
      2.66000000 -0.340325873125121E+004  0.553704845419809E-002 
      2.68000000 -0.340325754954818E+004  0.671875148530054E-002 
      2.70000000 -0.340325617681925E+004  0.809148040923953E-002 
      2.72000000 -0.340325459800426E+004  0.967029540130715E-002 
      2.74000000 -0.340325279918031E+004  0.114691193553884E-001 
      2.76000000 -0.340325076798932E+004  0.135003103455273E-001 
      2.78000000 -0.340324849408764E+004  0.157742120237194E-001 
      2.80000000 -0.340324596960971E+004  0.182986899504403E-001 
      2.82000000 -0.340324318963631E+004  0.210786633551879E-001 
      2.84000000 -0.340324015265651E+004  0.241156431553295E-001 
      2.86000000 -0.340323686101136E+004  0.274072882970419E-001 
      2.88000000 -0.340323332130603E+004  0.309469936271407E-001 
      2.90000000 -0.340322954477639E+004  0.347235232702578E-001 
      2.92000000 -0.340322554759537E+004  0.387207042947936E-001 
      2.94000000 -0.340322135110400E+004  0.429171956583427E-001 
      2.96000000 -0.340321698195214E+004  0.472863475199631E-001 
      2.98000000 -0.340321247213413E+004  0.517961655267717E-001 
      3.00000000 -0.340320785890578E+004  0.564093938834285E-001 
      3.02000000 -0.340320318456977E+004  0.610837298920411E-001 
      3.04000000 -0.340319849611871E+004  0.657721809504849E-001 
      3.06000000 -0.340319384472687E+004  0.704235727871619E-001 
      3.08000000 -0.340318928508444E+004  0.749832152167987E-001 
      3.10000000 -0.340318487457119E+004  0.793937284660036E-001 
      3.12000000 -0.340318067226951E+004  0.835960301544276E-001 
      3.14000000 -0.340317673782068E+004  0.875304789779418E-001 
      3.16000000 -0.340317313013250E+004  0.911381671588047E-001 
      3.18000000 -0.340316990595004E+004  0.943623496233964E-001 
      3.20000000 -0.340316711830624E+004  0.971499934172099E-001 
      3.22000000 -0.340316481487303E+004  0.994534266293646E-001 
      3.24000000 -0.340316303623790E+004  0.101232061762488E+000 
      3.26000000 -0.340316181413524E+004  0.102454164416527E+000 
      3.28000000 -0.340316116966540E+004  0.103098634261023E+000 
      3.30000000 -0.340316111153767E+004  0.103156761993109E+000 
      3.32000000 -0.340316163437662E+004  0.102633923039609E+000 
      3.34000000 -0.340316271713317E+004  0.101551166493237E+000 
      3.36000000 -0.340316432164363E+004  0.999466560347080E-001 
      3.38000000 -0.340316639138084E+004  0.978769188238069E-001 
      3.40000000 -0.340316885044120E+004  0.954178584596277E-001 
      3.42000000 -0.340317160281078E+004  0.926654888808988E-001 
      3.44000000 -0.340317453195179E+004  0.897363478704078E-001 
      3.46000000 -0.340317750074804E+004  0.867675516171804E-001 
      3.48000000 -0.340318035184404E+004  0.839164556206865E-001 
      3.50000000 -0.340318290840775E+004  0.813598919146880E-001 
      3.52000000 -0.340318497534138E+004  0.792929582782052E-001 
      3.54000000 -0.340318634095785E+004  0.779273418098830E-001 
      3.56000000 -0.340318677913280E+004  0.774891668561039E-001 
      3.58000000 -0.340318605193390E+004  0.782163657599826E-001 
      3.60000000 -0.340318391271938E+004  0.803555802777088E-001 
      3.62000000 -0.340318010968804E+004  0.841586116158117E-001 
      3.64000000 -0.340317438985181E+004  0.898784478526424E-001 
      3.66000000 -0.340316650339078E+004  0.977649088793622E-001 
      3.68000000 -0.340315620833885E+004  0.108059960811249E+000 
      3.70000000 -0.340314327553595E+004  0.120992763712230E+000 
      3.72000000 -0.340312749377103E+004  0.136774528632921E+000 
      3.74000000 -0.340310867502803E+004  0.155593271629857E+000 
      3.76000000 -0.340308665973616E+004  0.177608563505549E+000 
      3.78000000 -0.340306132191553E+004  0.202946384126487E+000 
      3.80000000 -0.340303257410078E+004  0.231694198876945E+000 
      3.82000000 -0.340300037191804E+004  0.263896381616533E+000 
      3.84000000 -0.340296471818673E+004  0.299550112928630E+000 
      3.86000000 -0.340292566641591E+004  0.338601883748824E+000 
      3.88000000 -0.340288332356698E+004  0.380944732679847E+000 
      3.90000000 -0.340283785196002E+004  0.426416339643223E+000 
      3.92000000 -0.340278947021107E+004  0.474798088591383E+000 
      3.94000000 -0.340273845310217E+004  0.525815197491236E+000 
      3.96000000 -0.340268513030515E+004  0.579137994506381E+000 
      3.98000000 -0.340262988390369E+004  0.634384395973001E+000 
      4.00000000 -0.340257314468583E+004  0.691123613827955E+000 
      4.02000000 -0.340251538721091E+004  0.748881088753570E+000 
      4.04000000 -0.340245712368929E+004  0.807144610367107E+000 
      4.06000000 -0.340239889675059E+004  0.865371549068315E+000 
      4.08000000 -0.340234127121253E+004  0.922997087135338E+000 
      4.10000000 -0.340228482500002E+004  0.979443299644596E+000 
      4.12000000 -0.340223013939725E+004  0.103412890241406E+001 
      4.14000000 -0.340217778884589E+004  0.108647945376991E+001 
      4.16000000 -0.340212833052625E+004  0.113593777340685E+001 
      4.18000000 -0.340208229397494E+004  0.118197432471874E+001 
      4.20000000 -0.340204017099892E+004  0.122409730073705E+001 
      4.22000000 -0.340200240614352E+004  0.126186215613986E+001 
      4.24000000 -0.340196938795667E+004  0.129488034298777E+001 
      4.26000000 -0.340194144126724E+004  0.132282703241760E+001 
      4.28000000 -0.340191882065951E+004  0.134544764015148E+001 
      4.30000000 -0.340190170528100E+004  0.136256301866442E+001 
      4.32000000 -0.340189019506850E+004  0.137407323115759E+001 
      4.34000000 -0.340188430842038E+004  0.137995987927571E+001 
      4.36000000 -0.340188398128521E+004  0.138028701445533E+001 
      4.38000000 -0.340188906758071E+004  0.137520071894936E+001 
      4.40000000 -0.340189934080800E+004  0.136492749165895E+001 
      4.42000000 -0.340191449668507E+004  0.134977161459085E+001 
      4.44000000 -0.340193415659670E+004  0.133011170296152E+001 
      4.46000000 -0.340195787164655E+004  0.130639665311553E+001 
      4.48000000 -0.340198512710385E+004  0.127914119580859E+001 
      4.50000000 -0.340201534706012E+004  0.124892123954342E+001 
      4.52000000 -0.340204789915207E+004  0.121636914759472E+001 
      4.54000000 -0.340208209926184E+004  0.118216903781850E+001 
      4.56000000 -0.340211721617101E+004  0.114705212865185E+001 
      4.58000000 -0.340215247621704E+004  0.111179208261623E+001 
      4.60000000 -0.340218706807257E+004  0.107720022709358E+001 
      4.62000000 -0.340222014783278E+004  0.104412046688171E+001 
      4.64000000 -0.340225084464970E+004  0.101342364995573E+001 
      4.66000000 -0.340227826718685E+004  0.986001112815457E+000 
      4.68000000 -0.340230151117969E+004  0.962757119970119E+000 
      4.70000000 -0.340231966837339E+004  0.944599926273480E+000 
      4.72000000 -0.340233183706653E+004  0.932431233134478E+000 
      4.74000000 -0.340233713442028E+004  0.927133879382391E+000 
      4.76000000 -0.340233471059743E+004  0.929557702233675E+000 
      4.78000000 -0.340232376468025E+004  0.940503619406007E+000 
      4.80000000 -0.340230356218602E+004  0.960706113636049E+000 
      4.82000000 -0.340227345386098E+004  0.990814438677035E+000 
      4.84000000 -0.340223289529656E+004  0.103137300309839E+001 
      4.86000000 -0.340218146678303E+004  0.108280151663021E+001 
      4.88000000 -0.340211889270497E+004  0.114537559469569E+001 
      4.90000000 -0.340204505969633E+004  0.121920860333515E+001 
      4.92000000 -0.340196003271780E+004  0.130423558185816E+001 
      4.94000000 -0.340186406820007E+004  0.140020009958850E+001 
      4.96000000 -0.340175762341766E+004  0.150664488200432E+001 
      4.98000000 -0.340164136132090E+004  0.162290697876441E+001 
      5.00000000 -0.340151615015754E+004  0.174811814211921E+001 
      5.02000000 -0.340138305736038E+004  0.188121093928462E+001 
      5.04000000 -0.340124333735810E+004  0.202093094156280E+001 
      5.06000000 -0.340109841317981E+004  0.216585511985091E+001 
      5.08000000 -0.340094985196148E+004  0.231441633818396E+001 
      5.10000000 -0.340079933471654E+004  0.246493358311888E+001 
      5.12000000 -0.340064862099525E+004  0.261564730440623E+001 
      5.14000000 -0.340049950931547E+004  0.276475898419162E+001 
      5.16000000 -0.340035379449133E+004  0.291047380832682E+001 
      5.18000000 -0.340021322320040E+004  0.305104509925631E+001 
      5.20000000 -0.340007944930602E+004  0.318481899364485E+001 
      5.22000000 -0.339995399057201E+004  0.331027772764852E+001 
      5.24000000 -0.339983818846493E+004  0.342607983472596E+001 
      5.26000000 -0.339973317272083E+004  0.353109557882610E+001 
      5.28000000 -0.339963983225515E+004  0.362443604451405E+001 
      5.30000000 -0.339955879380965E+004  0.370547449001578E+001 
      5.32000000 -0.339949040946132E+004  0.377385883834113E+001 
      5.34000000 -0.339943475376911E+004  0.382951453055029E+001 
      5.36000000 -0.339939163091843E+004  0.387263738123330E+001 
      5.38000000 -0.339936059175533E+004  0.390367654433068E+001 
      5.40000000 -0.339934096010697E+004  0.392330819268793E+001 
      5.42000000 -0.339933186728583E+004  0.393240101383206E+001 
      5.44000000 -0.339933229320622E+004  0.393197509343971E+001 
      5.46000000 -0.339934111213146E+004  0.392315616820197E+001 
      5.48000000 -0.339935714075137E+004  0.390712754828681E+001 
      5.50000000 -0.339937918609095E+004  0.388508220870776E+001 
      5.52000000 -0.339940609069081E+004  0.385817760884985E+001 
      5.54000000 -0.339943677259555E+004  0.382749570410982E+001 
      5.56000000 -0.339947025793942E+004  0.379401036024127E+001 
      5.58000000 -0.339950570432503E+004  0.375856397462850E+001 
      5.60000000 -0.339954241372985E+004  0.372185456980678E+001 
      5.62000000 -0.339957983431977E+004  0.368443397988734E+001 
      5.64000000 -0.339961755126190E+004  0.364671703775856E+001 
      5.66000000 -0.339965526736500E+004  0.360900093465601E+001 
      5.68000000 -0.339969277508456E+004  0.357149321509620E+001 
      5.70000000 -0.339972992206034E+004  0.353434623931634E+001 
      5.72000000 -0.339976657285484E+004  0.349769544481921E+001 
      5.74000000 -0.339980256988938E+004  0.346169841027756E+001 
      5.76000000 -0.339983769669319E+004  0.342657160647256E+001 
      5.78000000 -0.339987164646875E+004  0.339262183091004E+001 
      5.80000000 -0.339990399863218E+004  0.336026966748352E+001 
      5.82000000 -0.339993420542788E+004  0.333006287177885E+001 
      5.84000000 -0.339996158998396E+004  0.330267831569891E+001 
      5.86000000 -0.339998535632677E+004  0.327891197289317E+001 
      5.88000000 -0.340000461098506E+004  0.325965731460158E+001 
      5.90000000 -0.340001839496579E+004  0.324587333386737E+001 
      5.92000000 -0.340002572415063E+004  0.323854414902863E+001 
      5.94000000 -0.340002563560575E+004  0.323863269391172E+001 
      5.96000000 -0.340001723695699E+004  0.324703134266808E+001 
      5.98000000 -0.339999975587083E+004  0.326451242883233E+001 
      6.00000000 -0.339997258678529E+004  0.329168151436786E+001 
      6.02000000 -0.339993533231949E+004  0.332893598016911E+001 
      6.04000000 -0.339988783720666E+004  0.337643109300156E+001 
      6.06000000 -0.339983021309225E+004  0.343405520741289E+001 
      6.08000000 -0.339976285306699E+004  0.350141523267369E+001 
      6.10000000 -0.339968643532802E+004  0.357783297163901E+001 
      6.12000000 -0.339960191585501E+004  0.366235244465333E+001 
      6.14000000 -0.339951051044056E+004  0.375375785910329E+001 
      6.16000000 -0.339941366682182E+004  0.385060147783851E+001 
      6.18000000 -0.339931302802137E+004  0.395124027828752E+001 
      6.20000000 -0.339921038832003E+004  0.405387997963503E+001 
      6.22000000 -0.339910764354680E+004  0.415662475286517E+001 
      6.24000000 -0.339900673757189E+004  0.425753072777444E+001 
      6.26000000 -0.339890960701619E+004  0.435466128346897E+001 
      6.28000000 -0.339881812623362E+004  0.444614206603931E+001 
      6.30000000 -0.339873405457415E+004  0.453021372551101E+001 
      6.32000000 -0.339865898779661E+004  0.460528050305048E+001 
      6.34000000 -0.339859431527957E+004  0.466995302009135E+001 
      6.36000000 -0.339854118439066E+004  0.472308390899568E+001 
      6.38000000 -0.339850047304244E+004  0.476379525721628E+001 
      6.40000000 -0.339847277110945E+004  0.479149719020698E+001 
      6.42000000 -0.339845837102696E+004  0.480589727270478E+001 
      6.44000000 -0.339845726755672E+004  0.480700074293678E+001 
      6.46000000 -0.339846916639733E+004  0.479510190233031E+001 
      6.48000000 -0.339849350104386E+004  0.477076725579928E+001 
      6.50000000 -0.339852945706570E+004  0.473481123396359E+001 
      6.52000000 -0.339857600276816E+004  0.468826553149924E+001 
      6.54000000 -0.339863192503603E+004  0.463234326363522E+001 
      6.56000000 -0.339869586902361E+004  0.456839927604850E+001 
      6.58000000 -0.339876638026270E+004  0.449788803695972E+001 
      6.60000000 -0.339884194771084E+004  0.442232058881615E+001 
      6.62000000 -0.339892104626859E+004  0.434322203107591E+001 
      6.64000000 -0.339900217735779E+004  0.426209094187145E+001 
      6.66000000 -0.339908390628002E+004  0.418036201964131E+001 
      6.68000000 -0.339916489525961E+004  0.409937304004784E+001 
      6.70000000 -0.339924393131013E+004  0.402033698952674E+001 
      6.72000000 -0.339931994832944E+004  0.394431997021976E+001 
      6.74000000 -0.339939204310739E+004  0.387222519227340E+001 
      6.76000000 -0.339945948519743E+004  0.380478310222796E+001 
      6.78000000 -0.339952172083797E+004  0.374254746168991E+001 
      6.80000000 -0.339957837129703E+004  0.368589700263459E+001 
      6.82000000 -0.339962922614838E+004  0.363504215127966E+001 
      6.84000000 -0.339967423207385E+004  0.359003622581162E+001 
      6.86000000 -0.339971347783723E+004  0.355079046243353E+001 
      6.88000000 -0.339974717611109E+004  0.351709218857411E+001 
      6.90000000 -0.339977564287594E+004  0.348862542371691E+001 
      6.92000000 -0.339979927516552E+004  0.346499313413598E+001 
      6.94000000 -0.339981852800278E+004  0.344574029688118E+001 
      6.96000000 -0.339983389144640E+004  0.343037685326336E+001 
      6.98000000 -0.339984586872171E+004  0.341839957795436E+001 
      7.00000000 -0.339985495641309E+004  0.340931188657384E+001 
      7.02000000 -0.339986162761824E+004  0.340264068141608E+001 
      7.04000000 -0.339986631879082E+004  0.339794950884574E+001 
      7.06000000 -0.339986942072772E+004  0.339484757194411E+001 
      7.08000000 -0.339987127381469E+004  0.339299448496964E+001 
      7.10000000 -0.339987216726962E+004  0.339210103004251E+001 
      7.12000000 -0.339987234177284E+004  0.339192652682206E+001 
      7.14000000 -0.339987199460163E+004  0.339227369802665E+001 
      7.16000000 -0.339987128623596E+004  0.339298206370040E+001 
      7.18000000 -0.339987034739708E+004  0.339392090258041E+001 
      7.20000000 -0.339986928561547E+004  0.339498268419328E+001 
      7.22000000 -0.339986819066939E+004  0.339607763027179E+001 
      7.24000000 -0.339986713854184E+004  0.339712975782099E+001 
      7.26000000 -0.339986619385359E+004  0.339807444607377E+001 
      7.28000000 -0.339986541099090E+004  0.339885730876359E+001 
      7.30000000 -0.339986483431943E+004  0.339943398022998E+001 
      7.32000000 -0.339986449794387E+004  0.339977035579097E+001 
      7.34000000 -0.339986442544127E+004  0.339984285839424E+001 
      7.36000000 -0.339986462988884E+004  0.339963841082140E+001 
      7.38000000 -0.339986511435888E+004  0.339915394078073E+001 
      7.40000000 -0.339986587290252E+004  0.339839539713671E+001 
      7.42000000 -0.339986689192162E+004  0.339737637803815E+001 
      7.44000000 -0.339986815175397E+004  0.339611654568730E+001 
      7.46000000 -0.339986962827813E+004  0.339464002152815E+001 
      7.48000000 -0.339987129437297E+004  0.339297392669137E+001 
      7.50000000 -0.339987312112845E+004  0.339114717120834E+001 
      7.52000000 -0.339987507877806E+004  0.338918952159877E+001 
      7.54000000 -0.339987713739008E+004  0.338713090957740E+001 
      7.56000000 -0.339987926740084E+004  0.338500089881657E+001 
      7.58000000 -0.339988144009048E+004  0.338282820918401E+001 
      7.60000000 -0.339988362809136E+004  0.338064020829724E+001 
      7.62000000 -0.339988580598671E+004  0.337846231294874E+001 
      7.64000000 -0.339988795101152E+004  0.337631728813668E+001 
      7.66000000 -0.339989004382162E+004  0.337422447804561E+001 
      7.68000000 -0.339989206925753E+004  0.337219904212713E+001 
      7.70000000 -0.339989401700660E+004  0.337025129306038E+001 
      7.72000000 -0.339989588206044E+004  0.336838623921857E+001 
      7.74000000 -0.339989766487777E+004  0.336660342189123E+001 
      7.76000000 -0.339989937119020E+004  0.336489710945792E+001 
      7.78000000 -0.339990101142719E+004  0.336325687247174E+001 
      7.80000000 -0.339990259977920E+004  0.336166852046146E+001 
      7.82000000 -0.339990415296009E+004  0.336011533956936E+001 
      7.84000000 -0.339990568876468E+004  0.335857953497833E+001 
      7.86000000 -0.339990722454138E+004  0.335704375827898E+001 
      7.88000000 -0.339990877570949E+004  0.335549259017049E+001 
      7.90000000 -0.339991035444550E+004  0.335391385416361E+001 
      7.92000000 -0.339991196864329E+004  0.335229965637425E+001 
      7.94000000 -0.339991362122302E+004  0.335064707663999E+001 
      7.96000000 -0.339991530982662E+004  0.334895847304479E+001 
      7.98000000 -0.339991702689961E+004  0.334724140005368E+001 
      8.00000000 -0.339991876012476E+004  0.334550817490125E+001 
      8.02000000 -0.339992049314633E+004  0.334377515333359E+001 
      8.04000000 -0.339992220650761E+004  0.334206179205440E+001 
      8.06000000 -0.339992387871924E+004  0.334038958042374E+001 
      8.08000000 -0.339992548737985E+004  0.333878091980884E+001 
      8.10000000 -0.339992701028193E+004  0.333725801773112E+001 
      8.12000000 -0.339992842645071E+004  0.333584184894776E+001 
      8.14000000 -0.339992971707952E+004  0.333455122013980E+001 
      8.16000000 -0.339993086633821E+004  0.333340196145474E+001 
      8.18000000 -0.339993186204129E+004  0.333240625837290E+001 
      8.20000000 -0.339993269616792E+004  0.333157213173798E+001 
      8.22000000 -0.339993336522808E+004  0.333090307157816E+001 
      8.24000000 -0.339993387046923E+004  0.333039783042696E+001 
      8.26000000 -0.339993421791727E+004  0.333005038239331E+001 
      8.28000000 -0.339993441824588E+004  0.332985005378355E+001 
      8.30000000 -0.339993448647116E+004  0.332978182850236E+001 
      8.32000000 -0.339993444147355E+004  0.332982682611280E+001 
      8.34000000 -0.339993430535682E+004  0.332996294284350E+001 
      8.36000000 -0.339993410266316E+004  0.333016563650202E+001 
      8.38000000 -0.339993385947302E+004  0.333040882664143E+001 
      8.40000000 -0.339993360242699E+004  0.333066587266824E+001 
      8.42000000 -0.339993335771380E+004  0.333091058585763E+001 
      8.44000000 -0.339993315007214E+004  0.333111822751785E+001 
      8.46000000 -0.339993300185471E+004  0.333126644494826E+001 
      8.48000000 -0.339993293220016E+004  0.333133609950270E+001 
      8.50000000 -0.339993295635301E+004  0.333131194664884E+001 
      8.52000000 -0.339993308516376E+004  0.333118313589861E+001 
      8.54000000 -0.339993332479142E+004  0.333094350823623E+001 
      8.56000000 -0.339993367661996E+004  0.333059167969775E+001 
      8.58000000 -0.339993413738837E+004  0.333013091129465E+001 
      8.60000000 -0.339993469952270E+004  0.332956877696486E+001 
      8.62000000 -0.339993535164758E+004  0.332891665208047E+001 
      8.64000000 -0.339993607924526E+004  0.332818905439836E+001 
      8.66000000 -0.339993686542294E+004  0.332740287672342E+001 
      8.68000000 -0.339993769174428E+004  0.332657655538340E+001 
      8.70000000 -0.339993853907937E+004  0.332572922028975E+001 
      8.72000000 -0.339993938842859E+004  0.332487987107143E+001 
      8.74000000 -0.339994022168022E+004  0.332404661944065E+001 
      8.76000000 -0.339994102226844E+004  0.332324603122481E+001 
      8.78000000 -0.339994177570667E+004  0.332249259299486E+001 
      8.80000000 -0.339994246998086E+004  0.332179831879866E+001 
      8.82000000 -0.339994309579661E+004  0.332117250304998E+001 
      8.84000000 -0.339994364668290E+004  0.332062161676299E+001 
      8.86000000 -0.339994411896292E+004  0.332014933674246E+001 
      8.88000000 -0.339994451160836E+004  0.331975669130361E+001 
      8.90000000 -0.339994482599775E+004  0.331944230191402E+001 
      8.92000000 -0.339994506560194E+004  0.331920269772261E+001 
      8.94000000 -0.339994523562031E+004  0.331903267935294E+001 
      8.96000000 -0.339994534259070E+004  0.331892570895878E+001 
      8.98000000 -0.339994539399404E+004  0.331887430562061E+001 
      9.00000000 -0.339994539787194E+004  0.331887042772023E+001 
      9.02000000 -0.339994536247246E+004  0.331890582720427E+001 
      9.04000000 -0.339994529593565E+004  0.331897236401383E+001 
      9.06000000 -0.339994520602729E+004  0.331906227236786E+001 
      9.08000000 -0.339994509992568E+004  0.331916837397830E+001 
      9.10000000 -0.339994498406328E+004  0.331928423638542E+001 
      9.12000000 -0.339994486402216E+004  0.331940427749760E+001 
      9.14000000 -0.339994474447978E+004  0.331952381988545E+001 
      9.16000000 -0.339994462919930E+004  0.331963910036187E+001 
      9.18000000 -0.339994452105786E+004  0.331974724179687E+001 
      9.20000000 -0.339994442210479E+004  0.331984619487092E+001 
      9.22000000 -0.339994433364198E+004  0.331993465768143E+001 
      9.24000000 -0.339994425631900E+004  0.332001198065974E+001 
      9.26000000 -0.339994419023606E+004  0.332007806359911E+001 
      9.28000000 -0.339994413504921E+004  0.332013325044724E+001 
      9.30000000 -0.339994409007309E+004  0.332017822657009E+001 
      9.32000000 -0.339994405437755E+004  0.332021392211402E+001 
      9.34000000 -0.339994402687539E+004  0.332024142426927E+001 
      9.36000000 -0.339994400639922E+004  0.332026190043900E+001 
      9.38000000 -0.339994399176602E+004  0.332027653363695E+001 
      9.40000000 -0.339994398182900E+004  0.332028647065922E+001 
      9.42000000 -0.339994397551683E+004  0.332029278282946E+001 
      9.44000000 -0.339994397186122E+004  0.332029643843667E+001 
      9.46000000 -0.339994397001427E+004  0.332029828538680E+001 
      9.48000000 -0.339994396925735E+004  0.332029904231455E+001 
      9.50000000 -0.339994396900325E+004  0.332029929640815E+001 
      9.52000000 -0.339994396879326E+004  0.332029950640475E+001 
      9.54000000 -0.339994396829012E+004  0.332030000954091E+001 
      9.56000000 -0.339994396726808E+004  0.332030103157693E+001 
      9.58000000 -0.339994396560041E+004  0.332030269924813E+001 
      9.60000000 -0.339994396324512E+004  0.332030505454555E+001 
      9.62000000 -0.339994396022944E+004  0.332030807021711E+001 
      9.64000000 -0.339994395663379E+004  0.332031166587467E+001 
      9.66000000 -0.339994395257574E+004  0.332031572391981E+001 
      9.68000000 -0.339994394819504E+004  0.332032010462186E+001 
      9.70000000 -0.339994394364005E+004  0.332032465961214E+001 
      9.72000000 -0.339994393905640E+004  0.332032924325782E+001 
      9.74000000 -0.339994393457814E+004  0.332033372152238E+001 
      9.76000000 -0.339994393032144E+004  0.332033797822539E+001 
      9.78000000 -0.339994392638088E+004  0.332034191877688E+001 
      9.80000000 -0.339994392282783E+004  0.332034547183513E+001 
      9.82000000 -0.339994391971029E+004  0.332034858936771E+001 
      9.84000000 -0.339994391705393E+004  0.332035124573044E+001 
      9.86000000 -0.339994391486346E+004  0.332035343620211E+001 
      9.88000000 -0.339994391312435E+004  0.332035517531211E+001 
      9.90000000 -0.339994391180469E+004  0.332035649497569E+001 
      9.92000000 -0.339994391085731E+004  0.332035744235018E+001 
      9.94000000 -0.339994391022254E+004  0.332035807712343E+001 
      9.96000000 -0.339994390983160E+004  0.332035846806060E+001 
      9.98000000 -0.339994390961096E+004  0.332035868869988E+001 
     10.00000000 -0.339994390948733E+004  0.332035881232731E+001 
     10.02000000 -0.339994390939306E+004  0.332035890660405E+001 
     10.04000000 -0.339994390927128E+004  0.332035902837881E+001 
     10.06000000 -0.339994390908029E+004  0.332035921937157E+001 
     10.08000000 -0.339994390879628E+004  0.332035950337889E+001 
     10.10000000 -0.339994390841412E+004  0.332035988554191E+001 
     10.12000000 -0.339994390794571E+004  0.332036035395384E+001 
     10.14000000 -0.339994390741609E+004  0.332036088357371E+001 
     10.16000000 -0.339994390685766E+004  0.332036144200098E+001 
     10.18000000 -0.339994390630339E+004  0.332036199626970E+001 
     10.20000000 -0.339994390578013E+004  0.332036251953421E+001 
     10.22000000 -0.339994390530329E+004  0.332036299636685E+001 
     10.24000000 -0.339994390487411E+004  0.332036342554952E+001 
     10.26000000 -0.339994390448002E+004  0.332036381964369E+001 
     10.28000000 -0.339994390409836E+004  0.332036420129626E+001 
     10.30000000 -0.339994390370263E+004  0.332036459703505E+001 
     10.32000000 -0.339994390326969E+004  0.332036502997332E+001 
     10.34000000 -0.339994390278644E+004  0.332036551322436E+001 
     10.36000000 -0.339994390225394E+004  0.332036604571894E+001 
     10.38000000 -0.339994390168810E+004  0.332036661155648E+001 
     10.40000000 -0.339994390111660E+004  0.332036718306300E+001 
     10.42000000 -0.339994390057288E+004  0.332036772677992E+001 
     10.44000000 -0.339994390008889E+004  0.332036821076916E+001 
     10.46000000 -0.339994389968828E+004  0.332036861138420E+001 
     10.48000000 -0.339994389938182E+004  0.332036891783889E+001 
     10.50000000 -0.339994389916596E+004  0.332036913369743E+001 
     10.52000000 -0.339994389902435E+004  0.332036927531169E+001 
     10.54000000 -0.339994389893162E+004  0.332036936803932E+001 
     10.56000000 -0.339994389885806E+004  0.332036944160457E+001 
     10.58000000 -0.339994389877376E+004  0.332036952590259E+001 
     10.60000000 -0.339994389865146E+004  0.332036964820326E+001 
     10.62000000 -0.339994389846768E+004  0.332036983198025E+001 
     10.64000000 -0.339994389820261E+004  0.332037009704870E+001 
     10.66000000 -0.339994389783942E+004  0.332037046024191E+001 
     10.68000000 -0.339994389736385E+004  0.332037093581391E+001 
     10.70000000 -0.339994389676466E+004  0.332037153500407E+001 
     10.72000000 -0.339994389603505E+004  0.332037226460587E+001 
     10.74000000 -0.339994389517480E+004  0.332037312486216E+001 
     10.76000000 -0.339994389419234E+004  0.332037410732283E+001 
     10.78000000 -0.339994389310625E+004  0.332037519340671E+001 
     10.80000000 -0.339994389194531E+004  0.332037635434856E+001 
     10.82000000 -0.339994389074679E+004  0.332037755287002E+001 
     10.84000000 -0.339994388955309E+004  0.332037874657207E+001 
     10.86000000 -0.339994388840702E+004  0.332037989263885E+001 
     10.88000000 -0.339994388734653E+004  0.332038095313498E+001 
     10.90000000 -0.339994388639965E+004  0.332038190000600E+001 
     10.92000000 -0.339994388558072E+004  0.332038271893945E+001 
     10.94000000 -0.339994388488827E+004  0.332038341139359E+001 
     10.96000000 -0.339994388430519E+004  0.332038399447278E+001 
     10.98000000 -0.339994388380098E+004  0.332038449868512E+001 
     11.00000000 -0.339994388333570E+004  0.332038496396016E+001 
     11.02000000 -0.339994388286510E+004  0.332038543456311E+001 
     11.04000000 -0.339994388234604E+004  0.332038595361610E+001 
     11.06000000 -0.339994388174175E+004  0.332038655790950E+001 
     11.08000000 -0.339994388102609E+004  0.332038727357397E+001 
     11.10000000 -0.339994388018665E+004  0.332038811301397E+001 
     11.12000000 -0.339994387922627E+004  0.332038907339037E+001 
     11.14000000 -0.339994387816286E+004  0.332039013679795E+001 
     11.16000000 -0.339994387702749E+004  0.332039127217487E+001 
     11.18000000 -0.339994387586079E+004  0.332039243886962E+001 
     11.20000000 -0.339994387470807E+004  0.332039359158681E+001 
     11.22000000 -0.339994387361339E+004  0.332039468627199E+001 
     11.24000000 -0.339994387261337E+004  0.332039568629219E+001 
     11.26000000 -0.339994387173155E+004  0.332039656810955E+001 
     11.28000000 -0.339994387097405E+004  0.332039732560612E+001 
     11.30000000 -0.339994387032739E+004  0.332039797227108E+001 
     11.32000000 -0.339994386975900E+004  0.332039854066043E+001 
     11.34000000 -0.339994386922074E+004  0.332039907891757E+001 
     11.36000000 -0.339994386865508E+004  0.332039964458303E+001 
     11.38000000 -0.339994386800322E+004  0.332040029644093E+001 
     11.40000000 -0.339994386721409E+004  0.332040108557281E+001 
     11.42000000 -0.339994386625263E+004  0.332040204702771E+001 
     11.44000000 -0.339994386510614E+004  0.332040319351908E+001 
     11.46000000 -0.339994386378742E+004  0.332040451223681E+001 
     11.48000000 -0.339994386233431E+004  0.332040596535457E+001 
     11.50000000 -0.339994386080545E+004  0.332040749421313E+001 
     11.52000000 -0.339994385927310E+004  0.332040902656511E+001 
     11.54000000 -0.339994385781381E+004  0.332041048585456E+001 
     11.56000000 -0.339994385649841E+004  0.332041180125558E+001 
     11.58000000 -0.339994385538249E+004  0.332041291717237E+001 
     11.60000000 -0.339994385449860E+004  0.332041380105700E+001 
     11.62000000 -0.339994385385108E+004  0.332041444858274E+001 
     11.64000000 -0.339994385341407E+004  0.332041488559139E+001 
     11.66000000 -0.339994385313319E+004  0.332041516646762E+001 
     11.68000000 -0.339994385293064E+004  0.332041536901953E+001 
     11.70000000 -0.339994385271346E+004  0.332041558620367E+001 
     11.72000000 -0.339994385238414E+004  0.332041591552183E+001 
     11.74000000 -0.339994385185247E+004  0.332041644718888E+001 
     11.76000000 -0.339994385104709E+004  0.332041725256822E+001 
     11.78000000 -0.339994384992520E+004  0.332041837446334E+001 
     11.80000000 -0.339994384847889E+004  0.332041982077562E+001 
     11.82000000 -0.339994384673707E+004  0.332042156259482E+001 
     11.84000000 -0.339994384476253E+004  0.332042353712945E+001 
     11.86000000 -0.339994384264458E+004  0.332042565507610E+001 
     11.88000000 -0.339994384048839E+004  0.332042781127249E+001 
     11.90000000 -0.339994383840261E+004  0.332042989704827E+001 
     11.92000000 -0.339994383648718E+004  0.332043181248013E+001 
     11.94000000 -0.339994383482265E+004  0.332043347700825E+001 
     11.96000000 -0.339994383346241E+004  0.332043483725337E+001 
     11.98000000 -0.339994383242829E+004  0.332043587137600E+001 
     12.00000000 -0.339994383170979E+004  0.332043658987379E+001 
     12.02000000 -0.339994383126662E+004  0.332043703304020E+001 
     12.04000000 -0.339994383103403E+004  0.332043726562957E+001 
     12.06000000 -0.339994383093019E+004  0.332043736947397E+001 
     12.08000000 -0.339994383086477E+004  0.332043743488919E+001 
     12.10000000 -0.339994383074790E+004  0.332043755176412E+001 
     12.12000000 -0.339994383049843E+004  0.332043780122779E+001 
     12.14000000 -0.339994383005100E+004  0.332043824865947E+001 
     12.16000000 -0.339994382936103E+004  0.332043893863449E+001 
     12.18000000 -0.339994382840754E+004  0.332043989212266E+001 
     12.20000000 -0.339994382719366E+004  0.332044110599599E+001 
     12.22000000 -0.339994382574508E+004  0.332044255458359E+001 
     12.24000000 -0.339994382410678E+004  0.332044419288399E+001 
     12.26000000 -0.339994382233871E+004  0.332044596095528E+001 
     12.28000000 -0.339994382051066E+004  0.332044778900134E+001 
     12.30000000 -0.339994381869682E+004  0.332044960283667E+001 
     12.32000000 -0.339994381697022E+004  0.332045132944011E+001 
     12.34000000 -0.339994381539723E+004  0.332045290242700E+001 
     12.36000000 -0.339994381403243E+004  0.332045426723244E+001 
     12.38000000 -0.339994381291392E+004  0.332045538573893E+001 
     12.40000000 -0.339994381205967E+004  0.332045623999368E+001 
     12.42000000 -0.339994381146505E+004  0.332045683460727E+001 
     12.44000000 -0.339994381110227E+004  0.332045719738865E+001 
     12.46000000 -0.339994381092179E+004  0.332045737786828E+001 
     12.48000000 -0.339994381085613E+004  0.332045744352711E+001 
     12.50000000 -0.339994381082585E+004  0.332045747381245E+001 
     12.52000000 -0.339994381074733E+004  0.332045755232974E+001 
     12.54000000 -0.339994381054173E+004  0.332045775793192E+001 
     12.56000000 -0.339994381014394E+004  0.332045815572097E+001 
     12.58000000 -0.339994380951053E+004  0.332045878912763E+001 
     12.60000000 -0.339994380862544E+004  0.332045967421838E+001 
     12.62000000 -0.339994380750246E+004  0.332046079720591E+001 
     12.64000000 -0.339994380618399E+004  0.332046211566610E+001 
     12.66000000 -0.339994380473615E+004  0.332046356351086E+001 
     12.68000000 -0.339994380324053E+004  0.332046505913397E+001 
     12.70000000 -0.339994380178400E+004  0.332046651566008E+001 
     12.72000000 -0.339994380044779E+004  0.332046785186734E+001 
     12.74000000 -0.339994379929746E+004  0.332046900220480E+001 
     12.76000000 -0.339994379837520E+004  0.332046992445674E+001 
     12.78000000 -0.339994379769571E+004  0.332047060394609E+001 
     12.80000000 -0.339994379724587E+004  0.332047105379191E+001 
     12.82000000 -0.339994379698835E+004  0.332047131131164E+001 
     12.84000000 -0.339994379686830E+004  0.332047143136135E+001 
     12.86000000 -0.339994379682183E+004  0.332047147783306E+001 
     12.88000000 -0.339994379678490E+004  0.332047151476185E+001 
     12.90000000 -0.339994379670121E+004  0.332047159844928E+001 
     12.92000000 -0.339994379652804E+004  0.332047177161685E+001 
     12.94000000 -0.339994379623945E+004  0.332047206021427E+001 
     12.96000000 -0.339994379582680E+004  0.332047247286022E+001 
     12.98000000 -0.339994379529715E+004  0.332047300251220E+001 
     13.00000000 -0.339994379467001E+004  0.332047362965127E+001 
     13.02000000 -0.339994379397349E+004  0.332047432616882E+001 
     13.04000000 -0.339994379324041E+004  0.332047505924857E+001 
     13.06000000 -0.339994379250483E+004  0.332047579482948E+001 
     13.08000000 -0.339994379179922E+004  0.332047650044292E+001 
     13.10000000 -0.339994379115210E+004  0.332047714756378E+001 
     13.12000000 -0.339994379058601E+004  0.332047771365422E+001 
     13.14000000 -0.339994379011558E+004  0.332047818408006E+001 
     13.16000000 -0.339994378974577E+004  0.332047855388927E+001 
     13.18000000 -0.339994378947045E+004  0.332047882920867E+001 
     13.20000000 -0.339994378927185E+004  0.332047902780815E+001 
     13.22000000 -0.339994378912125E+004  0.332047917840769E+001 
     13.24000000 -0.339994378898125E+004  0.332047931840826E+001 
     13.26000000 -0.339994378880954E+004  0.332047949011992E+001 
     13.28000000 -0.339994378856378E+004  0.332047973588136E+001 
     13.30000000 -0.339994378820685E+004  0.332048009281549E+001 
     13.32000000 -0.339994378771160E+004  0.332048058805877E+001 
     13.34000000 -0.339994378706444E+004  0.332048123521715E+001 
     13.36000000 -0.339994378626713E+004  0.332048203252883E+001 
     13.38000000 -0.339994378533677E+004  0.332048296288672E+001 
     13.40000000 -0.339994378430412E+004  0.332048399553796E+001 
     13.42000000 -0.339994378321057E+004  0.332048508909476E+001 
     13.44000000 -0.339994378210426E+004  0.332048619540367E+001 
     13.46000000 -0.339994378103575E+004  0.332048726391526E+001 
     13.48000000 -0.339994378005338E+004  0.332048824628506E+001 
     13.50000000 -0.339994377919858E+004  0.332048910108582E+001 
     13.52000000 -0.339994377850110E+004  0.332048979856238E+001 
     13.54000000 -0.339994377797444E+004  0.332049032522364E+001 
     13.56000000 -0.339994377761179E+004  0.332049068786928E+001 
     13.58000000 -0.339994377738333E+004  0.332049091632642E+001 
     13.60000000 -0.339994377723579E+004  0.332049106387338E+001 
     13.62000000 -0.339994377709528E+004  0.332049120438207E+001 
     13.64000000 -0.339994377687418E+004  0.332049142548422E+001 
     13.66000000 -0.339994377648177E+004  0.332049181789161E+001 
     13.68000000 -0.339994377583764E+004  0.332049246201597E+001 
     13.70000000 -0.339994377488558E+004  0.332049341407993E+001 
     13.72000000 -0.339994377360513E+004  0.332049469453089E+001 
     13.74000000 -0.339994377201814E+004  0.332049628151814E+001 
     13.76000000 -0.339994377018835E+004  0.332049811131207E+001 
     13.78000000 -0.339994376821362E+004  0.332050008604238E+001 
     13.80000000 -0.339994376621220E+004  0.332050208746058E+001 
     13.82000000 -0.339994376430561E+004  0.332050399405370E+001 
     13.84000000 -0.339994376260146E+004  0.332050569820126E+001 
     13.86000000 -0.339994376117939E+004  0.332050712027189E+001 
     13.88000000 -0.339994376008212E+004  0.332050821753673E+001 
     13.90000000 -0.339994375931266E+004  0.332050898700080E+001 
     13.92000000 -0.339994375883710E+004  0.332050946256237E+001 
     13.94000000 -0.339994375859192E+004  0.332050970773719E+001 
     13.96000000 -0.339994375849406E+004  0.332050980560480E+001 
     13.98000000 -0.339994375845204E+004  0.332050984762330E+001 
     14.00000000 -0.339994375837698E+004  0.332050992268042E+001 
     14.02000000 -0.339994375819220E+004  0.332051010745741E+001 
     14.04000000 -0.339994375784078E+004  0.332051045887608E+001 
     14.06000000 -0.339994375729043E+004  0.332051100923452E+001 
     14.08000000 -0.339994375653525E+004  0.332051176441556E+001 
     14.10000000 -0.339994375559431E+004  0.332051270534690E+001 
     14.12000000 -0.339994375450713E+004  0.332051379252861E+001 
     14.14000000 -0.339994375332672E+004  0.332051497293911E+001 
     14.16000000 -0.339994375211141E+004  0.332051618825598E+001 
     14.18000000 -0.339994375091666E+004  0.332051738300057E+001 
     14.20000000 -0.339994374978843E+004  0.332051851122669E+001 
     14.22000000 -0.339994374875894E+004  0.332051954072481E+001 
     14.24000000 -0.339994374784535E+004  0.332052045430739E+001 
     14.26000000 -0.339994374705127E+004  0.332052124839479E+001 
     14.28000000 -0.339994374636996E+004  0.332052192970199E+001 
     14.30000000 -0.339994374578855E+004  0.332052251111298E+001 
     14.32000000 -0.339994374529186E+004  0.332052300780135E+001 
     14.34000000 -0.339994374486526E+004  0.332052343440359E+001 
     14.36000000 -0.339994374449606E+004  0.332052380360066E+001 
     14.38000000 -0.339994374417358E+004  0.332052412607815E+001 
     14.40000000 -0.339994374388818E+004  0.332052441147835E+001 
     14.42000000 -0.339994374362987E+004  0.332052466979352E+001 
     14.44000000 -0.339994374338704E+004  0.332052491261993E+001 
     14.46000000 -0.339994374314587E+004  0.332052515378779E+001 
     14.48000000 -0.339994374289057E+004  0.332052540909020E+001 
     14.50000000 -0.339994374260457E+004  0.332052569509520E+001 
     14.52000000 -0.339994374227242E+004  0.332052602723702E+001 
     14.54000000 -0.339994374188208E+004  0.332052641758100E+001 
     14.56000000 -0.339994374142694E+004  0.332052687272535E+001 
     14.58000000 -0.339994374090737E+004  0.332052739229226E+001 
     14.60000000 -0.339994374033133E+004  0.332052796832700E+001 
     14.62000000 -0.339994373971388E+004  0.332052858577931E+001 
     14.64000000 -0.339994373907565E+004  0.332052922401118E+001 
     14.66000000 -0.339994373844050E+004  0.332052985916222E+001 
     14.68000000 -0.339994373783263E+004  0.332053046703566E+001 
     14.70000000 -0.339994373727353E+004  0.332053102613500E+001 
     14.72000000 -0.339994373677922E+004  0.332053152044248E+001 
     14.74000000 -0.339994373635811E+004  0.332053194155246E+001 
     14.76000000 -0.339994373600982E+004  0.332053228983657E+001 
     14.78000000 -0.339994373572522E+004  0.332053257443863E+001 
     14.80000000 -0.339994373548765E+004  0.332053281201291E+001 
     14.82000000 -0.339994373527531E+004  0.332053302434826E+001 
     14.84000000 -0.339994373506450E+004  0.332053323516234E+001 
     14.86000000 -0.339994373483312E+004  0.332053346653593E+001 
     14.88000000 -0.339994373456413E+004  0.332053373553168E+001 
     14.90000000 -0.339994373424810E+004  0.332053405155713E+001 
     14.92000000 -0.339994373388475E+004  0.332053441491390E+001 
     14.94000000 -0.339994373348287E+004  0.332053481678803E+001 
     14.96000000 -0.339994373305894E+004  0.332053524071703E+001 
     14.98000000 -0.339994373263438E+004  0.332053566528138E+001 
     15.00000000 -0.339994373223206E+004  0.332053606759673E+001 
     15.02000000 -0.339994373187267E+004  0.332053642698638E+001 
     15.04000000 -0.339994373157141E+004  0.332053672824619E+001 
     15.06000000 -0.339994373133573E+004  0.332053696392953E+001 
     15.08000000 -0.339994373116432E+004  0.332053713533647E+001 
     15.10000000 -0.339994373104757E+004  0.332053725208882E+001 
     15.12000000 -0.339994373096919E+004  0.332053733047347E+001 
     15.14000000 -0.339994373090876E+004  0.332053739090493E+001 
     15.16000000 -0.339994373084468E+004  0.332053745498256E+001 
     15.18000000 -0.339994373075708E+004  0.332053754258530E+001 
     15.20000000 -0.339994373063023E+004  0.332053766942889E+001 
     15.22000000 -0.339994373045438E+004  0.332053784527782E+001 
     15.24000000 -0.339994373022665E+004  0.332053807301144E+001 
     15.26000000 -0.339994372995112E+004  0.332053834853888E+001 
     15.28000000 -0.339994372963809E+004  0.332053866157091E+001 
     15.30000000 -0.339994372930254E+004  0.332053899711837E+001 
     15.32000000 -0.339994372896209E+004  0.332053933757495E+001 
     15.34000000 -0.339994372863456E+004  0.332053966510425E+001 
     15.36000000 -0.339994372833566E+004  0.332053996400405E+001 
     15.38000000 -0.339994372807698E+004  0.332054022268503E+001 
     15.40000000 -0.339994372786473E+004  0.332054043492602E+001 
     15.42000000 -0.339994372769942E+004  0.332054060024133E+001 
     15.44000000 -0.339994372757631E+004  0.332054072334788E+001 
     15.46000000 -0.339994372748672E+004  0.332054081293862E+001 
     15.48000000 -0.339994372741958E+004  0.332054088007928E+001 
     15.50000000 -0.339994372736307E+004  0.332054093658964E+001 
     15.52000000 -0.339994372730598E+004  0.332054099368236E+001 
     15.54000000 -0.339994372723864E+004  0.332054106102101E+001 
     15.56000000 -0.339994372715345E+004  0.332054114621037E+001 
     15.58000000 -0.339994372704502E+004  0.332054125464022E+001 
     15.60000000 -0.339994372691010E+004  0.332054138956268E+001 
     15.62000000 -0.339994372674736E+004  0.332054155230027E+001 
     15.64000000 -0.339994372655714E+004  0.332054174251963E+001 
     15.66000000 -0.339994372634116E+004  0.332054195849844E+001 
     15.68000000 -0.339994372610229E+004  0.332054219736893E+001 
     15.70000000 -0.339994372584439E+004  0.332054245527498E+001 
     15.72000000 -0.339994372557222E+004  0.332054272743622E+001 
     15.74000000 -0.339994372529150E+004  0.332054300816512E+001 
     15.76000000 -0.339994372500872E+004  0.332054329094391E+001 
     15.78000000 -0.339994372473091E+004  0.332054356874667E+001 
     15.80000000 -0.339994372446492E+004  0.332054383474126E+001 
     15.82000000 -0.339994372421621E+004  0.332054408345281E+001 
     15.84000000 -0.339994372398740E+004  0.332054431225758E+001 
     15.86000000 -0.339994372377677E+004  0.332054452288720E+001 
     15.88000000 -0.339994372357718E+004  0.332054472247779E+001 
     15.90000000 -0.339994372337598E+004  0.332054492368360E+001 
     15.92000000 -0.339994372315618E+004  0.332054514347949E+001 
     15.94000000 -0.339994372289902E+004  0.332054540064192E+001 
     15.96000000 -0.339994372258748E+004  0.332054571218323E+001 
     15.98000000 -0.339994372221020E+004  0.332054608945917E+001 
     16.00000000 -0.339994372176483E+004  0.332054653483594E+001 
     16.02000000 -0.339994372125988E+004  0.332054703978106E+001 
     16.04000000 -0.339994372071461E+004  0.332054758504980E+001 
     16.06000000 -0.339994372015657E+004  0.332054814309230E+001 
     16.08000000 -0.339994371961733E+004  0.332054868233204E+001 
     16.10000000 -0.339994371912719E+004  0.332054917246667E+001 
     16.12000000 -0.339994371870996E+004  0.332054958970272E+001 
     16.14000000 -0.339994371837879E+004  0.332054992086890E+001 
     16.16000000 -0.339994371813406E+004  0.332055016560443E+001 
     16.18000000 -0.339994371796333E+004  0.332055033632808E+001 
     16.20000000 -0.339994371784352E+004  0.332055045614423E+001 
     16.22000000 -0.339994371774445E+004  0.332055055520711E+001 
     16.24000000 -0.339994371763335E+004  0.332055066631213E+001 
     16.26000000 -0.339994371747919E+004  0.332055082047355E+001 
     16.28000000 -0.339994371725653E+004  0.332055104313022E+001 
     16.30000000 -0.339994371694823E+004  0.332055135142947E+001 
     16.32000000 -0.339994371654688E+004  0.332055175278503E+001 
     16.34000000 -0.339994371605494E+004  0.332055224472438E+001 
     16.36000000 -0.339994371548383E+004  0.332055281583066E+001 
     16.38000000 -0.339994371485218E+004  0.332055344748287E+001 
     16.40000000 -0.339994371418362E+004  0.332055411604416E+001 
     16.42000000 -0.339994371350449E+004  0.332055479516807E+001 
     16.44000000 -0.339994371284164E+004  0.332055545802094E+001 
     16.46000000 -0.339994371222037E+004  0.332055607929227E+001 
     16.48000000 -0.339994371166265E+004  0.332055663701381E+001 
     16.50000000 -0.339994371118548E+004  0.332055711418248E+001 
     16.52000000 -0.339994371079950E+004  0.332055750015756E+001 
     16.54000000 -0.339994371050797E+004  0.332055779169542E+001 
     16.56000000 -0.339994371030621E+004  0.332055799345383E+001 
     16.58000000 -0.339994371018187E+004  0.332055811779201E+001 
     16.60000000 -0.339994371011585E+004  0.332055818381202E+001 
     16.62000000 -0.339994371008393E+004  0.332055821573270E+001 
     16.64000000 -0.339994371005885E+004  0.332055824080962E+001 
     16.66000000 -0.339994371001255E+004  0.332055828710885E+001 
     16.68000000 -0.339994370991825E+004  0.332055838140763E+001 
     16.70000000 -0.339994370975224E+004  0.332055854741628E+001 
     16.72000000 -0.339994370949530E+004  0.332055880436332E+001 
     16.74000000 -0.339994370913375E+004  0.332055916590572E+001 
     16.76000000 -0.339994370866041E+004  0.332055963924841E+001 
     16.78000000 -0.339994370807530E+004  0.332056022435932E+001 
     16.80000000 -0.339994370738636E+004  0.332056091329915E+001 
     16.82000000 -0.339994370660986E+004  0.332056168979841E+001 
     16.84000000 -0.339994370577034E+004  0.332056252931884E+001 
     16.86000000 -0.339994370489971E+004  0.332056339994905E+001 
     16.88000000 -0.339994370403525E+004  0.332056426441183E+001 
     16.90000000 -0.339994370321638E+004  0.332056508327839E+001 
     16.92000000 -0.339994370248042E+004  0.332056581924251E+001 
     16.94000000 -0.339994370185774E+004  0.332056644192026E+001 
     16.96000000 -0.339994370136730E+004  0.332056693236309E+001 
     16.98000000 -0.339994370101327E+004  0.332056728638693E+001 
     17.00000000 -0.339994370078381E+004  0.332056751584870E+001 
     17.02000000 -0.339994370065223E+004  0.332056764742895E+001 
     17.04000000 -0.339994370058072E+004  0.332056771893619E+001 
     17.06000000 -0.339994370052596E+004  0.332056777369868E+001 
     17.08000000 -0.339994370044565E+004  0.332056785400946E+001 
     17.10000000 -0.339994370030489E+004  0.332056799477492E+001 
     17.12000000 -0.339994370008121E+004  0.332056821844938E+001 
     17.14000000 -0.339994369976757E+004  0.332056853209200E+001 
     17.16000000 -0.339994369937268E+004  0.332056892698006E+001 
     17.18000000 -0.339994369891882E+004  0.332056938084522E+001 
     17.20000000 -0.339994369843732E+004  0.332056986234103E+001 
     17.22000000 -0.339994369796263E+004  0.332057033703524E+001 
     17.24000000 -0.339994369752573E+004  0.332057077392942E+001 
     17.26000000 -0.339994369714834E+004  0.332057115131634E+001 
     17.28000000 -0.339994369683881E+004  0.332057146085302E+001 
     17.30000000 -0.339994369659067E+004  0.332057170898800E+001 
     17.32000000 -0.339994369638431E+004  0.332057191534694E+001 
     17.34000000 -0.339994369619129E+004  0.332057210837218E+001 
     17.36000000 -0.339994369598057E+004  0.332057231908842E+001 
     17.38000000 -0.339994369572533E+004  0.332057257433322E+001 
     17.40000000 -0.339994369540873E+004  0.332057289093369E+001 
     17.42000000 -0.339994369502758E+004  0.332057327207814E+001 
     17.44000000 -0.339994369459302E+004  0.332057370664402E+001 
     17.46000000 -0.339994369412811E+004  0.332057417154783E+001 
     17.48000000 -0.339994369366312E+004  0.332057463654367E+001 
     17.50000000 -0.339994369322932E+004  0.332057507033964E+001 
     17.52000000 -0.339994369285299E+004  0.332057544667011E+001 
     17.54000000 -0.339994369255061E+004  0.332057574904824E+001 
     17.56000000 -0.339994369232640E+004  0.332057597325944E+001 
     17.58000000 -0.339994369217241E+004  0.332057612724955E+001 
     17.60000000 -0.339994369207100E+004  0.332057622866355E+001 
     17.62000000 -0.339994369199882E+004  0.332057630083591E+001 
     17.64000000 -0.339994369193138E+004  0.332057636827781E+001 
     17.66000000 -0.339994369184695E+004  0.332057645271582E+001 
     17.68000000 -0.339994369172922E+004  0.332057657044380E+001 
     17.70000000 -0.339994369156836E+004  0.332057673129817E+001 
     17.72000000 -0.339994369136051E+004  0.332057693915053E+001 
     17.74000000 -0.339994369110622E+004  0.332057719343941E+001 
     17.76000000 -0.339994369080851E+004  0.332057749114741E+001 
     17.78000000 -0.339994369047102E+004  0.332057782864034E+001 
     17.80000000 -0.339994369009673E+004  0.332057820293214E+001 
     17.82000000 -0.339994368968747E+004  0.332057861219063E+001 
     17.84000000 -0.339994368924419E+004  0.332057905546570E+001 
     17.86000000 -0.339994368876784E+004  0.332057953182232E+001 
     17.88000000 -0.339994368826049E+004  0.332058003917502E+001 
     17.90000000 -0.339994368772649E+004  0.332058057316922E+001 
     17.92000000 -0.339994368717323E+004  0.332058112642634E+001 
     17.94000000 -0.339994368661123E+004  0.332058168843596E+001 
     17.96000000 -0.339994368605351E+004  0.332058224615093E+001 
     17.98000000 -0.339994368551435E+004  0.332058278530985E+001 
     18.00000000 -0.339994368500742E+004  0.332058329224492E+001 
