# Real time calculation: 
# Eall: Total energy
# Eall0: Initial total energy
# 1:Time[fs] 2:Eall[eV] 3:Eall-Eall0[eV] 
      0.00000000 -0.233333023965119E+005  0.000000000000000E+000 
      0.02000000 -0.233333023965237E+005 -0.117927129179634E-007 
      0.04000000 -0.233333023965213E+005 -0.940137842541731E-008 
      0.06000000 -0.233333023965066E+005  0.535188702730238E-008 
      0.08000000 -0.233333023964534E+005  0.584871538370976E-007 
      0.10000000 -0.233333023963097E+005  0.202196148037274E-006 
      0.12000000 -0.233333023959857E+005  0.526189489225948E-006 
      0.14000000 -0.233333023953420E+005  0.116987300694724E-005 
      0.16000000 -0.233333023941771E+005  0.233484269543305E-005 
      0.18000000 -0.233333023922144E+005  0.429747247563432E-005 
      0.20000000 -0.233333023890909E+005  0.742102554649961E-005 
      0.22000000 -0.233333023843445E+005  0.121674316300114E-004 
      0.24000000 -0.233333023774039E+005  0.191079938388172E-004 
      0.26000000 -0.233333023675794E+005  0.289325549428546E-004 
      0.28000000 -0.233333023540545E+005  0.424574169247215E-004 
      0.30000000 -0.233333023358807E+005  0.606312620847455E-004 
      0.32000000 -0.233333023119727E+005  0.845391777837712E-004 
      0.34000000 -0.233333022811073E+005  0.115404614676969E-003 
      0.36000000 -0.233333022419223E+005  0.154589612544906E-003 
      0.38000000 -0.233333021929191E+005  0.203592860621194E-003 
      0.40000000 -0.233333021324661E+005  0.264045855370710E-003 
      0.42000000 -0.233333020588045E+005  0.337707440327389E-003 
      0.44000000 -0.233333019700549E+005  0.426456994039184E-003 
      0.46000000 -0.233333018642258E+005  0.532286089786311E-003 
      0.48000000 -0.233333017392227E+005  0.657289236507339E-003 
      0.50000000 -0.233333015928583E+005  0.803653571002899E-003 
      0.52000000 -0.233333014228641E+005  0.973647786026053E-003 
      0.54000000 -0.233333012269014E+005  0.116961051699680E-002 
      0.56000000 -0.233333010025737E+005  0.139393818734072E-002 
      0.58000000 -0.233333007474394E+005  0.164907252590855E-002 
      0.60000000 -0.233333004590240E+005  0.193748791115548E-002 
      0.62000000 -0.233333001348332E+005  0.226167873388189E-002 
      0.64000000 -0.233332997723649E+005  0.262414702292806E-002 
      0.66000000 -0.233332993691215E+005  0.302739037713302E-002 
      0.68000000 -0.233332989226211E+005  0.347389086558266E-002 
      0.70000000 -0.233332984304074E+005  0.396610454347966E-002 
      0.72000000 -0.233332978900599E+005  0.450645204457784E-002 
      0.74000000 -0.233332972992019E+005  0.509731006766019E-002 
      0.76000000 -0.233332966555078E+005  0.574100409116666E-002 
      0.78000000 -0.233332959567097E+005  0.643980224172582E-002 
      0.80000000 -0.233332952006019E+005  0.719591006601096E-002 
      0.82000000 -0.233332943850455E+005  0.801146645959365E-002 
      0.84000000 -0.233332935079712E+005  0.888854067545541E-002 
      0.86000000 -0.233332925673821E+005  0.982912985222024E-002 
      0.88000000 -0.233332915613538E+005  0.108351580922689E-001 
      0.90000000 -0.233332904880359E+005  0.119084760657611E-001 
      0.92000000 -0.233332893456501E+005  0.130508618551820E-001 
      0.94000000 -0.233332881324896E+005  0.142640223536383E-001 
      0.96000000 -0.233332868469165E+005  0.155495954551108E-001 
      0.98000000 -0.233332854873589E+005  0.169091530675973E-001 
      1.00000000 -0.233332840523073E+005  0.183442046397899E-001 
      1.02000000 -0.233332825403106E+005  0.198562012693442E-001 
      1.04000000 -0.233332809499719E+005  0.214465400307924E-001 
      1.06000000 -0.233332792799432E+005  0.231165686901541E-001 
      1.08000000 -0.233332775289217E+005  0.248675902493993E-001 
      1.10000000 -0.233332756956444E+005  0.267008675187548E-001 
      1.12000000 -0.233332737788845E+005  0.286176274013069E-001 
      1.14000000 -0.233332717774470E+005  0.306190648960893E-001 
      1.16000000 -0.233332696901652E+005  0.327063466711639E-001 
      1.18000000 -0.233332675158980E+005  0.348806138942431E-001 
      1.20000000 -0.233332652535268E+005  0.371429850725926E-001 
      1.22000000 -0.233332629019541E+005  0.394945578627738E-001 
      1.24000000 -0.233332604601012E+005  0.419364107257072E-001 
      1.26000000 -0.233332579269078E+005  0.444696041084182E-001 
      1.28000000 -0.233332553013311E+005  0.470951808183602E-001 
      1.30000000 -0.233332525823457E+005  0.498141662461517E-001 
      1.32000000 -0.233332497689439E+005  0.526275680593128E-001 
      1.34000000 -0.233332468601368E+005  0.555363751411681E-001 
      1.36000000 -0.233332438549556E+005  0.585415563008252E-001 
      1.38000000 -0.233332407524536E+005  0.616440582778188E-001 
      1.40000000 -0.233332375517088E+005  0.648448031125698E-001 
      1.42000000 -0.233332342518268E+005  0.681446850961198E-001 
      1.44000000 -0.233332308519448E+005  0.715445671382721E-001 
      1.46000000 -0.233332273512354E+005  0.750452765448604E-001 
      1.48000000 -0.233332237489112E+005  0.786476006836479E-001 
      1.50000000 -0.233332200442299E+005  0.823522820469799E-001 
      1.52000000 -0.233332162364988E+005  0.861600131288213E-001 
      1.54000000 -0.233332123250806E+005  0.900714312987004E-001 
      1.56000000 -0.233332083093983E+005  0.940871135766591E-001 
      1.58000000 -0.233332041889406E+005  0.982075712875522E-001 
      1.60000000 -0.233331999632670E+005  0.102433244962834E+000 
      1.62000000 -0.233331956320126E+005  0.106764499344434E+000 
      1.64000000 -0.233331911948936E+005  0.111201618345318E+000 
      1.66000000 -0.233331866517116E+005  0.115744800347254E+000 
      1.68000000 -0.233331820023584E+005  0.120394153544981E+000 
      1.70000000 -0.233331772468206E+005  0.125149691308935E+000 
      1.72000000 -0.233331723851839E+005  0.130011328064608E+000 
      1.74000000 -0.233331674176369E+005  0.134978875029599E+000 
      1.76000000 -0.233331623444756E+005  0.140052036340457E+000 
      1.78000000 -0.233331571661063E+005  0.145230405597154E+000 
      1.80000000 -0.233331518830492E+005  0.150513462750950E+000 
      1.82000000 -0.233331464959406E+005  0.155900571301612E+000 
      1.84000000 -0.233331410055358E+005  0.161390976079318E+000 
      1.86000000 -0.233331354127100E+005  0.166983801895861E+000 
      1.88000000 -0.233331297184597E+005  0.172678052195847E+000 
      1.90000000 -0.233331239239033E+005  0.178472608642157E+000 
      1.92000000 -0.233331180302810E+005  0.184366230880834E+000 
      1.94000000 -0.233331120389550E+005  0.190357556912315E+000 
      1.96000000 -0.233331059514082E+005  0.196445103728705E+000 
      1.98000000 -0.233330997692437E+005  0.202627268254223E+000 
      2.00000000 -0.233330934941830E+005  0.208902328901276E+000 
      2.02000000 -0.233330871280649E+005  0.215268447064652E+000 
      2.04000000 -0.233330806728427E+005  0.221723669225152E+000 
      2.06000000 -0.233330741305827E+005  0.228265929170781E+000 
      2.08000000 -0.233330675034614E+005  0.234893050518010E+000 
      2.10000000 -0.233330607937622E+005  0.241602749684701E+000 
      2.12000000 -0.233330540038731E+005  0.248392638869228E+000 
      2.14000000 -0.233330471362824E+005  0.255260229530743E+000 
      2.16000000 -0.233330401935758E+005  0.262202936129312E+000 
      2.18000000 -0.233330331784323E+005  0.269218079643313E+000 
      2.20000000 -0.233330260936203E+005  0.276302891646769E+000 
      2.22000000 -0.233330189419938E+005  0.283454518139194E+000 
      2.24000000 -0.233330117264883E+005  0.290670023660051E+000 
      2.26000000 -0.233330044501171E+005  0.297946394812335E+000 
      2.28000000 -0.233329971159678E+005  0.305280544138822E+000 
      2.30000000 -0.233329897271981E+005  0.312669313859115E+000 
      2.32000000 -0.233329822870327E+005  0.320109479170482E+000 
      2.34000000 -0.233329747987602E+005  0.327597751721949E+000 
      2.36000000 -0.233329672657289E+005  0.335130782980108E+000 
      2.38000000 -0.233329596913447E+005  0.342705167251540E+000 
      2.40000000 -0.233329520790673E+005  0.350317444584592E+000 
      2.42000000 -0.233329444324082E+005  0.357964103695899E+000 
      2.44000000 -0.233329367549273E+005  0.365641584652516E+000 
      2.46000000 -0.233329290502304E+005  0.373346281476706E+000 
      2.48000000 -0.233329213219677E+005  0.381074544243389E+000 
      2.50000000 -0.233329135738304E+005  0.388822681499314E+000 
      2.52000000 -0.233329058095498E+005  0.396586962091368E+000 
      2.54000000 -0.233328980328949E+005  0.404363616970125E+000 
      2.56000000 -0.233328902476711E+005  0.412148840792325E+000 
      2.58000000 -0.233328824577184E+005  0.419938793541902E+000 
      2.60000000 -0.233328746669102E+005  0.427729601714828E+000 
      2.62000000 -0.233328668791523E+005  0.435517359578196E+000 
      2.64000000 -0.233328590983817E+005  0.443298130246786E+000 
      2.66000000 -0.233328513285650E+005  0.451067946963804E+000 
      2.68000000 -0.233328435736977E+005  0.458822814233134E+000 
      2.70000000 -0.233328358378031E+005  0.466558708864963E+000 
      2.72000000 -0.233328281249306E+005  0.474271581327677E+000 
      2.74000000 -0.233328204391548E+005  0.481957357099752E+000 
      2.76000000 -0.233328127845739E+005  0.489611937993804E+000 
      2.78000000 -0.233328051653081E+005  0.497231203824030E+000 
      2.80000000 -0.233327975854977E+005  0.504811014206666E+000 
      2.82000000 -0.233327900493020E+005  0.512347209967565E+000 
      2.84000000 -0.233327825608970E+005  0.519835614951941E+000 
      2.86000000 -0.233327751244736E+005  0.527272038350735E+000 
      2.88000000 -0.233327677442357E+005  0.534652276173161E+000 
      2.90000000 -0.233327604243983E+005  0.541972113662788E+000 
      2.92000000 -0.233327531691843E+005  0.549227327580597E+000 
      2.94000000 -0.233327459828235E+005  0.556413688389047E+000 
      2.96000000 -0.233327388695491E+005  0.563526962853776E+000 
      2.98000000 -0.233327318335952E+005  0.570562916762850E+000 
      3.00000000 -0.233327248791943E+005  0.577517317639832E+000 
      3.02000000 -0.233327180105742E+005  0.584385937698147E+000 
      3.04000000 -0.233327112319548E+005  0.591164557145019E+000 
      3.06000000 -0.233327045475448E+005  0.597848967157497E+000 
      3.08000000 -0.233326979615385E+005  0.604434973446248E+000 
      3.10000000 -0.233326914781121E+005  0.610918399782241E+000 
      3.12000000 -0.233326851014205E+005  0.617295091412050E+000 
      3.14000000 -0.233326788355933E+005  0.623560918609281E+000 
      3.16000000 -0.233326726847315E+005  0.629711780386865E+000 
      3.18000000 -0.233326666529034E+005  0.635743608487769E+000 
      3.20000000 -0.233326607441408E+005  0.641652371109665E+000 
      3.22000000 -0.233326549624350E+005  0.647434076901828E+000 
      3.24000000 -0.233326493117328E+005  0.653084779110529E+000 
      3.26000000 -0.233326437959325E+005  0.658600579377949E+000 
      3.28000000 -0.233326384188799E+005  0.663977632008214E+000 
      3.30000000 -0.233326331843616E+005  0.669212150287581E+000 
      3.32000000 -0.233326280960963E+005  0.674300415629043E+000 
      3.34000000 -0.233326231577191E+005  0.679238792836033E+000 
      3.36000000 -0.233326183727572E+005  0.684023754752049E+000 
      3.38000000 -0.233326137445919E+005  0.688651920051772E+000 
      3.40000000 -0.233326092764025E+005  0.693120109445167E+000 
      3.42000000 -0.233326049710872E+005  0.697425424755479E+000 
      3.44000000 -0.233326008311567E+005  0.701565355192858E+000 
      3.46000000 -0.233325968585963E+005  0.705537915584635E+000 
      3.48000000 -0.233325930546935E+005  0.709341818399814E+000 
      3.50000000 -0.233325894198319E+005  0.712976680025652E+000 
      3.52000000 -0.233325859532517E+005  0.716443260247585E+000 
      3.54000000 -0.233325826527829E+005  0.719743729064000E+000 
      3.56000000 -0.233325795145600E+005  0.722881951879945E+000 
      3.58000000 -0.233325765327305E+005  0.725863781454106E+000 
      3.60000000 -0.233325736991721E+005  0.728697339800957E+000 
      3.62000000 -0.233325710032424E+005  0.731393269500517E+000 
      3.64000000 -0.233325684315802E+005  0.733964931718179E+000 
      3.66000000 -0.233325659679865E+005  0.736428525415666E+000 
      3.68000000 -0.233325635934112E+005  0.738803100706004E+000 
      3.70000000 -0.233325612860728E+005  0.741110439147586E+000 
      3.72000000 -0.233325590217348E+005  0.743374777156792E+000 
      3.74000000 -0.233325567741619E+005  0.745622350021031E+000 
      3.76000000 -0.233325545157710E+005  0.747880740908191E+000 
      3.78000000 -0.233325522184852E+005  0.750178026711661E+000 
      3.80000000 -0.233325498547911E+005  0.752541720811343E+000 
      3.82000000 -0.233325473989871E+005  0.754997524790858E+000 
      3.84000000 -0.233325448285982E+005  0.757567913760567E+000 
      3.86000000 -0.233325421259201E+005  0.760270591849375E+000 
      3.88000000 -0.233325392796410E+005  0.763116870941822E+000 
      3.90000000 -0.233325362864744E+005  0.766110037483238E+000 
      3.92000000 -0.233325331527257E+005  0.769243786198967E+000 
      3.94000000 -0.233325298956998E+005  0.772500812130442E+000 
      3.96000000 -0.233325265448517E+005  0.775851660168183E+000 
      3.98000000 -0.233325231425727E+005  0.779253939240101E+000 
      4.00000000 -0.233325197445006E+005  0.782652011277155E+000 
      4.02000000 -0.233325164192494E+005  0.785977262479768E+000 
      4.04000000 -0.233325132474515E+005  0.789149060374446E+000 
      4.06000000 -0.233325103200243E+005  0.792076487636465E+000 
      4.08000000 -0.233325077355842E+005  0.794660927710235E+000 
      4.10000000 -0.233325055969560E+005  0.796799555922551E+000 
      4.12000000 -0.233325040067484E+005  0.798389763491615E+000 
      4.14000000 -0.233325030620034E+005  0.799334508532399E+000 
      4.16000000 -0.233325028479564E+005  0.799548555543308E+000 
      4.18000000 -0.233325034309877E+005  0.798965524224996E+000 
      4.20000000 -0.233325048508834E+005  0.797545628537933E+000 
      4.22000000 -0.233325071125659E+005  0.795283946029888E+000 
      4.24000000 -0.233325101774958E+005  0.792219016084820E+000 
      4.26000000 -0.233325139549843E+005  0.788441527594684E+000 
      4.28000000 -0.233325182936904E+005  0.784102821564226E+000 
      4.30000000 -0.233325229736070E+005  0.779422904936900E+000 
      4.32000000 -0.233325276988626E+005  0.774697649288183E+000 
      4.34000000 -0.233325320916773E+005  0.770304834646624E+000 
      4.36000000 -0.233325356878186E+005  0.766708693276872E+000 
      4.38000000 -0.233325379338961E+005  0.764462615819582E+000 
      4.40000000 -0.233325381868114E+005  0.764209700472370E+000 
      4.42000000 -0.233325357156571E+005  0.766680854777567E+000 
      4.44000000 -0.233325297063079E+005  0.772690204055820E+000 
      4.46000000 -0.233325192688973E+005  0.783127614649766E+000 
      4.48000000 -0.233325034483070E+005  0.798948204958639E+000 
      4.50000000 -0.233324812377161E+005  0.821158795840050E+000 
      4.52000000 -0.233324515951746E+005  0.850801337291499E+000 
      4.54000000 -0.233324134630726E+005  0.888933439334095E+000 
      4.56000000 -0.233323657902777E+005  0.936606234176256E+000 
      4.58000000 -0.233323075566142E+005  0.994839897678580E+000 
      4.60000000 -0.233322377992559E+005  0.106459725600325E+001 
      4.62000000 -0.233321556405127E+005  0.114675599925076E+001 
      4.64000000 -0.233320603163953E+005  0.124208011659821E+001 
      4.66000000 -0.233319512052684E+005  0.135119124354281E+001 
      4.68000000 -0.233318278558338E+005  0.147454067815922E+001 
      4.70000000 -0.233316900136354E+005  0.161238287653178E+001 
      4.72000000 -0.233315376452489E+005  0.176475126297997E+001 
      4.74000000 -0.233313709593089E+005  0.193143720301401E+001 
      4.76000000 -0.233311904235412E+005  0.211197297068213E+001 
      4.78000000 -0.233309967770144E+005  0.230561949751654E+001 
      4.80000000 -0.233307910368840E+005  0.251135962795232E+001 
      4.82000000 -0.233305744990034E+005  0.272789750848842E+001 
      4.84000000 -0.233303487318931E+005  0.295366461878794E+001 
      4.86000000 -0.233301155637005E+005  0.318683281141472E+001 
      4.88000000 -0.233298770619522E+005  0.342533455974206E+001 
      4.90000000 -0.233296355060769E+005  0.366689043503560E+001 
      4.92000000 -0.233293933528744E+005  0.390904363748124E+001 
      4.94000000 -0.233291531953062E+005  0.414920120573069E+001 
      4.96000000 -0.233289177151861E+005  0.438468132580708E+001 
      4.98000000 -0.233286896305457E+005  0.461276596626729E+001 
      5.00000000 -0.233284716386333E+005  0.483075787861400E+001 
      5.02000000 -0.233282663556747E+005  0.503604083724817E+001 
      5.04000000 -0.233280762546571E+005  0.522614185486495E+001 
      5.06000000 -0.233279036025154E+005  0.539879399656178E+001 
      5.08000000 -0.233277503981719E+005  0.555199834003898E+001 
      5.10000000 -0.233276183129153E+005  0.568408359664211E+001 
      5.12000000 -0.233275086346033E+005  0.579376190861099E+001 
      5.14000000 -0.233274222171312E+005  0.588017938073702E+001 
      5.16000000 -0.233273594365225E+005  0.594295998940054E+001 
      5.18000000 -0.233273201548832E+005  0.598224162876120E+001 
      5.20000000 -0.233273036933078E+005  0.599870320411377E+001 
      5.22000000 -0.233273088146540E+005  0.599358185790785E+001 
      5.24000000 -0.233273337169009E+005  0.596867961099738E+001 
      5.26000000 -0.233273760376019E+005  0.592635891001904E+001 
      5.28000000 -0.233274328697218E+005  0.586952679007581E+001 
      5.30000000 -0.233275007889314E+005  0.580160758052772E+001 
      5.32000000 -0.233275758922144E+005  0.572650429746869E+001 
      5.34000000 -0.233276538474374E+005  0.564854907454278E+001 
      5.36000000 -0.233277299533277E+005  0.557244318417918E+001 
      5.38000000 -0.233277992091229E+005  0.550318738904393E+001 
      5.40000000 -0.233278563929716E+005  0.544600354029796E+001 
      5.42000000 -0.233278961480027E+005  0.540624850918405E+001 
      5.44000000 -0.233279130748178E+005  0.538932169408803E+001 
      5.46000000 -0.233279018290142E+005  0.540056749767067E+001 
      5.48000000 -0.233278572222003E+005  0.544517431160255E+001 
      5.50000000 -0.233277743248284E+005  0.552807168355981E+001 
      5.52000000 -0.233276485690432E+005  0.565382746868403E+001 
      5.54000000 -0.233274758496271E+005  0.582654688479492E+001 
      5.56000000 -0.233272526210211E+005  0.604977549080839E+001 
      5.58000000 -0.233269759883263E+005  0.632640818561929E+001 
      5.60000000 -0.233266437901395E+005  0.665860637239518E+001 
      5.62000000 -0.233262546710709E+005  0.704772544101755E+001 
      5.64000000 -0.233258081418321E+005  0.749425467984762E+001 
      5.66000000 -0.233253046248809E+005  0.799777163106571E+001 
      5.68000000 -0.233247454837742E+005  0.855691273774885E+001 
      5.70000000 -0.233241330346194E+005  0.916936189253396E+001 
      5.72000000 -0.233234705383269E+005  0.983185818502808E+001 
      5.74000000 -0.233227621727579E+005  0.105402237540092E+002 
      5.76000000 -0.233220129843249E+005  0.112894121869967E+002 
      5.78000000 -0.233212288191318E+005  0.120735773800865E+002 
      5.80000000 -0.233204162343185E+005  0.128861621934413E+002 
      5.82000000 -0.233195823908894E+005  0.137200056225467E+002 
      5.84000000 -0.233187349299333E+005  0.145674665786004E+002 
      5.86000000 -0.233178818347489E+005  0.154205617629749E+002 
      5.88000000 -0.233170312819631E+005  0.162711145487736E+002 
      5.90000000 -0.233161914852267E+005  0.171109112851940E+002 
      5.92000000 -0.233153705354672E+005  0.179318610447134E+002 
      5.94000000 -0.233145762419505E+005  0.187261545614071E+002 
      5.96000000 -0.233138159785233E+005  0.194864179885770E+002 
      5.98000000 -0.233130965393594E+005  0.202058571525407E+002 
      6.00000000 -0.233124240083177E+005  0.208783881942165E+002 
      6.02000000 -0.233118036456221E+005  0.214987508898590E+002 
      6.04000000 -0.233112397950137E+005  0.220626014982555E+002 
      6.06000000 -0.233107358138332E+005  0.225665826787251E+002 
      6.08000000 -0.233102940276649E+005  0.230083688470337E+002 
      6.10000000 -0.233099157102935E+005  0.233866862184308E+002 
      6.12000000 -0.233096010888009E+005  0.237013077109948E+002 
      6.14000000 -0.233093493727237E+005  0.239530237882062E+002 
      6.16000000 -0.233091588053583E+005  0.241435911535958E+002 
      6.18000000 -0.233090267345683E+005  0.242756619435873E+002 
      6.20000000 -0.233089496998701E+005  0.243526966418115E+002 
      6.22000000 -0.233089235321766E+005  0.243788643353160E+002 
      6.24000000 -0.233089434623776E+005  0.243589341343524E+002 
      6.26000000 -0.233090042349368E+005  0.242981615751215E+002 
      6.28000000 -0.233091002228848E+005  0.242021736271549E+002 
      6.30000000 -0.233092255409566E+005  0.240768555553177E+002 
      6.32000000 -0.233093741541311E+005  0.239282423808662E+002 
      6.34000000 -0.233095399794318E+005  0.237624170801021E+002 
      6.36000000 -0.233097169795036E+005  0.235854170082707E+002 
      6.38000000 -0.233098992471215E+005  0.234031493904678E+002 
      6.40000000 -0.233100810803908E+005  0.232213161210690E+002 
      6.42000000 -0.233102570489037E+005  0.230453476081938E+002 
      6.44000000 -0.233104220515006E+005  0.228803450113365E+002 
      6.46000000 -0.233105713665344E+005  0.227310299775478E+002 
      6.48000000 -0.233107006956322E+005  0.226017008797569E+002 
      6.50000000 -0.233108062019088E+005  0.224961946030727E+002 
      6.52000000 -0.233108845434276E+005  0.224178530842884E+002 
      6.54000000 -0.233109329024479E+005  0.223694940640229E+002 
      6.56000000 -0.233109490106849E+005  0.223533858269804E+002 
      6.58000000 -0.233109311704704E+005  0.223712260415666E+002 
      6.60000000 -0.233108782713764E+005  0.224241251355539E+002 
      6.62000000 -0.233107898015882E+005  0.225125949236776E+002 
      6.64000000 -0.233106658531039E+005  0.226365434080329E+002 
      6.66000000 -0.233105071197261E+005  0.227952767858681E+002 
      6.68000000 -0.233103148868045E+005  0.229875097074502E+002 
      6.70000000 -0.233100910117849E+005  0.232113847269944E+002 
      6.72000000 -0.233098378948220E+005  0.234645016899221E+002 
      6.74000000 -0.233095584390049E+005  0.237439575069991E+002 
      6.76000000 -0.233092560001081E+005  0.240463964038408E+002 
      6.78000000 -0.233089343261878E+005  0.243680703240997E+002 
      6.80000000 -0.233085974877841E+005  0.247049087278422E+002 
      6.82000000 -0.233082497999172E+005  0.250525965947667E+002 
      6.84000000 -0.233078957374733E+005  0.254066590385802E+002 
      6.86000000 -0.233075398459263E+005  0.257625505856613E+002 
      6.88000000 -0.233071866496219E+005  0.261157468899808E+002 
      6.90000000 -0.233068405600477E+005  0.264618364642622E+002 
      6.92000000 -0.233065057865998E+005  0.267966099121368E+002 
      6.94000000 -0.233061862523549E+005  0.271161441569985E+002 
      6.96000000 -0.233058855172345E+005  0.274168792773784E+002 
      6.98000000 -0.233056067107377E+005  0.276956857742499E+002 
      7.00000000 -0.233053524761129E+005  0.279499203989844E+002 
      7.02000000 -0.233051249274614E+005  0.281774690504956E+002 
      7.04000000 -0.233049256208221E+005  0.283767756898111E+002 
      7.06000000 -0.233047555398150E+005  0.285468566969554E+002 
      7.08000000 -0.233046150959266E+005  0.286873005853689E+002 
      7.10000000 -0.233045041430280E+005  0.287982534839154E+002 
      7.12000000 -0.233044220052561E+005  0.288803912558648E+002 
      7.14000000 -0.233043675169694E+005  0.289348795425147E+002 
      7.16000000 -0.233043390731339E+005  0.289633233779896E+002 
      7.18000000 -0.233043346882126E+005  0.289677082992783E+002 
      7.20000000 -0.233043520614391E+005  0.289503350728631E+002 
      7.22000000 -0.233043886462467E+005  0.289137502652208E+002 
      7.24000000 -0.233044417216155E+005  0.288606748963841E+002 
      7.26000000 -0.233045084631665E+005  0.287939333454558E+002 
      7.28000000 -0.233045860119876E+005  0.287163845242956E+002 
      7.30000000 -0.233046715393940E+005  0.286308571179365E+002 
      7.32000000 -0.233047623060925E+005  0.285400904193808E+002 
      7.34000000 -0.233048557145311E+005  0.284466819808502E+002 
      7.36000000 -0.233049493535367E+005  0.283530429751966E+002 
      7.38000000 -0.233050410346767E+005  0.282613618351786E+002 
      7.40000000 -0.233051288200892E+005  0.281735764227639E+002 
      7.42000000 -0.233052110418250E+005  0.280913546869554E+002 
      7.44000000 -0.233052863129961E+005  0.280160835157726E+002 
      7.46000000 -0.233053535312403E+005  0.279488652716047E+002 
      7.48000000 -0.233054118751821E+005  0.278905213298499E+002 
      7.50000000 -0.233054607946947E+005  0.278416018171908E+002 
      7.52000000 -0.233054999958468E+005  0.278024006651004E+002 
      7.54000000 -0.233055294214605E+005  0.277729750514415E+002 
      7.56000000 -0.233055492282129E+005  0.277531682989911E+002 
      7.58000000 -0.233055597611921E+005  0.277426353198093E+002 
      7.60000000 -0.233055615267731E+005  0.277408697387848E+002 
      7.62000000 -0.233055551646192E+005  0.277472318927652E+002 
      7.64000000 -0.233055414195393E+005  0.277609769726415E+002 
      7.66000000 -0.233055211138542E+005  0.277812826576803E+002 
      7.68000000 -0.233054951208373E+005  0.278072756746472E+002 
      7.70000000 -0.233054643397123E+005  0.278380567995888E+002 
      7.72000000 -0.233054296726077E+005  0.278727239042255E+002 
      7.74000000 -0.233053920037810E+005  0.279103927308775E+002 
      7.76000000 -0.233053521813533E+005  0.279502151586450E+002 
      7.78000000 -0.233053110017131E+005  0.279913947988467E+002 
      7.80000000 -0.233052691966843E+005  0.280331998275982E+002 
      7.82000000 -0.233052274234808E+005  0.280749730311121E+002 
      7.84000000 -0.233051862574126E+005  0.281161390993305E+002 
      7.86000000 -0.233051461872511E+005  0.281562092608101E+002 
      7.88000000 -0.233051076131118E+005  0.281947834001025E+002 
      7.90000000 -0.233050708466670E+005  0.282315498448941E+002 
      7.92000000 -0.233050361134667E+005  0.282662830452211E+002 
      7.94000000 -0.233050035571136E+005  0.282988393983287E+002 
      7.96000000 -0.233049732450175E+005  0.283291514944033E+002 
      7.98000000 -0.233049451754385E+005  0.283572210734516E+002 
      8.00000000 -0.233049192855207E+005  0.283831109912027E+002 
      8.02000000 -0.233048954600196E+005  0.284069364922900E+002 
      8.04000000 -0.233048735404315E+005  0.284288560804056E+002 
      8.06000000 -0.233048533342487E+005  0.284490622632134E+002 
      8.08000000 -0.233048346240833E+005  0.284677724286321E+002 
      8.10000000 -0.233048171764280E+005  0.284852200839042E+002 
      8.12000000 -0.233048007498517E+005  0.285016466601801E+002 
      8.14000000 -0.233047851024617E+005  0.285172940502152E+002 
      8.16000000 -0.233047699984999E+005  0.285323980119834E+002 
      8.18000000 -0.233047552139783E+005  0.285471825335700E+002 
      8.20000000 -0.233047405412956E+005  0.285618552162878E+002 
      8.22000000 -0.233047257928142E+005  0.285766036977568E+002 
      8.24000000 -0.233047108034106E+005  0.285915931013622E+002 
      8.26000000 -0.233046954320437E+005  0.286069644681704E+002 
      8.28000000 -0.233046795624117E+005  0.286228341002269E+002 
      8.30000000 -0.233046631027908E+005  0.286392937211538E+002 
      8.32000000 -0.233046459851673E+005  0.286564113446372E+002 
      8.34000000 -0.233046281637838E+005  0.286742327281603E+002 
      8.36000000 -0.233046096132276E+005  0.286927832843450E+002 
      8.38000000 -0.233045903261915E+005  0.287120703203795E+002 
      8.40000000 -0.233045703110306E+005  0.287320854813308E+002 
      8.42000000 -0.233045495892325E+005  0.287528072794592E+002 
      8.44000000 -0.233045281929064E+005  0.287742036055399E+002 
      8.46000000 -0.233045061623800E+005  0.287962341319131E+002 
      8.48000000 -0.233044835439784E+005  0.288188525335295E+002 
      8.50000000 -0.233044603880396E+005  0.288420084723619E+002 
      8.52000000 -0.233044367472036E+005  0.288656493083415E+002 
      8.54000000 -0.233044126749947E+005  0.288897215171903E+002 
      8.56000000 -0.233043882246988E+005  0.289141718131392E+002 
      8.58000000 -0.233043634485231E+005  0.289389479888117E+002 
      8.60000000 -0.233043383970160E+005  0.289639994959535E+002 
      8.62000000 -0.233043131187114E+005  0.289892778005161E+002 
      8.64000000 -0.233042876599595E+005  0.290147365524571E+002 
      8.66000000 -0.233042620648996E+005  0.290403316122987E+002 
      8.68000000 -0.233042363755339E+005  0.290660209780571E+002 
      8.70000000 -0.233042106318578E+005  0.290917646541619E+002 
      8.72000000 -0.233041848720137E+005  0.291175244982617E+002 
      8.74000000 -0.233041591324343E+005  0.291432640776175E+002 
      8.76000000 -0.233041334479537E+005  0.291689485582199E+002 
      8.78000000 -0.233041078518689E+005  0.291945446430066E+002 
      8.80000000 -0.233040823759449E+005  0.292200205670217E+002 
      8.82000000 -0.233040570503612E+005  0.292453461506987E+002 
      8.84000000 -0.233040319036071E+005  0.292704929047706E+002 
      8.86000000 -0.233040069623362E+005  0.292954341757542E+002 
      8.88000000 -0.233039822511960E+005  0.293201453158741E+002 
      8.90000000 -0.233039577926532E+005  0.293446038587128E+002 
      8.92000000 -0.233039336068341E+005  0.293687896778154E+002 
      8.94000000 -0.233039097114474E+005  0.293926850644871E+002 
      8.96000000 -0.233038861218034E+005  0.294162747085380E+002 
      8.98000000 -0.233038628508710E+005  0.294395456409602E+002 
      9.00000000 -0.233038399093794E+005  0.294624871325254E+002 
      9.02000000 -0.233038173059611E+005  0.294850905508412E+002 
      9.04000000 -0.233037950473279E+005  0.295073491840409E+002 
      9.06000000 -0.233037731384729E+005  0.295292580389718E+002 
      9.08000000 -0.233037515828874E+005  0.295508136245639E+002 
      9.10000000 -0.233037303827829E+005  0.295720137290679E+002 
      9.12000000 -0.233037095393111E+005  0.295928572007824E+002 
      9.14000000 -0.233036890527711E+005  0.296133437407846E+002 
      9.16000000 -0.233036689227964E+005  0.296334737155270E+002 
      9.18000000 -0.233036491485173E+005  0.296532479946202E+002 
      9.20000000 -0.233036297286940E+005  0.296726678179633E+002 
      9.22000000 -0.233036106618177E+005  0.296917346942131E+002 
      9.24000000 -0.233035919461810E+005  0.297104503309618E+002 
      9.26000000 -0.233035735799179E+005  0.297288165940072E+002 
      9.28000000 -0.233035555610190E+005  0.297468354929056E+002 
      9.30000000 -0.233035378873237E+005  0.297645091881765E+002 
      9.32000000 -0.233035205564975E+005  0.297818400144555E+002 
      9.34000000 -0.233035035659982E+005  0.297988305136692E+002 
      9.36000000 -0.233034869130394E+005  0.298154834725328E+002 
      9.38000000 -0.233034705945533E+005  0.298318019585994E+002 
      9.40000000 -0.233034546071623E+005  0.298477893496523E+002 
      9.42000000 -0.233034389471594E+005  0.298634493525136E+002 
      9.44000000 -0.233034236105044E+005  0.298787860075363E+002 
      9.46000000 -0.233034085928345E+005  0.298938036774208E+002 
      9.48000000 -0.233033938894927E+005  0.299085070192184E+002 
      9.50000000 -0.233033794955727E+005  0.299229009391834E+002 
      9.52000000 -0.233033654059792E+005  0.299369905327051E+002 
      9.54000000 -0.233033516155003E+005  0.299507810116491E+002 
      9.56000000 -0.233033381188898E+005  0.299642776220898E+002 
      9.58000000 -0.233033249109555E+005  0.299774855563907E+002 
      9.60000000 -0.233033119866472E+005  0.299904098647410E+002 
      9.62000000 -0.233032993411421E+005  0.300030553698158E+002 
      9.64000000 -0.233032869699230E+005  0.300154265889233E+002 
      9.66000000 -0.233032748688441E+005  0.300275276677837E+002 
      9.68000000 -0.233032630341829E+005  0.300393623290150E+002 
      9.70000000 -0.233032514626747E+005  0.300509338372124E+002 
      9.72000000 -0.233032401515297E+005  0.300622449822684E+002 
      9.74000000 -0.233032290984311E+005  0.300732980808106E+002 
      9.76000000 -0.233032183015168E+005  0.300840949951627E+002 
      9.78000000 -0.233032077593435E+005  0.300946371684255E+002 
      9.80000000 -0.233031974708388E+005  0.301049256730924E+002 
      9.82000000 -0.233031874352415E+005  0.301149612704584E+002 
      9.84000000 -0.233031776520341E+005  0.301247444778593E+002 
      9.86000000 -0.233031681208711E+005  0.301342756407764E+002 
      9.88000000 -0.233031588415053E+005  0.301435550066586E+002 
      9.90000000 -0.233031498137141E+005  0.301525827978228E+002 
      9.92000000 -0.233031410372310E+005  0.301613592809197E+002 
      9.94000000 -0.233031325116803E+005  0.301698848316425E+002 
      9.96000000 -0.233031242365196E+005  0.301781599923168E+002 
      9.98000000 -0.233031162109901E+005  0.301861855218557E+002 
     10.00000000 -0.233031084340744E+005  0.301939624374703E+002 
     10.02000000 -0.233031009044644E+005  0.302014920474713E+002 
     10.04000000 -0.233030936205364E+005  0.302087759755685E+002 
     10.06000000 -0.233030865803345E+005  0.302158161774312E+002 
     10.08000000 -0.233030797815621E+005  0.302226149498325E+002 
     10.10000000 -0.233030732215779E+005  0.302291749340647E+002 
     10.12000000 -0.233030668973972E+005  0.302354991146867E+002 
     10.14000000 -0.233030608056967E+005  0.302415908152511E+002 
     10.16000000 -0.233030549428201E+005  0.302474536917867E+002 
     10.18000000 -0.233030493047861E+005  0.302530917257942E+002 
     10.20000000 -0.233030438872953E+005  0.302585092166270E+002 
     10.22000000 -0.233030386857381E+005  0.302637107737942E+002 
     10.24000000 -0.233030336952032E+005  0.302687013087443E+002 
     10.26000000 -0.233030289104863E+005  0.302734860256058E+002 
     10.28000000 -0.233030243261030E+005  0.302780704089213E+002 
     10.30000000 -0.233030199363040E+005  0.302824602079694E+002 
     10.32000000 -0.233030157350957E+005  0.302866614161768E+002 
     10.34000000 -0.233030117162676E+005  0.302906802443342E+002 
     10.36000000 -0.233030078734243E+005  0.302945230875722E+002 
     10.38000000 -0.233030042000260E+005  0.302981964859401E+002 
     10.40000000 -0.233030006894326E+005  0.303017070792982E+002 
     10.42000000 -0.233029973349537E+005  0.303050615581706E+002 
     10.44000000 -0.233029941299000E+005  0.303082666119364E+002 
     10.46000000 -0.233029910676353E+005  0.303113288765923E+002 
     10.48000000 -0.233029881416275E+005  0.303142548843823E+002 
     10.50000000 -0.233029853454948E+005  0.303170510170666E+002 
     10.52000000 -0.233029826730475E+005  0.303197234644307E+002 
     10.54000000 -0.233029801183227E+005  0.303222781892283E+002 
     10.56000000 -0.233029776756128E+005  0.303247208991140E+002 
     10.58000000 -0.233029753394864E+005  0.303270570255539E+002 
     10.60000000 -0.233029731048026E+005  0.303292917092954E+002 
     10.62000000 -0.233029709667200E+005  0.303314297919400E+002 
     10.64000000 -0.233029689206992E+005  0.303334758127605E+002 
     10.66000000 -0.233029669625022E+005  0.303354340096964E+002 
     10.68000000 -0.233029650881872E+005  0.303373083247034E+002 
     10.70000000 -0.233029632940999E+005  0.303391024120004E+002 
     10.72000000 -0.233029615768624E+005  0.303408196495562E+002 
     10.74000000 -0.233029599333586E+005  0.303424631533261E+002 
     10.76000000 -0.233029583607177E+005  0.303440357941737E+002 
     10.78000000 -0.233029568562949E+005  0.303455402170045E+002 
     10.80000000 -0.233029554176497E+005  0.303469788622420E+002 
     10.82000000 -0.233029540425234E+005  0.303483539885557E+002 
     10.84000000 -0.233029527288151E+005  0.303496676968397E+002 
     10.86000000 -0.233029514745577E+005  0.303509219542497E+002 
     10.88000000 -0.233029502778940E+005  0.303521186178967E+002 
     10.90000000 -0.233029491370546E+005  0.303532594572754E+002 
     10.92000000 -0.233029480503370E+005  0.303543461749510E+002 
     10.94000000 -0.233029470160869E+005  0.303553804250525E+002 
     10.96000000 -0.233029460326830E+005  0.303563638289666E+002 
     10.98000000 -0.233029450985233E+005  0.303572979886029E+002 
     11.00000000 -0.233029442120150E+005  0.303581844968932E+002 
     11.02000000 -0.233029433715661E+005  0.303590249457702E+002 
     11.04000000 -0.233029425755801E+005  0.303598209318319E+002 
     11.06000000 -0.233029418224521E+005  0.303605740598492E+002 
     11.08000000 -0.233029411105674E+005  0.303612859445360E+002 
     11.10000000 -0.233029404383014E+005  0.303619582105025E+002 
     11.12000000 -0.233029398040212E+005  0.303625924907083E+002 
     11.14000000 -0.233029392060884E+005  0.303631904235331E+002 
     11.16000000 -0.233029386428634E+005  0.303637536484889E+002 
     11.18000000 -0.233029381127113E+005  0.303642838006019E+002 
     11.20000000 -0.233029376140083E+005  0.303647825036656E+002 
     11.22000000 -0.233029371451494E+005  0.303652513625097E+002 
     11.24000000 -0.233029367045577E+005  0.303656919541746E+002 
     11.26000000 -0.233029362906932E+005  0.303661058186704E+002 
     11.28000000 -0.233029359020624E+005  0.303664944494983E+002 
     11.30000000 -0.233029355372280E+005  0.303668592838968E+002 
     11.32000000 -0.233029351948179E+005  0.303672016940124E+002 
     11.34000000 -0.233029348735331E+005  0.303675229788471E+002 
     11.36000000 -0.233029345721543E+005  0.303678243576040E+002 
     11.38000000 -0.233029342895472E+005  0.303681069647657E+002 
     11.40000000 -0.233029340246644E+005  0.303683718474768E+002 
     11.42000000 -0.233029337765470E+005  0.303686199649254E+002 
     11.44000000 -0.233029335443217E+005  0.303688521902578E+002 
     11.46000000 -0.233029333271973E+005  0.303690693146687E+002 
     11.48000000 -0.233029331244585E+005  0.303692720534486E+002 
     11.50000000 -0.233029329354581E+005  0.303694610537675E+002 
     11.52000000 -0.233029327596084E+005  0.303696369035099E+002 
     11.54000000 -0.233029325963709E+005  0.303698001409768E+002 
     11.56000000 -0.233029324452474E+005  0.303699512645434E+002 
     11.58000000 -0.233029323057696E+005  0.303700907423048E+002 
     11.60000000 -0.233029321774912E+005  0.303702190206826E+002 
     11.62000000 -0.233029320599796E+005  0.303703365323445E+002 
     11.64000000 -0.233029319528092E+005  0.303704437027314E+002 
     11.66000000 -0.233029318555564E+005  0.303705409554777E+002 
     11.68000000 -0.233029317677954E+005  0.303706287165379E+002 
     11.70000000 -0.233029316890949E+005  0.303707074170451E+002 
     11.72000000 -0.233029316190163E+005  0.303707774955726E+002 
     11.74000000 -0.233029315571126E+005  0.303708393992969E+002 
     11.76000000 -0.233029315029270E+005  0.303708935849040E+002 
     11.78000000 -0.233029314559929E+005  0.303709405190229E+002 
     11.80000000 -0.233029314158333E+005  0.303709806786334E+002 
     11.82000000 -0.233029313819607E+005  0.303710145511811E+002 
     11.84000000 -0.233029313538769E+005  0.303710426350567E+002 
     11.86000000 -0.233029313310723E+005  0.303710654396577E+002 
     11.88000000 -0.233029313130263E+005  0.303710834855773E+002 
     11.90000000 -0.233029312992072E+005  0.303710973047188E+002 
     11.92000000 -0.233029312890720E+005  0.303711074399183E+002 
     11.94000000 -0.233029312820674E+005  0.303711144445206E+002 
     11.96000000 -0.233029312776305E+005  0.303711188813989E+002 
     11.98000000 -0.233029312751901E+005  0.303711213218502E+002 
     12.00000000 -0.233029312741678E+005  0.303711223441441E+002 
     12.02000000 -0.233029312737009E+005  0.303711228109926E+002 
     12.04000000 -0.233029312732375E+005  0.303711232744382E+002 
     12.06000000 -0.233029312727747E+005  0.303711237371784E+002 
     12.08000000 -0.233029312723122E+005  0.303711241997640E+002 
     12.10000000 -0.233029312718493E+005  0.303711246626280E+002 
     12.12000000 -0.233029312713858E+005  0.303711251261107E+002 
     12.14000000 -0.233029312709214E+005  0.303711255904781E+002 
     12.16000000 -0.233029312704560E+005  0.303711260559283E+002 
     12.18000000 -0.233029312699893E+005  0.303711265226655E+002 
     12.20000000 -0.233029312695211E+005  0.303711269908442E+002 
     12.22000000 -0.233029312690514E+005  0.303711274605543E+002 
     12.24000000 -0.233029312685801E+005  0.303711279318421E+002 
     12.26000000 -0.233029312681073E+005  0.303711284045777E+002 
     12.28000000 -0.233029312676333E+005  0.303711288785754E+002 
     12.30000000 -0.233029312671585E+005  0.303711293534394E+002 
     12.32000000 -0.233029312666832E+005  0.303711298286684E+002 
     12.34000000 -0.233029312662083E+005  0.303711303036004E+002 
     12.36000000 -0.233029312657345E+005  0.303711307774188E+002 
     12.38000000 -0.233029312652627E+005  0.303711312492572E+002 
     12.40000000 -0.233029312647938E+005  0.303711317181568E+002 
     12.42000000 -0.233029312643289E+005  0.303711321830687E+002 
     12.44000000 -0.233029312638688E+005  0.303711326430742E+002 
     12.46000000 -0.233029312634147E+005  0.303711330971988E+002 
     12.48000000 -0.233029312629672E+005  0.303711335446846E+002 
     12.50000000 -0.233029312625270E+005  0.303711339848820E+002 
     12.52000000 -0.233029312620945E+005  0.303711344174135E+002 
     12.54000000 -0.233029312616698E+005  0.303711348421460E+002 
     12.56000000 -0.233029312612526E+005  0.303711352592808E+002 
     12.58000000 -0.233029312608427E+005  0.303711356692229E+002 
     12.60000000 -0.233029312604393E+005  0.303711360726438E+002 
     12.62000000 -0.233029312600415E+005  0.303711364703849E+002 
     12.64000000 -0.233029312596486E+005  0.303711368633063E+002 
     12.66000000 -0.233029312592596E+005  0.303711372523049E+002 
     12.68000000 -0.233029312588738E+005  0.303711376381172E+002 
     12.70000000 -0.233029312584905E+005  0.303711380213742E+002 
     12.72000000 -0.233029312581094E+005  0.303711384024997E+002 
     12.74000000 -0.233029312577302E+005  0.303711387816886E+002 
     12.76000000 -0.233029312573529E+005  0.303711391589781E+002 
     12.78000000 -0.233029312569777E+005  0.303711395342567E+002 
     12.80000000 -0.233029312566046E+005  0.303711399073606E+002 
     12.82000000 -0.233029312562338E+005  0.303711402781103E+002 
     12.84000000 -0.233029312558655E+005  0.303711406463851E+002 
     12.86000000 -0.233029312554997E+005  0.303711410122066E+002 
     12.88000000 -0.233029312551362E+005  0.303711413757111E+002 
     12.90000000 -0.233029312547747E+005  0.303711417372296E+002 
     12.92000000 -0.233029312544147E+005  0.303711420972074E+002 
     12.94000000 -0.233029312540557E+005  0.303711424562138E+002 
     12.96000000 -0.233029312536971E+005  0.303711428148336E+002 
     12.98000000 -0.233029312533383E+005  0.303711431736575E+002 
     13.00000000 -0.233029312529787E+005  0.303711435331744E+002 
     13.02000000 -0.233029312526182E+005  0.303711438937523E+002 
     13.04000000 -0.233029312522563E+005  0.303711442556327E+002 
     13.06000000 -0.233029312518931E+005  0.303711446188526E+002 
     13.08000000 -0.233029312515287E+005  0.303711449832573E+002 
     13.10000000 -0.233029312511634E+005  0.303711453485282E+002 
     13.12000000 -0.233029312507976E+005  0.303711457142880E+002 
     13.14000000 -0.233029312504319E+005  0.303711460799703E+002 
     13.16000000 -0.233029312500669E+005  0.303711464450216E+002 
     13.18000000 -0.233029312497030E+005  0.303711468088726E+002 
     13.20000000 -0.233029312493408E+005  0.303711471710716E+002 
     13.22000000 -0.233029312489807E+005  0.303711475312196E+002 
     13.24000000 -0.233029312486228E+005  0.303711478891154E+002 
     13.26000000 -0.233029312482672E+005  0.303711482447035E+002 
     13.28000000 -0.233029312479138E+005  0.303711485981569E+002 
     13.30000000 -0.233029312475621E+005  0.303711489497728E+002 
     13.32000000 -0.233029312472119E+005  0.303711493000151E+002 
     13.34000000 -0.233029312468625E+005  0.303711496494315E+002 
     13.36000000 -0.233029312465133E+005  0.303711499985849E+002 
     13.38000000 -0.233029312461639E+005  0.303711503480569E+002 
     13.40000000 -0.233029312458136E+005  0.303711506983457E+002 
     13.42000000 -0.233029312454621E+005  0.303711510498193E+002 
     13.44000000 -0.233029312451092E+005  0.303711514027313E+002 
     13.46000000 -0.233029312447548E+005  0.303711517571345E+002 
     13.48000000 -0.233029312443990E+005  0.303711521129360E+002 
     13.50000000 -0.233029312440421E+005  0.303711524698667E+002 
     13.52000000 -0.233029312436844E+005  0.303711528275305E+002 
     13.54000000 -0.233029312433265E+005  0.303711531853985E+002 
     13.56000000 -0.233029312429690E+005  0.303711535428984E+002 
     13.58000000 -0.233029312426125E+005  0.303711538994330E+002 
     13.60000000 -0.233029312422575E+005  0.303711542543962E+002 
     13.62000000 -0.233029312419046E+005  0.303711546073547E+002 
     13.64000000 -0.233029312415541E+005  0.303711549578012E+002 
     13.66000000 -0.233029312412064E+005  0.303711553054820E+002 
     13.68000000 -0.233029312408617E+005  0.303711556502085E+002 
     13.70000000 -0.233029312405200E+005  0.303711559918909E+002 
     13.72000000 -0.233029312401813E+005  0.303711563305757E+002 
     13.74000000 -0.233029312398456E+005  0.303711566663586E+002 
     13.76000000 -0.233029312395125E+005  0.303711569994131E+002 
     13.78000000 -0.233029312391819E+005  0.303711573300236E+002 
     13.80000000 -0.233029312388534E+005  0.303711576584871E+002 
     13.82000000 -0.233029312385267E+005  0.303711579852245E+002 
     13.84000000 -0.233029312382013E+005  0.303711583106130E+002 
     13.86000000 -0.233029312378768E+005  0.303711586351106E+002 
     13.88000000 -0.233029312375528E+005  0.303711589591009E+002 
     13.90000000 -0.233029312372291E+005  0.303711592828622E+002 
     13.92000000 -0.233029312369053E+005  0.303711596065988E+002 
     13.94000000 -0.233029312365815E+005  0.303711599303724E+002 
     13.96000000 -0.233029312362578E+005  0.303711602540967E+002 
     13.98000000 -0.233029312359343E+005  0.303711605775734E+002 
     14.00000000 -0.233029312356113E+005  0.303711609006108E+002 
     14.02000000 -0.233029312352890E+005  0.303711612229027E+002 
     14.04000000 -0.233029312349676E+005  0.303711615443531E+002 
     14.06000000 -0.233029312346471E+005  0.303711618647795E+002 
     14.08000000 -0.233029312343278E+005  0.303711621841480E+002 
     14.10000000 -0.233029312340095E+005  0.303711625024584E+002 
     14.12000000 -0.233029312336922E+005  0.303711628197047E+002 
     14.14000000 -0.233029312333760E+005  0.303711631358774E+002 
     14.16000000 -0.233029312330610E+005  0.303711634509365E+002 
     14.18000000 -0.233029312327471E+005  0.303711637647768E+002 
     14.20000000 -0.233029312324346E+005  0.303711640773053E+002 
     14.22000000 -0.233029312321235E+005  0.303711643884015E+002 
     14.24000000 -0.233029312318139E+005  0.303711646980252E+002 
     14.26000000 -0.233029312315057E+005  0.303711650061887E+002 
     14.28000000 -0.233029312311989E+005  0.303711653129849E+002 
     14.30000000 -0.233029312308933E+005  0.303711656185931E+002 
     14.32000000 -0.233029312305886E+005  0.303711659232980E+002 
     14.34000000 -0.233029312302845E+005  0.303711662273842E+002 
     14.36000000 -0.233029312299807E+005  0.303711665311981E+002 
     14.38000000 -0.233029312296769E+005  0.303711668350430E+002 
     14.40000000 -0.233029312293727E+005  0.303711671392158E+002 
     14.42000000 -0.233029312290679E+005  0.303711674439795E+002 
     14.44000000 -0.233029312287623E+005  0.303711677495970E+002 
     14.46000000 -0.233029312284557E+005  0.303711680562446E+002 
     14.48000000 -0.233029312281478E+005  0.303711683641544E+002 
     14.50000000 -0.233029312278385E+005  0.303711686734162E+002 
     14.52000000 -0.233029312275278E+005  0.303711689840979E+002 
     14.54000000 -0.233029312272157E+005  0.303711692962304E+002 
     14.56000000 -0.233029312269022E+005  0.303711696097087E+002 
     14.58000000 -0.233029312265876E+005  0.303711699243625E+002 
     14.60000000 -0.233029312262720E+005  0.303711702399568E+002 
     14.62000000 -0.233029312259558E+005  0.303711705560739E+002 
     14.64000000 -0.233029312256396E+005  0.303711708722776E+002 
     14.66000000 -0.233029312253239E+005  0.303711711880575E+002 
     14.68000000 -0.233029312250091E+005  0.303711715028289E+002 
     14.70000000 -0.233029312246959E+005  0.303711718160102E+002 
     14.72000000 -0.233029312243849E+005  0.303711721270446E+002 
     14.74000000 -0.233029312240765E+005  0.303711724354370E+002 
     14.76000000 -0.233029312237711E+005  0.303711727408008E+002 
     14.78000000 -0.233029312234690E+005  0.303711730428793E+002 
     14.80000000 -0.233029312231703E+005  0.303711733416012E+002 
     14.82000000 -0.233029312228749E+005  0.303711736370068E+002 
     14.84000000 -0.233029312225825E+005  0.303711739293838E+002 
     14.86000000 -0.233029312222928E+005  0.303711742190941E+002 
     14.88000000 -0.233029312220052E+005  0.303711745066822E+002 
     14.90000000 -0.233029312217192E+005  0.303711747927545E+002 
     14.92000000 -0.233029312214339E+005  0.303711750780039E+002 
     14.94000000 -0.233029312211487E+005  0.303711753631760E+002 
     14.96000000 -0.233029312208629E+005  0.303711756489853E+002 
     14.98000000 -0.233029312205758E+005  0.303711759361496E+002 
     15.00000000 -0.233029312202867E+005  0.303711762252660E+002 
     15.02000000 -0.233029312199951E+005  0.303711765168448E+002 
     15.04000000 -0.233029312197007E+005  0.303711768111893E+002 
     15.06000000 -0.233029312194035E+005  0.303711771084696E+002 
     15.08000000 -0.233029312191033E+005  0.303711774085960E+002 
     15.10000000 -0.233029312188005E+005  0.303711777113798E+002 
     15.12000000 -0.233029312184956E+005  0.303711780163539E+002 
     15.14000000 -0.233029312181889E+005  0.303711783230201E+002 
     15.16000000 -0.233029312178812E+005  0.303711786307319E+002 
     15.18000000 -0.233029312175731E+005  0.303711789388150E+002 
     15.20000000 -0.233029312172653E+005  0.303711792466073E+002 
     15.22000000 -0.233029312169585E+005  0.303711795534375E+002 
     15.24000000 -0.233029312166532E+005  0.303711798586714E+002 
     15.26000000 -0.233029312163501E+005  0.303711801617800E+002 
     15.28000000 -0.233029312160497E+005  0.303711804622528E+002 
     15.30000000 -0.233029312157522E+005  0.303711807597188E+002 
     15.32000000 -0.233029312154581E+005  0.303711810538436E+002 
     15.34000000 -0.233029312151675E+005  0.303711813444635E+002 
     15.36000000 -0.233029312148804E+005  0.303711816315133E+002 
     15.38000000 -0.233029312145968E+005  0.303711819150705E+002 
     15.40000000 -0.233029312143165E+005  0.303711821954228E+002 
     15.42000000 -0.233029312140389E+005  0.303711824730032E+002 
     15.44000000 -0.233029312137635E+005  0.303711827484552E+002 
     15.46000000 -0.233029312134893E+005  0.303711830226018E+002 
     15.48000000 -0.233029312132155E+005  0.303711832963988E+002 
     15.50000000 -0.233029312129410E+005  0.303711835709196E+002 
     15.52000000 -0.233029312126648E+005  0.303711838471636E+002 
     15.54000000 -0.233029312123858E+005  0.303711841260866E+002 
     15.56000000 -0.233029312121036E+005  0.303711844083476E+002 
     15.58000000 -0.233029312118176E+005  0.303711846943086E+002 
     15.60000000 -0.233029312115280E+005  0.303711849839230E+002 
     15.62000000 -0.233029312112352E+005  0.303711852767145E+002 
     15.64000000 -0.233029312109401E+005  0.303711855718355E+002 
     15.66000000 -0.233029312106438E+005  0.303711858681413E+002 
     15.68000000 -0.233029312103475E+005  0.303711861643698E+002 
     15.70000000 -0.233029312100527E+005  0.303711864592588E+002 
     15.72000000 -0.233029312097602E+005  0.303711867517100E+002 
     15.74000000 -0.233029312094710E+005  0.303711870409502E+002 
     15.76000000 -0.233029312091853E+005  0.303711873265955E+002 
     15.78000000 -0.233029312089033E+005  0.303711876086616E+002 
     15.80000000 -0.233029312086244E+005  0.303711878875475E+002 
     15.82000000 -0.233029312083479E+005  0.303711881639895E+002 
     15.84000000 -0.233029312080731E+005  0.303711884388445E+002 
     15.86000000 -0.233029312077989E+005  0.303711887130498E+002 
     15.88000000 -0.233029312075245E+005  0.303711889874067E+002 
     15.90000000 -0.233029312072493E+005  0.303711892625927E+002 
     15.92000000 -0.233029312069730E+005  0.303711895389573E+002 
     15.94000000 -0.233029312066953E+005  0.303711898166089E+002 
     15.96000000 -0.233029312064165E+005  0.303711900953958E+002 
     15.98000000 -0.233029312061370E+005  0.303711903749252E+002 
     16.00000000 -0.233029312058573E+005  0.303711906546525E+002 
     16.02000000 -0.233029312055780E+005  0.303711909339654E+002 
     16.04000000 -0.233029312052997E+005  0.303711912121923E+002 
     16.06000000 -0.233029312050231E+005  0.303711914887890E+002 
     16.08000000 -0.233029312047486E+005  0.303711917632696E+002 
     16.10000000 -0.233029312044766E+005  0.303711920353002E+002 
     16.12000000 -0.233029312042072E+005  0.303711923047414E+002 
     16.14000000 -0.233029312039403E+005  0.303711925716304E+002 
     16.16000000 -0.233029312036758E+005  0.303711928361621E+002 
     16.18000000 -0.233029312034133E+005  0.303711930986304E+002 
     16.20000000 -0.233029312031525E+005  0.303711933594096E+002 
     16.22000000 -0.233029312028930E+005  0.303711936189669E+002 
     16.24000000 -0.233029312026342E+005  0.303711938776888E+002 
     16.26000000 -0.233029312023759E+005  0.303711941359777E+002 
     16.28000000 -0.233029312021178E+005  0.303711943941305E+002 
     16.30000000 -0.233029312018595E+005  0.303711946524379E+002 
     16.32000000 -0.233029312016008E+005  0.303711949111228E+002 
     16.34000000 -0.233029312013415E+005  0.303711951703706E+002 
     16.36000000 -0.233029312010815E+005  0.303711954303857E+002 
     16.38000000 -0.233029312008206E+005  0.303711956913103E+002 
     16.40000000 -0.233029312005587E+005  0.303711959532620E+002 
     16.42000000 -0.233029312002955E+005  0.303711962163830E+002 
     16.44000000 -0.233029312000312E+005  0.303711964806858E+002 
     16.46000000 -0.233029311997658E+005  0.303711967461394E+002 
     16.48000000 -0.233029311994993E+005  0.303711970126077E+002 
     16.50000000 -0.233029311992321E+005  0.303711972798556E+002 
     16.52000000 -0.233029311989644E+005  0.303711975475427E+002 
     16.54000000 -0.233029311986967E+005  0.303711978152639E+002 
     16.56000000 -0.233029311984293E+005  0.303711980825953E+002 
     16.58000000 -0.233029311981629E+005  0.303711983490512E+002 
     16.60000000 -0.233029311978977E+005  0.303711986142512E+002 
     16.62000000 -0.233029311976340E+005  0.303711988778857E+002 
     16.64000000 -0.233029311973722E+005  0.303711991397446E+002 
     16.66000000 -0.233029311971121E+005  0.303711993998401E+002 
     16.68000000 -0.233029311968536E+005  0.303711996583270E+002 
     16.70000000 -0.233029311965964E+005  0.303711999155115E+002 
     16.72000000 -0.233029311963400E+005  0.303712001719071E+002 
     16.74000000 -0.233029311960839E+005  0.303712004280583E+002 
     16.76000000 -0.233029311958273E+005  0.303712006846364E+002 
     16.78000000 -0.233029311955697E+005  0.303712009422694E+002 
     16.80000000 -0.233029311953104E+005  0.303712012015235E+002 
     16.82000000 -0.233029311950491E+005  0.303712014628162E+002 
     16.84000000 -0.233029311947856E+005  0.303712017263394E+002 
     16.86000000 -0.233029311945199E+005  0.303712019920653E+002 
     16.88000000 -0.233029311942523E+005  0.303712022596473E+002 
     16.90000000 -0.233029311939834E+005  0.303712025285533E+002 
     16.92000000 -0.233029311937139E+005  0.303712027979976E+002 
     16.94000000 -0.233029311934448E+005  0.303712030671016E+002 
     16.96000000 -0.233029311931770E+005  0.303712033349558E+002 
     16.98000000 -0.233029311929111E+005  0.303712036007868E+002 
     17.00000000 -0.233029311926479E+005  0.303712038640378E+002 
     17.02000000 -0.233029311923875E+005  0.303712041244551E+002 
     17.04000000 -0.233029311921298E+005  0.303712043821314E+002 
     17.06000000 -0.233029311918744E+005  0.303712046375216E+002 
     17.08000000 -0.233029311916205E+005  0.303712048913959E+002 
     17.10000000 -0.233029311913672E+005  0.303712051446670E+002 
     17.12000000 -0.233029311911137E+005  0.303712053982413E+002 
     17.14000000 -0.233029311908589E+005  0.303712056529695E+002 
     17.16000000 -0.233029311906025E+005  0.303712059094610E+002 
     17.18000000 -0.233029311903439E+005  0.303712061679973E+002 
     17.20000000 -0.233029311900834E+005  0.303712064285445E+002 
     17.22000000 -0.233029311898211E+005  0.303712066908055E+002 
     17.24000000 -0.233029311895577E+005  0.303712069542669E+002 
     17.26000000 -0.233029311892937E+005  0.303712072182448E+002 
     17.28000000 -0.233029311890298E+005  0.303712074821362E+002 
     17.30000000 -0.233029311887666E+005  0.303712077452758E+002 
     17.32000000 -0.233029311885048E+005  0.303712080071656E+002 
     17.34000000 -0.233029311882445E+005  0.303712082674220E+002 
     17.36000000 -0.233029311879862E+005  0.303712085257541E+002 
     17.38000000 -0.233029311877298E+005  0.303712087820941E+002 
     17.40000000 -0.233029311874755E+005  0.303712090364170E+002 
     17.42000000 -0.233029311872230E+005  0.303712092889085E+002 
     17.44000000 -0.233029311869721E+005  0.303712095398161E+002 
     17.46000000 -0.233029311867224E+005  0.303712097895265E+002 
     17.48000000 -0.233029311864734E+005  0.303712100385253E+002 
     17.50000000 -0.233029311862247E+005  0.303712102872674E+002 
     17.52000000 -0.233029311859757E+005  0.303712105361797E+002 
     17.54000000 -0.233029311857263E+005  0.303712107856611E+002 
     17.56000000 -0.233029311854761E+005  0.303712110358417E+002 
     17.58000000 -0.233029311852252E+005  0.303712112867401E+002 
     17.60000000 -0.233029311849738E+005  0.303712115381055E+002 
     17.62000000 -0.233029311847224E+005  0.303712117895607E+002 
     17.64000000 -0.233029311844713E+005  0.303712120406508E+002 
     17.66000000 -0.233029311842211E+005  0.303712122908500E+002 
     17.68000000 -0.233029311839721E+005  0.303712125397870E+002 
     17.70000000 -0.233029311837248E+005  0.303712127871524E+002 
     17.72000000 -0.233029311834789E+005  0.303712130329773E+002 
     17.74000000 -0.233029311832345E+005  0.303712132774502E+002 
     17.76000000 -0.233029311829910E+005  0.303712135209456E+002 
     17.78000000 -0.233029311827479E+005  0.303712137640574E+002 
     17.80000000 -0.233029311825046E+005  0.303712140073455E+002 
     17.82000000 -0.233029311822605E+005  0.303712142514442E+002 
     17.84000000 -0.233029311820151E+005  0.303712144967957E+002 
     17.86000000 -0.233029311817682E+005  0.303712147437126E+002 
     17.88000000 -0.233029311815197E+005  0.303712149922505E+002 
     17.90000000 -0.233029311812697E+005  0.303712152422548E+002 
     17.92000000 -0.233029311810186E+005  0.303712154933449E+002 
     17.94000000 -0.233029311807669E+005  0.303712157450538E+002 
     17.96000000 -0.233029311805151E+005  0.303712159968152E+002 
     17.98000000 -0.233029311802638E+005  0.303712162480755E+002 
     18.00000000 -0.233029311800135E+005  0.303712164984077E+002 
     18.02000000 -0.233029311797644E+005  0.303712167475086E+002 
     18.04000000 -0.233029311795167E+005  0.303712169952113E+002 
     18.06000000 -0.233029311792704E+005  0.303712172415373E+002 
     18.08000000 -0.233029311790253E+005  0.303712174865980E+002 
     18.10000000 -0.233029311787813E+005  0.303712177305791E+002 
     18.12000000 -0.233029311785383E+005  0.303712179736661E+002 
     18.14000000 -0.233029311782959E+005  0.303712182160107E+002 
     18.16000000 -0.233029311780541E+005  0.303712184577737E+002 
     18.18000000 -0.233029311778130E+005  0.303712186989304E+002 
     18.20000000 -0.233029311775725E+005  0.303712189394621E+002 
     18.22000000 -0.233029311773327E+005  0.303712191792483E+002 
     18.24000000 -0.233029311770937E+005  0.303712194182240E+002 
     18.26000000 -0.233029311768556E+005  0.303712196563211E+002 
     18.28000000 -0.233029311766184E+005  0.303712198934715E+002 
     18.30000000 -0.233029311763822E+005  0.303712201297558E+002 
     18.32000000 -0.233029311761466E+005  0.303712203653224E+002 
     18.34000000 -0.233029311759116E+005  0.303712206003104E+002 
     18.36000000 -0.233029311756769E+005  0.303712208350262E+002 
     18.38000000 -0.233029311754422E+005  0.303712210696864E+002 
     18.40000000 -0.233029311752074E+005  0.303712213045167E+002 
     18.42000000 -0.233029311749722E+005  0.303712215397151E+002 
     18.44000000 -0.233029311747365E+005  0.303712217753961E+002 
     18.46000000 -0.233029311745003E+005  0.303712220116371E+002 
     18.48000000 -0.233029311742635E+005  0.303712222484596E+002 
     18.50000000 -0.233029311740260E+005  0.303712224858885E+002 
     18.52000000 -0.233029311737880E+005  0.303712227239268E+002 
     18.54000000 -0.233029311735494E+005  0.303712229625529E+002 
     18.56000000 -0.233029311733101E+005  0.303712232017792E+002 
     18.58000000 -0.233029311730703E+005  0.303712234416180E+002 
     18.60000000 -0.233029311728299E+005  0.303712236820229E+002 
     18.62000000 -0.233029311725889E+005  0.303712239229784E+002 
     18.64000000 -0.233029311723475E+005  0.303712241643950E+002 
     18.66000000 -0.233029311721057E+005  0.303712244061796E+002 
     18.68000000 -0.233029311718637E+005  0.303712246482179E+002 
     18.70000000 -0.233029311716216E+005  0.303712248903429E+002 
     18.72000000 -0.233029311713794E+005  0.303712251324709E+002 
     18.74000000 -0.233029311711374E+005  0.303712253744783E+002 
     18.76000000 -0.233029311708956E+005  0.303712256162722E+002 
     18.78000000 -0.233029311706541E+005  0.303712258578496E+002 
     18.80000000 -0.233029311704128E+005  0.303712260991300E+002 
     18.82000000 -0.233029311701718E+005  0.303712263401505E+002 
     18.84000000 -0.233029311699311E+005  0.303712265808493E+002 
     18.86000000 -0.233029311696907E+005  0.303712268212140E+002 
     18.88000000 -0.233029311694509E+005  0.303712270610651E+002 
     18.90000000 -0.233029311692116E+005  0.303712273003100E+002 
     18.92000000 -0.233029311689732E+005  0.303712275386824E+002 
     18.94000000 -0.233029311687360E+005  0.303712277759442E+002 
     18.96000000 -0.233029311685001E+005  0.303712280118573E+002 
     18.98000000 -0.233029311682658E+005  0.303712282461400E+002 
     19.00000000 -0.233029311680333E+005  0.303712284786346E+002 
     19.02000000 -0.233029311678027E+005  0.303712287091803E+002 
     19.04000000 -0.233029311675741E+005  0.303712289377987E+002 
     19.06000000 -0.233029311673474E+005  0.303712291645238E+002 
     19.08000000 -0.233029311671223E+005  0.303712293895784E+002 
     19.10000000 -0.233029311668987E+005  0.303712296132285E+002 
     19.12000000 -0.233029311666760E+005  0.303712298358855E+002 
     19.14000000 -0.233029311664540E+005  0.303712300579393E+002 
     19.16000000 -0.233029311662320E+005  0.303712302799220E+002 
     19.18000000 -0.233029311660096E+005  0.303712305023161E+002 
     19.20000000 -0.233029311657863E+005  0.303712307255733E+002 
     19.22000000 -0.233029311655618E+005  0.303712309501051E+002 
     19.24000000 -0.233029311653356E+005  0.303712311762796E+002 
     19.26000000 -0.233029311651076E+005  0.303712314042730E+002 
     19.28000000 -0.233029311648777E+005  0.303712316342062E+002 
     19.30000000 -0.233029311646459E+005  0.303712318659800E+002 
     19.32000000 -0.233029311644125E+005  0.303712320994306E+002 
     19.34000000 -0.233029311641777E+005  0.303712323341773E+002 
     19.36000000 -0.233029311639421E+005  0.303712325697779E+002 
     19.38000000 -0.233029311637062E+005  0.303712328057405E+002 
     19.40000000 -0.233029311634705E+005  0.303712330414555E+002 
     19.42000000 -0.233029311632355E+005  0.303712332764002E+002 
     19.44000000 -0.233029311630019E+005  0.303712335100426E+002 
     19.46000000 -0.233029311627699E+005  0.303712337419773E+002 
     19.48000000 -0.233029311625401E+005  0.303712339718393E+002 
     19.50000000 -0.233029311623125E+005  0.303712341994492E+002 
     19.52000000 -0.233029311620872E+005  0.303712344247172E+002 
     19.54000000 -0.233029311618642E+005  0.303712346477238E+002 
     19.56000000 -0.233029311616432E+005  0.303712348687135E+002 
     19.58000000 -0.233029311614239E+005  0.303712350880604E+002 
     19.60000000 -0.233029311612056E+005  0.303712353062844E+002 
     19.62000000 -0.233029311609880E+005  0.303712355239484E+002 
     19.64000000 -0.233029311607703E+005  0.303712357416341E+002 
     19.66000000 -0.233029311605520E+005  0.303712359599168E+002 
     19.68000000 -0.233029311603327E+005  0.303712361792514E+002 
     19.70000000 -0.233029311601120E+005  0.303712363999657E+002 
     19.72000000 -0.233029311598897E+005  0.303712366222268E+002 
     19.74000000 -0.233029311596659E+005  0.303712368460594E+002 
     19.76000000 -0.233029311594406E+005  0.303712370713460E+002 
     19.78000000 -0.233029311592140E+005  0.303712372978700E+002 
     19.80000000 -0.233029311589866E+005  0.303712375253531E+002 
     19.82000000 -0.233029311587584E+005  0.303712377534981E+002 
     19.84000000 -0.233029311585300E+005  0.303712379819649E+002 
     19.86000000 -0.233029311583015E+005  0.303712382104627E+002 
     19.88000000 -0.233029311580733E+005  0.303712384386387E+002 
     19.90000000 -0.233029311578457E+005  0.303712386661898E+002 
     19.92000000 -0.233029311576192E+005  0.303712388927571E+002 
     19.94000000 -0.233029311573939E+005  0.303712391180313E+002 
     19.96000000 -0.233029311571702E+005  0.303712393417278E+002 
     19.98000000 -0.233029311569482E+005  0.303712395636919E+002 
     20.00000000 -0.233029311567280E+005  0.303712397838772E+002 
     20.02000000 -0.233029311565095E+005  0.303712400023796E+002 
     20.04000000 -0.233029311562924E+005  0.303712402195239E+002 
     20.06000000 -0.233029311560762E+005  0.303712404357154E+002 
     20.08000000 -0.233029311558604E+005  0.303712406515233E+002 
     20.10000000 -0.233029311556445E+005  0.303712408674426E+002 
     20.12000000 -0.233029311554280E+005  0.303712410838970E+002 
     20.14000000 -0.233029311552107E+005  0.303712413011898E+002 
     20.16000000 -0.233029311549926E+005  0.303712415193643E+002 
     20.18000000 -0.233029311547736E+005  0.303712417383090E+002 
     20.20000000 -0.233029311545541E+005  0.303712419577673E+002 
     20.22000000 -0.233029311543346E+005  0.303712421773618E+002 
     20.24000000 -0.233029311541151E+005  0.303712423967953E+002 
     20.26000000 -0.233029311538961E+005  0.303712426158143E+002 
     20.28000000 -0.233029311536776E+005  0.303712428343569E+002 
     20.30000000 -0.233029311534595E+005  0.303712430523860E+002 
     20.32000000 -0.233029311532419E+005  0.303712432700470E+002 
     20.34000000 -0.233029311530244E+005  0.303712434874852E+002 
     20.36000000 -0.233029311528071E+005  0.303712437047965E+002 
     20.38000000 -0.233029311525899E+005  0.303712439219749E+002 
     20.40000000 -0.233029311523731E+005  0.303712441388562E+002 
     20.42000000 -0.233029311521568E+005  0.303712443551436E+002 
     20.44000000 -0.233029311519415E+005  0.303712445703946E+002 
     20.46000000 -0.233029311517277E+005  0.303712447842133E+002 
     20.48000000 -0.233029311515157E+005  0.303712449962038E+002 
     20.50000000 -0.233029311513057E+005  0.303712452061895E+002 
     20.52000000 -0.233029311510977E+005  0.303712454141954E+002 
     20.54000000 -0.233029311508913E+005  0.303712456205926E+002 
     20.56000000 -0.233029311506859E+005  0.303712458260370E+002 
     20.58000000 -0.233029311504805E+005  0.303712460313979E+002 
     20.60000000 -0.233029311502742E+005  0.303712462376931E+002 
     20.62000000 -0.233029311500660E+005  0.303712464458722E+002 
     20.64000000 -0.233029311498551E+005  0.303712466568108E+002 
     20.66000000 -0.233029311496409E+005  0.303712468710595E+002 
     20.68000000 -0.233029311494231E+005  0.303712470888194E+002 
     20.70000000 -0.233029311492020E+005  0.303712473099637E+002 
     20.72000000 -0.233029311489779E+005  0.303712475339943E+002 
     20.74000000 -0.233029311487517E+005  0.303712477601905E+002 
     20.76000000 -0.233029311485242E+005  0.303712479877477E+002 
     20.78000000 -0.233029311482961E+005  0.303712482158278E+002 
     20.80000000 -0.233029311480682E+005  0.303712484437223E+002 
     20.82000000 -0.233029311478410E+005  0.303712486708960E+002 
     20.84000000 -0.233029311476149E+005  0.303712488970241E+002 
     20.86000000 -0.233029311473899E+005  0.303712491220075E+002 
     20.88000000 -0.233029311471660E+005  0.303712493459267E+002 
     20.90000000 -0.233029311469430E+005  0.303712495689148E+002 
     20.92000000 -0.233029311467207E+005  0.303712497911852E+002 
     20.94000000 -0.233029311464990E+005  0.303712500129142E+002 
     20.96000000 -0.233029311462778E+005  0.303712502341544E+002 
     20.98000000 -0.233029311460570E+005  0.303712504548996E+002 
     21.00000000 -0.233029311458369E+005  0.303712506750076E+002 
     21.02000000 -0.233029311456177E+005  0.303712508942648E+002 
     21.04000000 -0.233029311453996E+005  0.303712511123217E+002 
     21.06000000 -0.233029311451830E+005  0.303712513288782E+002 
     21.08000000 -0.233029311449684E+005  0.303712515435260E+002 
     21.10000000 -0.233029311447559E+005  0.303712517559681E+002 
     21.12000000 -0.233029311445460E+005  0.303712519659662E+002 
     21.14000000 -0.233029311443385E+005  0.303712521734215E+002 
     21.16000000 -0.233029311441335E+005  0.303712523783864E+002 
     21.18000000 -0.233029311439309E+005  0.303712525810404E+002 
     21.20000000 -0.233029311437302E+005  0.303712527817578E+002 
     21.22000000 -0.233029311435309E+005  0.303712529810088E+002 
     21.24000000 -0.233029311433326E+005  0.303712531793102E+002 
     21.26000000 -0.233029311431347E+005  0.303712533772681E+002 
     21.28000000 -0.233029311429365E+005  0.303712535754302E+002 
     21.30000000 -0.233029311427376E+005  0.303712537742884E+002 
     21.32000000 -0.233029311425376E+005  0.303712539742758E+002 
     21.34000000 -0.233029311423362E+005  0.303712541756923E+002 
     21.36000000 -0.233029311421332E+005  0.303712543786804E+002 
     21.38000000 -0.233029311419286E+005  0.303712545832710E+002 
     21.40000000 -0.233029311417226E+005  0.303712547893156E+002 
     21.42000000 -0.233029311415155E+005  0.303712549964676E+002 
     21.44000000 -0.233029311413077E+005  0.303712552042477E+002 
     21.46000000 -0.233029311410999E+005  0.303712554120649E+002 
     21.48000000 -0.233029311408925E+005  0.303712556193963E+002 
     21.50000000 -0.233029311406862E+005  0.303712558256884E+002 
     21.52000000 -0.233029311404813E+005  0.303712560306038E+002 
     21.54000000 -0.233029311402778E+005  0.303712562341085E+002 
     21.56000000 -0.233029311400755E+005  0.303712564364129E+002 
     21.58000000 -0.233029311398738E+005  0.303712566380925E+002 
     21.60000000 -0.233029311396720E+005  0.303712568399359E+002 
     21.62000000 -0.233029311394690E+005  0.303712570428745E+002 
     21.64000000 -0.233029311392641E+005  0.303712572478487E+002 
     21.66000000 -0.233029311390563E+005  0.303712574556597E+002 
     21.68000000 -0.233029311388451E+005  0.303712576668365E+002 
     21.70000000 -0.233029311386303E+005  0.303712578816514E+002 
     21.72000000 -0.233029311384119E+005  0.303712580999743E+002 
     21.74000000 -0.233029311381906E+005  0.303712583213321E+002 
     21.76000000 -0.233029311379669E+005  0.303712585450131E+002 
     21.78000000 -0.233029311377418E+005  0.303712587700739E+002 
     21.80000000 -0.233029311375164E+005  0.303712589955430E+002 
     21.82000000 -0.233029311372915E+005  0.303712592204182E+002 
     21.84000000 -0.233029311370681E+005  0.303712594438239E+002 
     21.86000000 -0.233029311368469E+005  0.303712596650610E+002 
     21.88000000 -0.233029311366282E+005  0.303712598837119E+002 
     21.90000000 -0.233029311364123E+005  0.303712600996187E+002 
     21.92000000 -0.233029311361990E+005  0.303712603129208E+002 
     21.94000000 -0.233029311359879E+005  0.303712605239955E+002 
     21.96000000 -0.233029311357784E+005  0.303712607335049E+002 
     21.98000000 -0.233029311355697E+005  0.303712609422471E+002 
     22.00000000 -0.233029311353608E+005  0.303712611511315E+002 
     22.02000000 -0.233029311351509E+005  0.303712613610647E+002 
     22.04000000 -0.233029311349390E+005  0.303712615728850E+002 
     22.06000000 -0.233029311347247E+005  0.303712617872017E+002 
     22.08000000 -0.233029311345075E+005  0.303712620044450E+002 
     22.10000000 -0.233029311342872E+005  0.303712622246798E+002 
     22.12000000 -0.233029311340642E+005  0.303712624476865E+002 
     22.14000000 -0.233029311338390E+005  0.303712626729483E+002 
     22.16000000 -0.233029311336122E+005  0.303712628997291E+002 
     22.18000000 -0.233029311333848E+005  0.303712631271286E+002 
     22.20000000 -0.233029311331577E+005  0.303712633541724E+002 
     22.22000000 -0.233029311329319E+005  0.303712635799973E+002 
     22.24000000 -0.233029311327081E+005  0.303712638037990E+002 
     22.26000000 -0.233029311324868E+005  0.303712640251010E+002 
     22.28000000 -0.233029311322684E+005  0.303712642434952E+002 
     22.30000000 -0.233029311320530E+005  0.303712644589349E+002 
     22.32000000 -0.233029311318404E+005  0.303712646715224E+002 
     22.34000000 -0.233029311316304E+005  0.303712648814927E+002 
     22.36000000 -0.233029311314228E+005  0.303712650890871E+002 
     22.38000000 -0.233029311312173E+005  0.303712652945872E+002 
     22.40000000 -0.233029311310138E+005  0.303712654980888E+002 
     22.42000000 -0.233029311308123E+005  0.303712656996539E+002 
     22.44000000 -0.233029311306126E+005  0.303712658992886E+002 
     22.46000000 -0.233029311304150E+005  0.303712660969155E+002 
     22.48000000 -0.233029311302194E+005  0.303712662925564E+002 
     22.50000000 -0.233029311300255E+005  0.303712664863844E+002 
     22.52000000 -0.233029311298331E+005  0.303712666787739E+002 
     22.54000000 -0.233029311296417E+005  0.303712668702322E+002 
     22.56000000 -0.233029311294505E+005  0.303712670614338E+002 
     22.58000000 -0.233029311292588E+005  0.303712672531489E+002 
     22.60000000 -0.233029311290658E+005  0.303712674461448E+002 
     22.62000000 -0.233029311288709E+005  0.303712676410215E+002 
     22.64000000 -0.233029311286737E+005  0.303712678382246E+002 
     22.66000000 -0.233029311284739E+005  0.303712680379769E+002 
     22.68000000 -0.233029311282717E+005  0.303712682402658E+002 
     22.70000000 -0.233029311280671E+005  0.303712684447945E+002 
     22.72000000 -0.233029311278608E+005  0.303712686511608E+002 
     22.74000000 -0.233029311276532E+005  0.303712688587645E+002 
     22.76000000 -0.233029311274450E+005  0.303712690669375E+002 
     22.78000000 -0.233029311272368E+005  0.303712692750733E+002 
     22.80000000 -0.233029311270294E+005  0.303712694825223E+002 
     22.82000000 -0.233029311268231E+005  0.303712696888051E+002 
     22.84000000 -0.233029311266184E+005  0.303712698935225E+002 
     22.86000000 -0.233029311264154E+005  0.303712700965230E+002 
     22.88000000 -0.233029311262142E+005  0.303712702977013E+002 
     22.90000000 -0.233029311260147E+005  0.303712704971720E+002 
     22.92000000 -0.233029311258168E+005  0.303712706951300E+002 
     22.94000000 -0.233029311256201E+005  0.303712708918598E+002 
     22.96000000 -0.233029311254243E+005  0.303712710876058E+002 
     22.98000000 -0.233029311252292E+005  0.303712712826960E+002 
     23.00000000 -0.233029311250345E+005  0.303712714774088E+002 
     23.02000000 -0.233029311248400E+005  0.303712716719515E+002 
     23.04000000 -0.233029311246454E+005  0.303712718665189E+002 
     23.06000000 -0.233029311244506E+005  0.303712720612904E+002 
     23.08000000 -0.233029311242555E+005  0.303712722563775E+002 
     23.10000000 -0.233029311240600E+005  0.303712724518885E+002 
     23.12000000 -0.233029311238641E+005  0.303712726478108E+002 
     23.14000000 -0.233029311236678E+005  0.303712728441323E+002 
     23.16000000 -0.233029311234712E+005  0.303712730407322E+002 
     23.18000000 -0.233029311232745E+005  0.303712732373939E+002 
     23.20000000 -0.233029311230780E+005  0.303712734339040E+002 
     23.22000000 -0.233029311228819E+005  0.303712736300244E+002 
     23.24000000 -0.233029311226864E+005  0.303712738255322E+002 
     23.26000000 -0.233029311224916E+005  0.303712740203471E+002 
     23.28000000 -0.233029311222975E+005  0.303712742144443E+002 
     23.30000000 -0.233029311221039E+005  0.303712744079784E+002 
     23.32000000 -0.233029311219107E+005  0.303712746011723E+002 
     23.34000000 -0.233029311217176E+005  0.303712747943228E+002 
     23.36000000 -0.233029311215241E+005  0.303712749878353E+002 
     23.38000000 -0.233029311213299E+005  0.303712751820345E+002 
     23.40000000 -0.233029311211347E+005  0.303712753772516E+002 
     23.42000000 -0.233029311209381E+005  0.303712755737710E+002 
     23.44000000 -0.233029311207401E+005  0.303712757718032E+002 
     23.46000000 -0.233029311205404E+005  0.303712759715090E+002 
     23.48000000 -0.233029311203390E+005  0.303712761729441E+002 
     23.50000000 -0.233029311201358E+005  0.303712763761240E+002 
     23.52000000 -0.233029311199310E+005  0.303712765809436E+002 
     23.54000000 -0.233029311197247E+005  0.303712767872603E+002 
     23.56000000 -0.233029311195171E+005  0.303712769948269E+002 
     23.58000000 -0.233029311193086E+005  0.303712772033278E+002 
     23.60000000 -0.233029311190996E+005  0.303712774123236E+002 
     23.62000000 -0.233029311188905E+005  0.303712776213875E+002 
     23.64000000 -0.233029311186819E+005  0.303712778300430E+002 
     23.66000000 -0.233029311184741E+005  0.303712780378324E+002 
     23.68000000 -0.233029311182676E+005  0.303712782443008E+002 
     23.70000000 -0.233029311180628E+005  0.303712784491357E+002 
     23.72000000 -0.233029311178599E+005  0.303712786520063E+002 
     23.74000000 -0.233029311176591E+005  0.303712788528320E+002 
     23.76000000 -0.233029311174603E+005  0.303712790516066E+002 
     23.78000000 -0.233029311172635E+005  0.303712792484292E+002 
     23.80000000 -0.233029311170683E+005  0.303712794435813E+002 
     23.82000000 -0.233029311168745E+005  0.303712796374341E+002 
     23.84000000 -0.233029311166815E+005  0.303712798304485E+002 
     23.86000000 -0.233029311164888E+005  0.303712800231164E+002 
     23.88000000 -0.233029311162959E+005  0.303712802159885E+002 
     23.90000000 -0.233029311161024E+005  0.303712804095691E+002 
     23.92000000 -0.233029311159076E+005  0.303712806042942E+002 
     23.94000000 -0.233029311157113E+005  0.303712808005693E+002 
     23.96000000 -0.233029311155133E+005  0.303712809986386E+002 
     23.98000000 -0.233029311153133E+005  0.303712811986507E+002 
     24.00000000 -0.233029311151113E+005  0.303712814005839E+002 
     24.02000000 -0.233029311149076E+005  0.303712816043515E+002 
     24.04000000 -0.233029311147022E+005  0.303712818097619E+002 
     24.06000000 -0.233029311144954E+005  0.303712820165242E+002 
     24.08000000 -0.233029311142876E+005  0.303712822243135E+002 
     24.10000000 -0.233029311140791E+005  0.303712824327958E+002 
     24.12000000 -0.233029311138703E+005  0.303712826415813E+002 
     24.14000000 -0.233029311136616E+005  0.303712828503173E+002 
     24.16000000 -0.233029311134532E+005  0.303712830586882E+002 
     24.18000000 -0.233029311132456E+005  0.303712832663661E+002 
     24.20000000 -0.233029311130387E+005  0.303712834732058E+002 
     24.22000000 -0.233029311128329E+005  0.303712836790245E+002 
     24.24000000 -0.233029311126280E+005  0.303712838838842E+002 
     24.26000000 -0.233029311124240E+005  0.303712840879272E+002 
     24.28000000 -0.233029311122206E+005  0.303712842913391E+002 
     24.30000000 -0.233029311120174E+005  0.303712844944974E+002 
     24.32000000 -0.233029311118142E+005  0.303712846976835E+002 
     24.34000000 -0.233029311116108E+005  0.303712849011573E+002 
     24.36000000 -0.233029311114068E+005  0.303712851050765E+002 
     24.38000000 -0.233029311112024E+005  0.303712853094784E+002 
     24.40000000 -0.233029311109977E+005  0.303712855142484E+002 
     24.42000000 -0.233029311107927E+005  0.303712857192040E+002 
     24.44000000 -0.233029311105878E+005  0.303712859241102E+002 
     24.46000000 -0.233029311103832E+005  0.303712861287378E+002 
     24.48000000 -0.233029311101789E+005  0.303712863329789E+002 
     24.50000000 -0.233029311099750E+005  0.303712865368796E+002 
     24.52000000 -0.233029311097713E+005  0.303712867406132E+002 
     24.54000000 -0.233029311095674E+005  0.303712869445170E+002 
     24.56000000 -0.233029311093629E+005  0.303712871490364E+002 
     24.58000000 -0.233029311091573E+005  0.303712873546139E+002 
     24.60000000 -0.233029311089503E+005  0.303712875615741E+002 
     24.62000000 -0.233029311087417E+005  0.303712877702080E+002 
     24.64000000 -0.233029311085314E+005  0.303712879805434E+002 
     24.66000000 -0.233029311083195E+005  0.303712881923791E+002 
     24.68000000 -0.233029311081067E+005  0.303712884052543E+002 
     24.70000000 -0.233029311078933E+005  0.303712886185718E+002 
     24.72000000 -0.233029311076803E+005  0.303712888315986E+002 
     24.74000000 -0.233029311074683E+005  0.303712890436261E+002 
     24.76000000 -0.233029311072579E+005  0.303712892540140E+002 
     24.78000000 -0.233029311070496E+005  0.303712894623169E+002 
     24.80000000 -0.233029311068435E+005  0.303712896683924E+002 
     24.82000000 -0.233029311066395E+005  0.303712898723983E+002 
     24.84000000 -0.233029311064372E+005  0.303712900747677E+002 
     24.86000000 -0.233029311062358E+005  0.303712902761440E+002 
     24.88000000 -0.233029311060347E+005  0.303712904772265E+002 
     24.90000000 -0.233029311058332E+005  0.303712906787544E+002 
     24.92000000 -0.233029311056307E+005  0.303712908812507E+002 
     24.94000000 -0.233029311054270E+005  0.303712910849410E+002 
     24.96000000 -0.233029311052221E+005  0.303712912898657E+002 
     24.98000000 -0.233029311050163E+005  0.303712914956194E+002 
     25.00000000 -0.233029311048102E+005  0.303712917016918E+002 
     25.02000000 -0.233029311046046E+005  0.303712919073497E+002 
     25.04000000 -0.233029311044000E+005  0.303712921119403E+002 
     25.06000000 -0.233029311041970E+005  0.303712923149067E+002 
     25.08000000 -0.233029311039961E+005  0.303712925158562E+002 
     25.10000000 -0.233029311037972E+005  0.303712927147112E+002 
     25.12000000 -0.233029311036003E+005  0.303712929116607E+002 
     25.14000000 -0.233029311034049E+005  0.303712931070448E+002 
     25.16000000 -0.233029311032105E+005  0.303712933014266E+002 
     25.18000000 -0.233029311030165E+005  0.303712934954618E+002 
     25.20000000 -0.233029311028221E+005  0.303712936897694E+002 
     25.22000000 -0.233029311026270E+005  0.303712938849215E+002 
     25.24000000 -0.233029311024306E+005  0.303712940813574E+002 
     25.26000000 -0.233029311022326E+005  0.303712942793308E+002 
     25.28000000 -0.233029311020329E+005  0.303712944789809E+002 
     25.30000000 -0.233029311018317E+005  0.303712946802645E+002 
     25.32000000 -0.233029311016289E+005  0.303712948829741E+002 
     25.34000000 -0.233029311014252E+005  0.303712950867542E+002 
     25.36000000 -0.233029311012206E+005  0.303712952913015E+002 
     25.38000000 -0.233029311010157E+005  0.303712954961766E+002 
     25.40000000 -0.233029311008109E+005  0.303712957010178E+002 
     25.42000000 -0.233029311006065E+005  0.303712959054661E+002 
     25.44000000 -0.233029311004027E+005  0.303712961092616E+002 
     25.46000000 -0.233029311001998E+005  0.303712963121507E+002 
     25.48000000 -0.233029310999979E+005  0.303712965140499E+002 
     25.50000000 -0.233029310997971E+005  0.303712967148168E+002 
     25.52000000 -0.233029310995975E+005  0.303712969144607E+002 
     25.54000000 -0.233029310993990E+005  0.303712971129539E+002 
     25.56000000 -0.233029310992016E+005  0.303712973103488E+002 
     25.58000000 -0.233029310990052E+005  0.303712975067290E+002 
     25.60000000 -0.233029310988097E+005  0.303712977022214E+002 
     25.62000000 -0.233029310986149E+005  0.303712978970022E+002 
     25.64000000 -0.233029310984206E+005  0.303712980912819E+002 
     25.66000000 -0.233029310982266E+005  0.303712982853203E+002 
     25.68000000 -0.233029310980325E+005  0.303712984793680E+002 
     25.70000000 -0.233029310978383E+005  0.303712986736136E+002 
     25.72000000 -0.233029310976437E+005  0.303712988682491E+002 
     25.74000000 -0.233029310974486E+005  0.303712990633362E+002 
     25.76000000 -0.233029310972531E+005  0.303712992588440E+002 
     25.78000000 -0.233029310970572E+005  0.303712994547540E+002 
     25.80000000 -0.233029310968610E+005  0.303712996509177E+002 
     25.82000000 -0.233029310966647E+005  0.303712998472422E+002 
     25.84000000 -0.233029310964683E+005  0.303713000436317E+002 
     25.86000000 -0.233029310962719E+005  0.303713002400460E+002 
     25.88000000 -0.233029310960754E+005  0.303713004364695E+002 
     25.90000000 -0.233029310958789E+005  0.303713006329921E+002 
     25.92000000 -0.233029310956822E+005  0.303713008296940E+002 
     25.94000000 -0.233029310954852E+005  0.303713010267115E+002 
     25.96000000 -0.233029310952878E+005  0.303713012241621E+002 
     25.98000000 -0.233029310950897E+005  0.303713014222345E+002 
     26.00000000 -0.233029310948909E+005  0.303713016210123E+002 
     26.02000000 -0.233029310946912E+005  0.303713018206748E+002 
     26.04000000 -0.233029310944907E+005  0.303713020212468E+002 
     26.06000000 -0.233029310942892E+005  0.303713022227624E+002 
     26.08000000 -0.233029310940867E+005  0.303713024251936E+002 
     26.10000000 -0.233029310938835E+005  0.303713026283952E+002 
     26.12000000 -0.233029310936798E+005  0.303713028321660E+002 
     26.14000000 -0.233029310934756E+005  0.303713030362709E+002 
     26.16000000 -0.233029310932715E+005  0.303713032404067E+002 
     26.18000000 -0.233029310930675E+005  0.303713034443723E+002 
     26.20000000 -0.233029310928640E+005  0.303713036479637E+002 
     26.22000000 -0.233029310926608E+005  0.303713038511653E+002 
     26.24000000 -0.233029310924579E+005  0.303713040540141E+002 
     26.26000000 -0.233029310922552E+005  0.303713042567455E+002 
     26.28000000 -0.233029310920523E+005  0.303713044595944E+002 
     26.30000000 -0.233029310918491E+005  0.303713046628609E+002 
     26.32000000 -0.233029310916451E+005  0.303713048667925E+002 
     26.34000000 -0.233029310914404E+005  0.303713050715347E+002 
     26.36000000 -0.233029310912348E+005  0.303713052771245E+002 
     26.38000000 -0.233029310910285E+005  0.303713054833980E+002 
     26.40000000 -0.233029310908218E+005  0.303713056900829E+002 
     26.42000000 -0.233029310906151E+005  0.303713058967833E+002 
     26.44000000 -0.233029310904089E+005  0.303713061030475E+002 
     26.46000000 -0.233029310902035E+005  0.303713063084517E+002 
     26.48000000 -0.233029310899993E+005  0.303713065125813E+002 
     26.50000000 -0.233029310897967E+005  0.303713067152384E+002 
     26.52000000 -0.233029310895956E+005  0.303713069163178E+002 
     26.54000000 -0.233029310893960E+005  0.303713071159092E+002 
     26.56000000 -0.233029310891976E+005  0.303713073142878E+002 
     26.58000000 -0.233029310890001E+005  0.303713075118003E+002 
     26.60000000 -0.233029310888030E+005  0.303713077089292E+002 
     26.62000000 -0.233029310886058E+005  0.303713079061014E+002 
     26.64000000 -0.233029310884081E+005  0.303713081037685E+002 
     26.66000000 -0.233029310882098E+005  0.303713083021565E+002 
     26.68000000 -0.233029310880105E+005  0.303713085013921E+002 
     26.70000000 -0.233029310878105E+005  0.303713087013856E+002 
     26.72000000 -0.233029310876100E+005  0.303713089018988E+002 
     26.74000000 -0.233029310874094E+005  0.303713091024894E+002 
     26.76000000 -0.233029310872093E+005  0.303713093026469E+002 
     26.78000000 -0.233029310870101E+005  0.303713095018546E+002 
     26.80000000 -0.233029310868123E+005  0.303713096995898E+002 
     26.82000000 -0.233029310866165E+005  0.303713098954503E+002 
     26.84000000 -0.233029310864227E+005  0.303713100891979E+002 
     26.86000000 -0.233029310862312E+005  0.303713102807677E+002 
     26.88000000 -0.233029310860417E+005  0.303713104702678E+002 
     26.90000000 -0.233029310858539E+005  0.303713106580417E+002 
     26.92000000 -0.233029310856674E+005  0.303713108445286E+002 
     26.94000000 -0.233029310854816E+005  0.303713110303567E+002 
     26.96000000 -0.233029310852957E+005  0.303713112161723E+002 
     26.98000000 -0.233029310851092E+005  0.303713114026871E+002 
     27.00000000 -0.233029310849214E+005  0.303713115905384E+002 
     27.02000000 -0.233029310847315E+005  0.303713117803850E+002 
     27.04000000 -0.233029310845393E+005  0.303713119726693E+002 
     27.06000000 -0.233029310843441E+005  0.303713121678492E+002 
     27.08000000 -0.233029310841458E+005  0.303713123661382E+002 
     27.10000000 -0.233029310839442E+005  0.303713125676692E+002 
     27.12000000 -0.233029310837395E+005  0.303713127723897E+002 
     27.14000000 -0.233029310835318E+005  0.303713129800800E+002 
     27.16000000 -0.233029310833216E+005  0.303713131903628E+002 
     27.18000000 -0.233029310831093E+005  0.303713134026595E+002 
     27.20000000 -0.233029310828957E+005  0.303713136162121E+002 
     27.22000000 -0.233029310826817E+005  0.303713138301732E+002 
     27.24000000 -0.233029310824683E+005  0.303713140436268E+002 
     27.26000000 -0.233029310822563E+005  0.303713142556544E+002 
     27.28000000 -0.233029310820466E+005  0.303713144653679E+002 
     27.30000000 -0.233029310818399E+005  0.303713146720374E+002 
     27.32000000 -0.233029310816368E+005  0.303713148751647E+002 
     27.34000000 -0.233029310814375E+005  0.303713150744188E+002 
     27.36000000 -0.233029310812421E+005  0.303713152698153E+002 
     27.38000000 -0.233029310810504E+005  0.303713154615242E+002 
     27.40000000 -0.233029310808619E+005  0.303713156500158E+002 
     27.42000000 -0.233029310806760E+005  0.303713158359336E+002 
     27.44000000 -0.233029310804919E+005  0.303713160200137E+002 
     27.46000000 -0.233029310803088E+005  0.303713162031318E+002 
     27.48000000 -0.233029310801258E+005  0.303713163861416E+002 
     27.50000000 -0.233029310799420E+005  0.303713165698815E+002 
     27.52000000 -0.233029310797568E+005  0.303713167551558E+002 
     27.54000000 -0.233029310795694E+005  0.303713169425491E+002 
     27.56000000 -0.233029310793793E+005  0.303713171325690E+002 
     27.58000000 -0.233029310791865E+005  0.303713173254535E+002 
     27.60000000 -0.233029310789907E+005  0.303713175212459E+002 
     27.62000000 -0.233029310787921E+005  0.303713177197731E+002 
     27.64000000 -0.233029310785913E+005  0.303713179206637E+002 
     27.66000000 -0.233029310783885E+005  0.303713181233734E+002 
     27.68000000 -0.233029310781846E+005  0.303713183273267E+002 
     27.70000000 -0.233029310779801E+005  0.303713185317935E+002 
     27.72000000 -0.233029310777758E+005  0.303713187361614E+002 
     27.74000000 -0.233029310775721E+005  0.303713189398610E+002 
     27.76000000 -0.233029310773695E+005  0.303713191424531E+002 
     27.78000000 -0.233029310771682E+005  0.303713193436996E+002 
     27.80000000 -0.233029310769685E+005  0.303713195434641E+002 
     27.82000000 -0.233029310767700E+005  0.303713197418707E+002 
     27.84000000 -0.233029310765728E+005  0.303713199391233E+002 
     27.86000000 -0.233029310763763E+005  0.303713201356334E+002 
     27.88000000 -0.233029310761800E+005  0.303713203318930E+002 
     27.90000000 -0.233029310759835E+005  0.303713205283939E+002 
     27.92000000 -0.233029310757862E+005  0.303713207256743E+002 
     27.94000000 -0.233029310755877E+005  0.303713209241891E+002 
     27.96000000 -0.233029310753876E+005  0.303713211243652E+002 
     27.98000000 -0.233029310751855E+005  0.303713213264469E+002 
     28.00000000 -0.233029310749813E+005  0.303713215306105E+002 
     28.02000000 -0.233029310747751E+005  0.303713217368469E+002 
     28.04000000 -0.233029310745669E+005  0.303713219450105E+002 
     28.06000000 -0.233029310743571E+005  0.303713221547952E+002 
     28.08000000 -0.233029310741461E+005  0.303713223658173E+002 
     28.10000000 -0.233029310739344E+005  0.303713225774984E+002 
     28.12000000 -0.233029310737227E+005  0.303713227892568E+002 
     28.14000000 -0.233029310735114E+005  0.303713230004986E+002 
     28.16000000 -0.233029310733012E+005  0.303713232106730E+002 
     28.18000000 -0.233029310730926E+005  0.303713234193224E+002 
     28.20000000 -0.233029310728858E+005  0.303713236261527E+002 
     28.22000000 -0.233029310726808E+005  0.303713238311021E+002 
     28.24000000 -0.233029310724777E+005  0.303713240342233E+002 
     28.26000000 -0.233029310722761E+005  0.303713242357945E+002 
     28.28000000 -0.233029310720756E+005  0.303713244362737E+002 
     28.30000000 -0.233029310718757E+005  0.303713246361806E+002 
     28.32000000 -0.233029310716759E+005  0.303713248360318E+002 
     28.34000000 -0.233029310714755E+005  0.303713250364213E+002 
     28.36000000 -0.233029310712741E+005  0.303713252378163E+002 
     28.38000000 -0.233029310710714E+005  0.303713254405352E+002 
     28.40000000 -0.233029310708671E+005  0.303713256448567E+002 
     28.42000000 -0.233029310706611E+005  0.303713258508363E+002 
     28.44000000 -0.233029310704535E+005  0.303713260583812E+002 
     28.46000000 -0.233029310702447E+005  0.303713262672657E+002 
     28.48000000 -0.233029310700348E+005  0.303713264771308E+002 
     28.50000000 -0.233029310698244E+005  0.303713266875002E+002 
     28.52000000 -0.233029310696141E+005  0.303713268978633E+002 
     28.54000000 -0.233029310694042E+005  0.303713271076882E+002 
     28.56000000 -0.233029310691954E+005  0.303713273165108E+002 
     28.58000000 -0.233029310689880E+005  0.303713275239073E+002 
     28.60000000 -0.233029310687822E+005  0.303713277296827E+002 
     28.62000000 -0.233029310685782E+005  0.303713279337102E+002 
     28.64000000 -0.233029310683759E+005  0.303713281359930E+002 
     28.66000000 -0.233029310681752E+005  0.303713283367290E+002 
     28.68000000 -0.233029310679757E+005  0.303713285362461E+002 
     28.70000000 -0.233029310677771E+005  0.303713287348413E+002 
     28.72000000 -0.233029310675790E+005  0.303713289329663E+002 
     28.74000000 -0.233029310673809E+005  0.303713291309862E+002 
     28.76000000 -0.233029310671826E+005  0.303713293293153E+002 
     28.78000000 -0.233029310669837E+005  0.303713295282632E+002 
     28.80000000 -0.233029310667839E+005  0.303713297280495E+002 
     28.82000000 -0.233029310665831E+005  0.303713299287947E+002 
     28.84000000 -0.233029310663815E+005  0.303713301304340E+002 
     28.86000000 -0.233029310661792E+005  0.303713303327663E+002 
     28.88000000 -0.233029310659765E+005  0.303713305354017E+002 
     28.90000000 -0.233029310657740E+005  0.303713307378670E+002 
     28.92000000 -0.233029310655724E+005  0.303713309395280E+002 
     28.94000000 -0.233029310653721E+005  0.303713311398309E+002 
     28.96000000 -0.233029310651737E+005  0.303713313382065E+002 
     28.98000000 -0.233029310649777E+005  0.303713315342371E+002 
     29.00000000 -0.233029310647842E+005  0.303713317277094E+002 
     29.02000000 -0.233029310645933E+005  0.303713319186171E+002 
     29.04000000 -0.233029310644047E+005  0.303713321072231E+002 
     29.06000000 -0.233029310642179E+005  0.303713322940318E+002 
     29.08000000 -0.233029310640322E+005  0.303713324797485E+002 
     29.10000000 -0.233029310638467E+005  0.303713326652548E+002 
     29.12000000 -0.233029310636604E+005  0.303713328514757E+002 
     29.14000000 -0.233029310634725E+005  0.303713330393981E+002 
     29.16000000 -0.233029310632821E+005  0.303713332298294E+002 
     29.18000000 -0.233029310630884E+005  0.303713334235151E+002 
     29.20000000 -0.233029310628911E+005  0.303713336208420E+002 
     29.22000000 -0.233029310626899E+005  0.303713338219801E+002 
     29.24000000 -0.233029310624852E+005  0.303713340267068E+002 
     29.26000000 -0.233029310622773E+005  0.303713342345704E+002 
     29.28000000 -0.233029310620671E+005  0.303713344447913E+002 
     29.30000000 -0.233029310618555E+005  0.303713346564599E+002 
     29.32000000 -0.233029310616433E+005  0.303713348686360E+002 
     29.34000000 -0.233029310614316E+005  0.303713350803418E+002 
     29.36000000 -0.233029310612211E+005  0.303713352908349E+002 
     29.38000000 -0.233029310610124E+005  0.303713354995244E+002 
     29.40000000 -0.233029310608058E+005  0.303713357060763E+002 
     29.42000000 -0.233029310606015E+005  0.303713359104287E+002 
     29.44000000 -0.233029310603992E+005  0.303713361127208E+002 
     29.46000000 -0.233029310601988E+005  0.303713363131381E+002 
     29.48000000 -0.233029310599999E+005  0.303713365120087E+002 
     29.50000000 -0.233029310598023E+005  0.303713367095923E+002 
     29.52000000 -0.233029310596058E+005  0.303713369060963E+002 
     29.54000000 -0.233029310594102E+005  0.303713371017000E+002 
     29.56000000 -0.233029310592154E+005  0.303713372964994E+002 
     29.58000000 -0.233029310590213E+005  0.303713374905904E+002 
     29.60000000 -0.233029310588278E+005  0.303713376840781E+002 
     29.62000000 -0.233029310586348E+005  0.303713378771204E+002 
     29.64000000 -0.233029310584420E+005  0.303713380699399E+002 
     29.66000000 -0.233029310582491E+005  0.303713382627903E+002 
     29.68000000 -0.233029310580560E+005  0.303713384559316E+002 
     29.70000000 -0.233029310578623E+005  0.303713386496359E+002 
     29.72000000 -0.233029310576678E+005  0.303713388441105E+002 
     29.74000000 -0.233029310574724E+005  0.303713390394822E+002 
     29.76000000 -0.233029310572761E+005  0.303713392358129E+002 
     29.78000000 -0.233029310570789E+005  0.303713394330346E+002 
     29.80000000 -0.233029310568809E+005  0.303713396310544E+002 
     29.82000000 -0.233029310566822E+005  0.303713398297517E+002 
     29.84000000 -0.233029310564830E+005  0.303713400289440E+002 
     29.86000000 -0.233029310562834E+005  0.303713402284951E+002 
     29.88000000 -0.233029310560836E+005  0.303713404282907E+002 
     29.90000000 -0.233029310558837E+005  0.303713406282038E+002 
     29.92000000 -0.233029310556838E+005  0.303713408281632E+002 
     29.94000000 -0.233029310554839E+005  0.303713410280454E+002 
     29.96000000 -0.233029310552842E+005  0.303713412277667E+002 
     29.98000000 -0.233029310550847E+005  0.303713414272436E+002 
     30.00000000 -0.233029310548856E+005  0.303713416263554E+002 
