 Total number of iteration =          150
 
 Number of states =          864
 Number of electrons =          864
 
 Total energy (eV) =   -23333.3023964056     
 1-particle energies (eV)
     1        -6.1310      2        -6.0236      3        -5.9888      4        -5.9439
     5        -5.8830      6        -5.8357      7        -5.7992      8        -5.6946
     9        -5.4255     10        -5.3739     11        -5.2957     12        -5.2242
    13        -5.2053     14        -5.1720     15        -5.1346     16        -5.1228
    17        -5.1114     18        -5.0621     19        -5.0146     20        -4.9928
    21        -4.9627     22        -4.9311     23        -4.9199     24        -4.8941
    25        -4.8843     26        -4.8433     27        -4.8040     28        -4.7829
    29        -4.7448     30        -4.7014     31        -4.6689     32        -4.6455
    33        -4.5438     34        -4.4942     35        -4.4612     36        -4.4009
    37        -4.3635     38        -4.3138     39        -4.2912     40        -4.2699
    41        -4.2151     42        -4.1814     43        -4.1679     44        -4.1504
    45        -4.1179     46        -4.0931     47        -4.0723     48        -4.0397
    49        -3.9962     50        -3.9573     51        -3.9414     52        -3.9239
    53        -3.8843     54        -3.8679     55        -3.8518     56        -3.8085
    57        -3.7803     58        -3.7605     59        -3.7050     60        -3.6954
    61        -3.6695     62        -3.6436     63        -3.6132     64        -3.5830
    65        -3.5667     66        -3.5392     67        -3.5105     68        -3.4744
    69        -3.4599     70        -3.4178     71        -3.3862     72        -3.3530
    73        -3.3281     74        -3.3065     75        -3.2749     76        -3.2279
    77        -3.2029     78        -3.1911     79        -3.1716     80        -3.1232
    81        -3.0872     82        -3.0415     83        -3.0341     84        -3.0095
    85        -2.9790     86        -2.9208     87        -2.9070     88        -2.8933
    89        -2.8396     90        -2.8122     91        -2.7990     92        -2.7569
    93        -2.7402     94        -2.7104     95        -2.6919     96        -2.6208
    97        -2.6113     98        -2.5941     99        -2.5533    100        -2.4979
   101        -2.4655    102        -2.4232    103        -2.4031    104        -2.3519
   105        -2.2833    106        -2.2605    107        -2.2109    108        -2.1997
   109        -2.1118    110        -2.0693    111        -2.0422    112        -1.9934
   113        -1.9324    114        -1.9012    115        -1.8747    116        -1.8351
   117        -1.7757    118        -1.7357    119        -1.7156    120        -1.6455
   121        -1.6088    122        -1.5393    123        -1.4936    124        -1.4676
   125        -1.4155    126        -1.3504    127        -1.3202    128        -1.2965
   129        -1.2794    130        -1.2609    131        -1.2188    132        -1.1897
   133        -1.1687    134        -1.1554    135        -1.1199    136        -1.1012
   137        -1.0667    138        -1.0516    139        -1.0292    140        -0.9963
   141        -0.9612    142        -0.9410    143        -0.9171    144        -0.8850
   145        -0.8517    146        -0.8110    147        -0.7902    148        -0.7464
   149        -0.7006    150        -0.6793    151        -0.6466    152        -0.6110
   153        -0.5869    154        -0.5678    155        -0.5425    156        -0.5125
   157        -0.4611    158        -0.4467    159        -0.4220    160        -0.4054
   161        -0.3742    162        -0.3362    163        -0.3054    164        -0.2720
   165        -0.2294    166        -0.1921    167        -0.1743    168        -0.1191
   169        -0.1044    170        -0.0546    171        -0.0114    172         0.0103
   173         0.0392    174         0.1073    175         0.1536    176         0.1707
   177         0.1776    178         0.2430    179         0.2977    180         0.3320
   181         0.3622    182         0.4228    183         0.4534    184         0.5029
   185         0.5519    186         0.5792    187         0.5936    188         0.6388
   189         0.6571    190         0.7089    191         0.7474    192         0.7633
   193         0.7982    194         0.8603    195         0.8881    196         0.9357
   197         0.9472    198         0.9893    199         1.0261    200         1.0621
   201         1.0896    202         1.1716    203         1.1892    204         1.2197
   205         1.2411    206         1.2979    207         1.3248    208         1.3798
   209         1.3983    210         1.4079    211         1.4337    212         1.4599
   213         1.4804    214         1.5114    215         1.5273    216         1.5583
   217         1.5715    218         1.5936    219         1.6096    220         1.6302
   221         1.6481    222         1.6820    223         1.6919    224         1.7173
   225         1.7308    226         1.7529    227         1.7630    228         1.7802
   229         1.8110    230         1.8243    231         1.8372    232         1.8560
   233         1.8843    234         1.8976    235         1.9271    236         1.9550
   237         1.9679    238         1.9977    239         2.0186    240         2.0280
   241         2.0593    242         2.0878    243         2.0944    244         2.1150
   245         2.1313    246         2.1596    247         2.1727    248         2.1915
   249         2.2149    250         2.2269    251         2.2321    252         2.2654
   253         2.2828    254         2.2946    255         2.3051    256         2.3325
   257         2.3453    258         2.3549    259         2.3878    260         2.3939
   261         2.4146    262         2.4351    263         2.4403    264         2.4602
   265         2.4672    266         2.4809    267         2.4970    268         2.5175
   269         2.5354    270         2.5536    271         2.5602    272         2.5808
   273         2.5979    274         2.6078    275         2.6283    276         2.6460
   277         2.6604    278         2.6822    279         2.6935    280         2.7027
   281         2.7305    282         2.7386    283         2.7452    284         2.7650
   285         2.7921    286         2.8133    287         2.8245    288         2.8311
   289         2.8564    290         2.8722    291         2.8867    292         2.9067
   293         2.9392    294         2.9463    295         2.9597    296         2.9666
   297         2.9948    298         3.0052    299         3.0207    300         3.0426
   301         3.0528    302         3.0614    303         3.0729    304         3.0913
   305         3.0983    306         3.1203    307         3.1265    308         3.1511
   309         3.1649    310         3.1768    311         3.2030    312         3.2113
   313         3.2228    314         3.2547    315         3.2647    316         3.2765
   317         3.2934    318         3.3026    319         3.3261    320         3.3527
   321         3.3608    322         3.3829    323         3.3898    324         3.4136
   325         3.4305    326         3.4328    327         3.4542    328         3.4630
   329         3.4820    330         3.4985    331         3.5146    332         3.5230
   333         3.5369    334         3.5531    335         3.5619    336         3.5851
   337         3.5930    338         3.6113    339         3.6161    340         3.6340
   341         3.6450    342         3.6639    343         3.6688    344         3.6856
   345         3.6958    346         3.7009    347         3.7251    348         3.7444
   349         3.7613    350         3.7690    351         3.7740    352         3.7814
   353         3.8066    354         3.8171    355         3.8342    356         3.8504
   357         3.8626    358         3.8948    359         3.9037    360         3.9195
   361         3.9297    362         3.9491    363         3.9561    364         3.9655
   365         3.9895    366         4.0005    367         4.0190    368         4.0273
   369         4.0510    370         4.0580    371         4.0797    372         4.0895
   373         4.1102    374         4.1210    375         4.1385    376         4.1611
   377         4.1717    378         4.1854    379         4.1983    380         4.2165
   381         4.2336    382         4.2494    383         4.2525    384         4.2833
   385         4.3001    386         4.3206    387         4.3302    388         4.3498
   389         4.3768    390         4.3832    391         4.3934    392         4.4138
   393         4.4408    394         4.4518    395         4.4612    396         4.4753
   397         4.4865    398         4.5198    399         4.5303    400         4.5450
   401         4.5662    402         4.5784    403         4.6089    404         4.6425
   405         4.6526    406         4.6723    407         4.6757    408         4.7028
   409         4.7207    410         4.7318    411         4.7589    412         4.7898
   413         4.8165    414         4.8435    415         4.8811    416         4.8926
   417         4.9097    418         4.9260    419         4.9388    420         4.9530
   421         4.9959    422         5.0197    423         5.0567    424         5.0921
   425         5.1029    426         5.1401    427         5.1724    428         5.2116
   429         5.2585    430         5.3472    431         5.3821    432         5.4785
   433         6.1833    434         6.2361    435         6.2818    436         6.3604
   437         6.4127    438         6.4284    439         6.4534    440         6.4823
   441         6.5377    442         6.5774    443         6.5833    444         6.6149
   445         6.6534    446         6.6840    447         6.7252    448         6.7396
   449         6.7602    450         6.7833    451         6.8100    452         6.8204
   453         6.8453    454         6.8874    455         6.9073    456         6.9189
   457         6.9376    458         6.9602    459         6.9865    460         6.9875
   461         7.0154    462         7.0406    463         7.0639    464         7.0739
   465         7.0878    466         7.1056    467         7.1225    468         7.1382
   469         7.1726    470         7.1889    471         7.2006    472         7.2126
   473         7.2288    474         7.2535    475         7.2638    476         7.2876
   477         7.3034    478         7.3254    479         7.3348    480         7.3526
   481         7.3609    482         7.3794    483         7.3914    484         7.4100
   485         7.4260    486         7.4445    487         7.4648    488         7.4849
   489         7.5117    490         7.5265    491         7.5361    492         7.5599
   493         7.5671    494         7.5795    495         7.5994    496         7.6246
   497         7.6378    498         7.6522    499         7.6677    500         7.6812
   501         7.6995    502         7.7159    503         7.7293    504         7.7495
   505         7.7682    506         7.7791    507         7.7887    508         7.8181
   509         7.8334    510         7.8506    511         7.8621    512         7.8734
   513         7.8958    514         7.9064    515         7.9175    516         7.9258
   517         7.9431    518         7.9612    519         7.9829    520         7.9998
   521         8.0159    522         8.0361    523         8.0429    524         8.0630
   525         8.0785    526         8.0978    527         8.1035    528         8.1311
   529         8.1552    530         8.1631    531         8.1683    532         8.1860
   533         8.1989    534         8.2073    535         8.2236    536         8.2378
   537         8.2564    538         8.2692    539         8.2821    540         8.2923
   541         8.3098    542         8.3171    543         8.3295    544         8.3595
   545         8.3645    546         8.3756    547         8.3931    548         8.4146
   549         8.4192    550         8.4380    551         8.4632    552         8.4740
   553         8.4834    554         8.4926    555         8.5058    556         8.5100
   557         8.5202    558         8.5449    559         8.5484    560         8.5696
   561         8.5793    562         8.6016    563         8.6135    564         8.6267
   565         8.6368    566         8.6498    567         8.6666    568         8.6821
   569         8.6884    570         8.6974    571         8.7134    572         8.7343
   573         8.7452    574         8.7609    575         8.7778    576         8.7894
   577         8.7966    578         8.8148    579         8.8241    580         8.8332
   581         8.8437    582         8.8606    583         8.8787    584         8.8840
   585         8.9020    586         8.9135    587         8.9234    588         8.9343
   589         8.9629    590         8.9689    591         8.9827    592         8.9910
   593         9.0071    594         9.0275    595         9.0376    596         9.0459
   597         9.0529    598         9.0732    599         9.0928    600         9.1099
   601         9.1308    602         9.1361    603         9.1481    604         9.1672
   605         9.1829    606         9.1959    607         9.2060    608         9.2205
   609         9.2244    610         9.2373    611         9.2477    612         9.2528
   613         9.2855    614         9.2991    615         9.3100    616         9.3288
   617         9.3358    618         9.3570    619         9.3673    620         9.3785
   621         9.3875    622         9.3989    623         9.4132    624         9.4242
   625         9.4360    626         9.4586    627         9.4704    628         9.4848
   629         9.5020    630         9.5066    631         9.5294    632         9.5394
   633         9.5455    634         9.5616    635         9.5797    636         9.5836
   637         9.6038    638         9.6181    639         9.6297    640         9.6566
   641         9.6707    642         9.6775    643         9.6935    644         9.7207
   645         9.7238    646         9.7368    647         9.7566    648         9.7661
   649         9.7853    650         9.7914    651         9.8010    652         9.8206
   653         9.8409    654         9.8455    655         9.8550    656         9.8671
   657         9.8827    658         9.9072    659         9.9219    660         9.9393
   661         9.9489    662         9.9617    663         9.9859    664         9.9963
   665        10.0124    666        10.0311    667        10.0343    668        10.0520
   669        10.0743    670        10.0782    671        10.0938    672        10.1207
   673        10.1308    674        10.1426    675        10.1596    676        10.1754
   677        10.1850    678        10.2018    679        10.2196    680        10.2264
   681        10.2472    682        10.2630    683        10.2810    684        10.2908
   685        10.3023    686        10.3228    687        10.3415    688        10.3468
   689        10.3774    690        10.3917    691        10.3995    692        10.4098
   693        10.4385    694        10.4568    695        10.4683    696        10.4756
   697        10.4834    698        10.5027    699        10.5166    700        10.5427
   701        10.5504    702        10.5611    703        10.5758    704        10.5863
   705        10.5954    706        10.6117    707        10.6258    708        10.6450
   709        10.6578    710        10.6753    711        10.6965    712        10.7121
   713        10.7263    714        10.7426    715        10.7553    716        10.7675
   717        10.7827    718        10.7942    719        10.8057    720        10.8413
   721        10.8490    722        10.8547    723        10.8675    724        10.8903
   725        10.9034    726        10.9206    727        10.9381    728        10.9445
   729        10.9615    730        10.9736    731        10.9792    732        10.9901
   733        11.0166    734        11.0307    735        11.0511    736        11.0617
   737        11.0784    738        11.0834    739        11.0915    740        11.1168
   741        11.1300    742        11.1347    743        11.1575    744        11.1653
   745        11.1851    746        11.1906    747        11.2089    748        11.2275
   749        11.2356    750        11.2627    751        11.2692    752        11.2853
   753        11.2984    754        11.3174    755        11.3308    756        11.3373
   757        11.3580    758        11.3653    759        11.3864    760        11.3924
   761        11.4107    762        11.4332    763        11.4534    764        11.4682
   765        11.4717    766        11.4885    767        11.5160    768        11.5283
   769        11.5419    770        11.5496    771        11.5577    772        11.5707
   773        11.5914    774        11.6065    775        11.6158    776        11.6305
   777        11.6503    778        11.6548    779        11.6765    780        11.6979
   781        11.7048    782        11.7117    783        11.7381    784        11.7511
   785        11.7749    786        11.7872    787        11.8018    788        11.8098
   789        11.8260    790        11.8441    791        11.8496    792        11.8553
   793        11.8751    794        11.8824    795        11.9025    796        11.9207
   797        11.9262    798        11.9424    799        11.9652    800        11.9813
   801        11.9986    802        12.0086    803        12.0255    804        12.0379
   805        12.0535    806        12.0817    807        12.0911    808        12.0990
   809        12.1089    810        12.1256    811        12.1457    812        12.1569
   813        12.1812    814        12.1996    815        12.2217    816        12.2271
   817        12.2695    818        12.2742    819        12.2812    820        12.2954
   821        12.3191    822        12.3279    823        12.3383    824        12.3720
   825        12.3761    826        12.3921    827        12.4021    828        12.4357
   829        12.4446    830        12.4811    831        12.4905    832        12.5127
   833        12.5343    834        12.5611    835        12.5756    836        12.5962
   837        12.6096    838        12.6107    839        12.6324    840        12.6667
   841        12.6835    842        12.6929    843        12.7191    844        12.7375
   845        12.7582    846        12.7704    847        12.7825    848        12.7928
   849        12.8180    850        12.8691    851        12.8823    852        12.9110
   853        12.9190    854        12.9288    855        13.0060    856        13.0067
   857        13.0162    858        13.0365    859        13.0557    860        13.1110
   861        13.1165    862        13.1381    863        13.1617    864        13.1862
 
 Size of the box (A) =    16.48000000    0.00000000    0.00000000    0.00000000   16.48000000    0.00000000    0.00000000    0.00000000   16.48000000
 Grid spacing (A)    =     0.30518519    0.30518519    0.30518519
 
 Number of atoms =      216
 iZatom(  1)     =       14
 
 Ref. and max angular momentum and pseudo-core radius of PP (A)
 (  1)   Ref, Max, Rps =   2   2   1.200
 
 Force [eV/A] 
     1 -0.61271289E+00  0.62554599E+00 -0.12783274E+00
     2  0.10063216E+01  0.40272236E+00 -0.24211307E+00
     3 -0.56740745E+00  0.61452452E+00 -0.24181546E+00
     4  0.53497401E+00 -0.21537726E+00  0.63439177E+00
     5 -0.19944247E+00 -0.58344790E+00  0.12084853E+00
     6 -0.49813525E+00 -0.30846263E-01 -0.48616546E-01
     7  0.11012084E-01  0.51351004E+00  0.99403591E-01
     8 -0.13827354E+01  0.46091017E+00 -0.87334696E+00
     9  0.10168769E+00  0.12695590E+00  0.95383037E+00
    10  0.27020567E+00 -0.69514457E+00 -0.66557862E+00
    11  0.59415067E+00  0.72328526E+00 -0.50983776E+00
    12  0.40244432E+00  0.55195119E+00 -0.52604460E+00
    13 -0.16127330E+00 -0.69737317E+00  0.75899756E+00
    14  0.19752310E+00  0.16439098E+00 -0.16385072E+00
    15  0.74391572E-01  0.27028321E+00  0.16742484E+00
    16  0.63766986E+00  0.16272448E+00  0.41762039E+00
    17 -0.97465168E+00  0.48660331E+00 -0.31140759E+00
    18  0.91960728E+00 -0.37119474E+00 -0.16032464E+00
    19  0.51606033E+00  0.39753128E-02  0.67260259E+00
    20 -0.64632986E+00  0.30411512E+00  0.19163982E+00
    21 -0.46542127E+00  0.29453171E+00 -0.95165006E+00
    22 -0.65417603E-01  0.42300744E+00  0.39030479E+00
    23 -0.68762391E+00  0.81651886E-01  0.88938953E+00
    24  0.32244568E+00 -0.10430408E+00 -0.11690328E+00
    25  0.79883091E+00  0.29445864E+00  0.44590437E+00
    26 -0.59412109E-01 -0.28219706E+00 -0.10719157E+01
    27 -0.13807982E-01 -0.30087360E+00  0.72166450E+00
    28 -0.57473901E+00 -0.29156775E+00  0.92811845E+00
    29  0.61254585E+00  0.94015016E-01 -0.12677770E+00
    30 -0.34855566E+00 -0.27311420E+00  0.62316283E+00
    31 -0.45622560E+00  0.54912200E+00 -0.93714414E+00
    32 -0.79980196E+00 -0.32849723E+00 -0.39120302E+00
    33  0.12361450E+00 -0.66489317E+00 -0.25484520E+00
    34 -0.76377753E+00 -0.68289462E+00 -0.54285961E+00
    35 -0.56083738E+00 -0.54070098E+00  0.36631126E+00
    36 -0.11823794E+00 -0.64466581E+00  0.44805401E+00
    37  0.10415964E+01  0.28426492E+00 -0.34012078E+00
    38  0.27602825E+00  0.39505933E+00  0.13302435E+00
    39  0.75227829E+00 -0.27292047E+00 -0.16514614E+00
    40 -0.53448218E+00  0.22222180E+00  0.43906912E+00
    41  0.22001152E+00 -0.37433831E+00  0.86665398E-01
    42 -0.13033657E+01  0.64343493E+00  0.38798916E+00
    43  0.25017196E+00  0.20159981E+00 -0.10481925E+01
    44 -0.52399235E+00  0.91916587E-01 -0.46470403E-01
    45  0.68850997E+00 -0.32163398E+00  0.89786820E-01
    46  0.10748959E+01  0.61886199E+00 -0.66412792E+00
    47  0.17737515E+00  0.14890935E+01  0.17942378E+00
    48  0.11723432E+00  0.47252073E+00  0.21930037E+00
    49 -0.33407701E+00 -0.15080965E+00 -0.10099687E+01
    50 -0.86907487E+00 -0.75658880E+00 -0.23192724E+00
    51 -0.49566187E+00  0.10637673E+01 -0.17187276E-01
    52 -0.29537654E+00 -0.40738661E+00  0.28161785E+00
    53 -0.12456175E+00  0.74391003E-01 -0.18566578E+00
    54  0.44421707E+00  0.78548660E-01 -0.81033731E-01
    55 -0.22336556E+00 -0.13946644E+00 -0.35122474E+00
    56  0.62047411E-01  0.60781342E+00 -0.19741362E+00
    57  0.33052355E+00  0.12010133E+01  0.79810098E+00
    58 -0.26660485E+00 -0.27449595E+00 -0.60612570E-01
    59  0.10311929E+00 -0.28793181E+00 -0.17677650E+00
    60 -0.19895028E+00  0.10038448E+01  0.76825685E+00
    61  0.31937244E+00  0.16794290E+00  0.11954731E-01
    62 -0.54130128E+00 -0.34610367E+00  0.76015988E+00
    63 -0.16968111E+00 -0.13976448E+01  0.62948262E-01
    64 -0.13179616E+01  0.83582082E+00  0.94453359E+00
    65  0.10263411E+01  0.13063464E+01 -0.44540405E+00
    66 -0.25761425E-01  0.91123382E+00  0.91844941E-01
    67 -0.49958443E+00 -0.32678385E+00 -0.79179929E+00
    68 -0.79513936E+00 -0.22942753E+00 -0.27401170E+00
    69 -0.86538180E+00  0.42660316E+00  0.60450989E+00
    70 -0.12637588E+00 -0.48089404E-02 -0.72451057E+00
    71 -0.25431121E+00  0.54258506E+00  0.26093872E+00
    72 -0.92355677E-01 -0.17422561E+00 -0.46739450E+00
    73 -0.34795907E-01 -0.33814020E+00  0.64502527E+00
    74  0.14468900E+01  0.55404939E+00 -0.19271183E+00
    75 -0.70988971E+00 -0.55364813E+00  0.87502860E+00
    76 -0.15886797E+00 -0.56172521E+00  0.11200932E+01
    77  0.12596236E+00  0.16125446E+00  0.39778746E+00
    78  0.13992219E+00 -0.49750920E-01 -0.15927853E+01
    79  0.55699147E+00  0.23597701E+00 -0.39089967E-01
    80 -0.72855526E+00 -0.23238301E+00  0.56015243E+00
    81 -0.12979596E+00 -0.96089067E+00  0.54012632E+00
    82 -0.91942612E+00 -0.57942310E+00 -0.10183377E+00
    83 -0.16456801E+01  0.92155256E+00 -0.55531448E+00
    84  0.12095050E+00  0.70426501E+00 -0.89440085E-01
    85 -0.26831667E+00 -0.36406756E-03 -0.31770728E-01
    86  0.33422738E+00 -0.44834570E+00  0.45080514E+00
    87 -0.51984161E+00  0.35817741E+00 -0.38958621E+00
    88  0.10346434E+00 -0.18229569E+00 -0.30003737E+00
    89  0.11922553E+00  0.22010586E+00 -0.60608833E+00
    90  0.87615834E+00  0.48490716E+00 -0.13325691E+00
    91  0.69114702E+00 -0.88355152E-01 -0.46847912E+00
    92  0.16944299E+00 -0.37644380E+00 -0.29227764E+00
    93  0.87146319E+00  0.24986414E+00  0.13367264E+00
    94  0.14378684E+00 -0.52051292E-01 -0.16915548E+00
    95 -0.10183827E+00 -0.18185450E+00 -0.27096167E+00
    96  0.40590271E-02  0.63610449E+00 -0.10140895E+01
    97 -0.44213427E+00 -0.27433514E+00 -0.77823144E+00
    98 -0.96513898E+00 -0.19804291E+00  0.24208967E+00
    99 -0.30259580E-01  0.37313572E+00  0.72458251E+00
   100  0.21303202E+00  0.74888478E+00 -0.43768173E+00
   101  0.79374992E+00  0.47886503E+00  0.13520394E-01
   102  0.89344340E+00 -0.17681872E+00  0.43295031E+00
   103 -0.23424612E+00  0.17424467E+00  0.26642725E+00
   104 -0.60793386E+00  0.60528106E+00  0.10437642E+01
   105 -0.12378947E+00 -0.76652784E+00  0.67184630E+00
   106 -0.42065382E+00 -0.24454355E+00 -0.34954331E+00
   107  0.40410956E+00  0.10821171E+01  0.61917058E+00
   108 -0.18747273E+00  0.18886277E+00 -0.81545902E+00
   109  0.28672236E+00 -0.49079473E+00  0.13927806E+00
   110 -0.75309462E-01 -0.10483914E+01  0.36404359E+00
   111 -0.65480007E-01 -0.31422147E+00  0.11615703E+00
   112 -0.61317469E+00 -0.69866522E+00  0.86052173E+00
   113  0.59443638E+00  0.58762015E-02 -0.65837511E+00
   114  0.50587730E+00 -0.54408832E+00 -0.13417603E+01
   115 -0.56454074E-01  0.12008446E+01  0.30237668E+00
   116  0.11608862E+00  0.71880935E+00 -0.12492293E+01
   117  0.45987018E+00  0.25478718E+00 -0.17591574E-01
   118 -0.53531133E+00 -0.23954903E+00  0.65198792E-01
   119  0.32314581E+00  0.54284150E+00 -0.29772273E+00
   120 -0.10150131E+00 -0.96246230E-01  0.19177020E-01
   121  0.23827503E+00 -0.58745089E-01  0.51979086E+00
   122  0.32224169E+00 -0.80613353E+00 -0.63309613E+00
   123 -0.27111971E+00 -0.58697490E+00 -0.10021677E+01
   124  0.58285781E+00  0.37396666E+00  0.78801561E+00
   125  0.35479213E+00  0.80517814E-01  0.73921796E+00
   126 -0.91783158E-01 -0.77439288E+00  0.40178819E+00
   127 -0.93128769E+00 -0.40676691E+00 -0.11848063E+01
   128  0.33993828E+00 -0.24752909E+00  0.76041304E+00
   129 -0.39954788E+00 -0.26513313E+00  0.44396735E+00
   130  0.31714352E+00 -0.23923620E+00  0.18373850E+00
   131  0.23279873E+00  0.82875932E+00 -0.56001932E+00
   132  0.78661495E+00 -0.59372957E+00  0.91593190E-01
   133 -0.55034242E+00 -0.81319565E+00 -0.65427058E+00
   134 -0.33373075E+00  0.71789381E+00 -0.43414398E+00
   135 -0.17411424E+00 -0.44554123E+00  0.12909049E+01
   136 -0.13362542E+01  0.41357952E+00  0.11503173E+01
   137  0.16864800E+00 -0.30711898E+00 -0.28963493E+00
   138 -0.22007492E+00 -0.18124570E+00  0.94246000E+00
   139  0.37504105E-01  0.69448641E+00  0.16736474E+00
   140 -0.10929426E+00  0.43101914E+00 -0.27786812E-01
   141  0.16090682E+00  0.42787807E+00  0.63853982E+00
   142 -0.29740041E-01 -0.17080468E+01  0.14737451E+00
   143  0.34754989E+00 -0.54077271E+00 -0.45513202E+00
   144  0.78703686E+00 -0.31928144E+00 -0.13924396E+01
   145  0.16805515E+00 -0.77790469E+00 -0.15706227E+00
   146  0.18218270E+00  0.37863960E-01  0.53971510E-01
   147 -0.45906418E+00 -0.10967964E+01  0.59723603E+00
   148  0.10876090E+01 -0.10791462E+00 -0.37933744E-01
   149  0.63179190E-01 -0.18439208E+00 -0.55567869E+00
   150  0.37486964E+00  0.17839542E+00 -0.11222857E+01
   151 -0.31669851E+00  0.15288668E+00 -0.11955776E+01
   152  0.62434290E-01  0.78427554E+00 -0.12868042E+00
   153 -0.15620330E+00 -0.11090253E+01 -0.90620464E+00
   154  0.39981908E+00 -0.63147540E+00  0.85621249E-01
   155  0.55652944E+00  0.73252218E+00 -0.98502888E-01
   156  0.14468089E+00  0.20489932E+00 -0.17689314E-01
   157  0.62481714E+00 -0.63584707E-01 -0.18943310E+00
   158 -0.76506123E+00  0.49917542E+00  0.10268845E+00
   159 -0.12640597E+00 -0.67207685E+00  0.27821332E+00
   160 -0.25839874E+00 -0.11517969E+01 -0.70989149E+00
   161 -0.12314280E+01  0.73412989E+00  0.47880640E+00
   162  0.93316085E-01 -0.19539995E+00 -0.28580037E+00
   163  0.59078457E-01  0.25635198E+00 -0.38638730E+00
   164  0.10811381E+01  0.11331508E+00 -0.86466494E-01
   165  0.14629031E+01 -0.98407553E-01  0.15028843E-01
   166 -0.44151938E+00 -0.36271888E+00  0.65332893E+00
   167 -0.13600329E+00  0.12921805E+00  0.56493513E+00
   168  0.98666380E-01  0.47328875E+00  0.16074334E+00
   169  0.41665214E-01 -0.34828380E-01 -0.17610470E+00
   170  0.38134632E+00 -0.64176419E+00  0.10885966E+01
   171  0.70183958E+00 -0.71836979E-01  0.38661195E+00
   172  0.16978301E+01 -0.52384297E-02 -0.53968432E+00
   173  0.97489510E-01  0.31411542E+00  0.59522565E+00
   174 -0.73813751E-02  0.11887732E+01  0.17002761E+00
   175 -0.86262894E-01  0.76010646E+00  0.82809730E-01
   176  0.85627231E+00 -0.77489612E+00  0.14836007E+00
   177 -0.53965756E-02  0.73081501E+00 -0.17465553E-01
   178 -0.46453214E+00  0.14957359E+00 -0.12642076E+01
   179 -0.10687729E+01 -0.57596647E+00 -0.32422862E+00
   180  0.69640948E-01  0.13921479E+00  0.41975346E+00
   181  0.78900533E-01 -0.22549892E+00 -0.62738332E-01
   182 -0.19845552E+00 -0.15383693E+00 -0.52549780E+00
   183 -0.33512636E-01  0.37154515E+00 -0.20450846E+00
   184 -0.54104298E+00 -0.11189951E+01 -0.71848779E+00
   185 -0.25181589E+00 -0.47129771E+00 -0.77455580E+00
   186 -0.68987263E+00 -0.80793096E+00  0.94834071E+00
   187  0.53872991E+00 -0.66125283E+00 -0.24839171E+00
   188  0.27839870E+00  0.37549745E+00  0.14782821E+00
   189  0.23324490E+00  0.54954334E+00 -0.33989698E+00
   190  0.55449515E-01  0.20557861E+00 -0.33830495E+00
   191  0.11605248E+00 -0.35535135E-01  0.41160419E+00
   192  0.83804092E+00 -0.63668432E+00  0.36410499E+00
   193  0.70066283E+00  0.48608610E-01 -0.16141457E+00
   194  0.25911255E+00  0.84174280E+00 -0.13264907E+00
   195  0.26101104E+00 -0.58446604E-01  0.24318447E-02
   196 -0.32064175E+00 -0.17531021E-01  0.12283930E+00
   197 -0.95618656E+00  0.37031948E+00  0.64970634E+00
   198 -0.15869785E+00 -0.18732911E+00 -0.72410597E+00
   199 -0.77706362E+00 -0.44981919E+00  0.15276246E+00
   200  0.25332002E+00  0.36551524E+00  0.40635567E+00
   201  0.13031747E+01  0.33018224E+00 -0.76816836E+00
   202  0.31825973E+00 -0.33300370E+00  0.14908423E+01
   203  0.58520023E+00  0.75828615E+00  0.42297216E+00
   204  0.17326927E+00  0.14137951E+00 -0.62935636E+00
   205 -0.20275362E+00 -0.54011092E+00  0.85447248E+00
   206  0.14730515E+00  0.39419398E+00  0.31940864E-01
   207  0.31819841E+00  0.39002052E-01 -0.25445397E+00
   208  0.75908413E-02  0.10267701E+00 -0.41085311E+00
   209 -0.97574567E+00 -0.65163077E+00 -0.17771986E+00
   210  0.34876862E+00 -0.23547550E+00  0.12322105E+01
   211 -0.95853814E+00 -0.12777976E+01 -0.17205434E+00
   212  0.45030952E-01 -0.28505377E+00  0.81644852E+00
   213 -0.82818051E+00  0.53323766E+00  0.37855638E+00
   214 -0.29951685E+00 -0.30543090E+00  0.33648079E+00
   215  0.59100330E+00 -0.84458463E+00  0.21490289E+00
   216 -0.77992796E-01  0.13355200E+00  0.61258108E+00
