# Real time calculation: 
# Eall: Total energy
# Eall0: Initial total energy
# 1:Time[fs] 2:Eall[eV] 3:Eall-Eall0[eV] 
      0.00000000 -0.233333023965119E+005  0.000000000000000E+000 
      0.02000000 -0.233333023965237E+005 -0.117927129179634E-007 
      0.04000000 -0.233333023965213E+005 -0.940137842541731E-008 
      0.06000000 -0.233333023965066E+005  0.535188702730238E-008 
      0.08000000 -0.233333023964534E+005  0.584871538370976E-007 
      0.10000000 -0.233333023963097E+005  0.202196148037274E-006 
      0.12000000 -0.233333023959857E+005  0.526189489225948E-006 
      0.14000000 -0.233333023953420E+005  0.116987300694724E-005 
      0.16000000 -0.233333023941771E+005  0.233484269543305E-005 
      0.18000000 -0.233333023922144E+005  0.429747247563432E-005 
      0.20000000 -0.233333023890909E+005  0.742102554649961E-005 
      0.22000000 -0.233333023843445E+005  0.121674316300114E-004 
      0.24000000 -0.233333023774039E+005  0.191079938388172E-004 
      0.26000000 -0.233333023675794E+005  0.289325549428546E-004 
      0.28000000 -0.233333023540545E+005  0.424574169247215E-004 
      0.30000000 -0.233333023358807E+005  0.606312620847455E-004 
      0.32000000 -0.233333023119727E+005  0.845391777837712E-004 
      0.34000000 -0.233333022811073E+005  0.115404614676969E-003 
      0.36000000 -0.233333022419223E+005  0.154589612544906E-003 
      0.38000000 -0.233333021929191E+005  0.203592860621194E-003 
      0.40000000 -0.233333021324661E+005  0.264045855370710E-003 
      0.42000000 -0.233333020588045E+005  0.337707440327389E-003 
      0.44000000 -0.233333019700549E+005  0.426456994039184E-003 
      0.46000000 -0.233333018642258E+005  0.532286089786311E-003 
      0.48000000 -0.233333017392227E+005  0.657289236507339E-003 
      0.50000000 -0.233333015928583E+005  0.803653571002899E-003 
      0.52000000 -0.233333014228641E+005  0.973647786026053E-003 
      0.54000000 -0.233333012269014E+005  0.116961051699680E-002 
      0.56000000 -0.233333010025737E+005  0.139393818734072E-002 
      0.58000000 -0.233333007474394E+005  0.164907252590855E-002 
      0.60000000 -0.233333004590240E+005  0.193748791115548E-002 
      0.62000000 -0.233333001348332E+005  0.226167873388189E-002 
      0.64000000 -0.233332997723649E+005  0.262414702292806E-002 
      0.66000000 -0.233332993691215E+005  0.302739037713302E-002 
      0.68000000 -0.233332989226211E+005  0.347389086558266E-002 
      0.70000000 -0.233332984304074E+005  0.396610454347966E-002 
      0.72000000 -0.233332978900599E+005  0.450645204457784E-002 
      0.74000000 -0.233332972992019E+005  0.509731006766019E-002 
      0.76000000 -0.233332966555078E+005  0.574100409116666E-002 
      0.78000000 -0.233332959567097E+005  0.643980224172582E-002 
      0.80000000 -0.233332952006019E+005  0.719591006601096E-002 
      0.82000000 -0.233332943850455E+005  0.801146645959365E-002 
      0.84000000 -0.233332935079712E+005  0.888854067545541E-002 
      0.86000000 -0.233332925673821E+005  0.982912985222024E-002 
      0.88000000 -0.233332915613538E+005  0.108351580922689E-001 
      0.90000000 -0.233332904880359E+005  0.119084760657611E-001 
      0.92000000 -0.233332893456501E+005  0.130508618551820E-001 
      0.94000000 -0.233332881324896E+005  0.142640223536383E-001 
      0.96000000 -0.233332868469165E+005  0.155495954551108E-001 
      0.98000000 -0.233332854873589E+005  0.169091530675973E-001 
      1.00000000 -0.233332840523073E+005  0.183442046397899E-001 
      1.02000000 -0.233332825403106E+005  0.198562012693442E-001 
      1.04000000 -0.233332809499719E+005  0.214465400307924E-001 
      1.06000000 -0.233332792799432E+005  0.231165686901541E-001 
      1.08000000 -0.233332775289217E+005  0.248675902493993E-001 
      1.10000000 -0.233332756956444E+005  0.267008675187548E-001 
      1.12000000 -0.233332737788845E+005  0.286176274013069E-001 
      1.14000000 -0.233332717774470E+005  0.306190648960893E-001 
      1.16000000 -0.233332696901652E+005  0.327063466711639E-001 
      1.18000000 -0.233332675158980E+005  0.348806138942431E-001 
      1.20000000 -0.233332652535268E+005  0.371429850725926E-001 
      1.22000000 -0.233332629019541E+005  0.394945578627738E-001 
      1.24000000 -0.233332604601012E+005  0.419364107257072E-001 
      1.26000000 -0.233332579269078E+005  0.444696041084182E-001 
      1.28000000 -0.233332553013311E+005  0.470951808183602E-001 
      1.30000000 -0.233332525823457E+005  0.498141662461517E-001 
      1.32000000 -0.233332497689439E+005  0.526275680593128E-001 
      1.34000000 -0.233332468601368E+005  0.555363751411681E-001 
      1.36000000 -0.233332438549556E+005  0.585415563008252E-001 
      1.38000000 -0.233332407524536E+005  0.616440582778188E-001 
      1.40000000 -0.233332375517088E+005  0.648448031125698E-001 
      1.42000000 -0.233332342518268E+005  0.681446850961198E-001 
      1.44000000 -0.233332308519448E+005  0.715445671382721E-001 
      1.46000000 -0.233332273512354E+005  0.750452765448604E-001 
      1.48000000 -0.233332237489112E+005  0.786476006836479E-001 
      1.50000000 -0.233332200442299E+005  0.823522820469799E-001 
      1.52000000 -0.233332162364988E+005  0.861600131288213E-001 
      1.54000000 -0.233332123250806E+005  0.900714312987004E-001 
      1.56000000 -0.233332083093983E+005  0.940871135766591E-001 
      1.58000000 -0.233332041889406E+005  0.982075712875522E-001 
      1.60000000 -0.233331999632670E+005  0.102433244962834E+000 
      1.62000000 -0.233331956320126E+005  0.106764499344434E+000 
      1.64000000 -0.233331911948936E+005  0.111201618345318E+000 
      1.66000000 -0.233331866517116E+005  0.115744800347254E+000 
      1.68000000 -0.233331820023584E+005  0.120394153544981E+000 
      1.70000000 -0.233331772468206E+005  0.125149691308935E+000 
      1.72000000 -0.233331723851839E+005  0.130011328064608E+000 
      1.74000000 -0.233331674176369E+005  0.134978875029599E+000 
      1.76000000 -0.233331623444756E+005  0.140052036340457E+000 
      1.78000000 -0.233331571661063E+005  0.145230405597154E+000 
      1.80000000 -0.233331518830492E+005  0.150513462750950E+000 
      1.82000000 -0.233331464959406E+005  0.155900571301612E+000 
      1.84000000 -0.233331410055358E+005  0.161390976079318E+000 
      1.86000000 -0.233331354127100E+005  0.166983801895861E+000 
      1.88000000 -0.233331297184597E+005  0.172678052195847E+000 
      1.90000000 -0.233331239239033E+005  0.178472608642157E+000 
      1.92000000 -0.233331180302810E+005  0.184366230880834E+000 
      1.94000000 -0.233331120389550E+005  0.190357556912315E+000 
      1.96000000 -0.233331059514082E+005  0.196445103728705E+000 
      1.98000000 -0.233330997692437E+005  0.202627268254223E+000 
      2.00000000 -0.233330934941830E+005  0.208902328901276E+000 
      2.02000000 -0.233330871280649E+005  0.215268447064652E+000 
      2.04000000 -0.233330806728427E+005  0.221723669225152E+000 
      2.06000000 -0.233330741305827E+005  0.228265929170781E+000 
      2.08000000 -0.233330675034614E+005  0.234893050518010E+000 
      2.10000000 -0.233330607937622E+005  0.241602749684701E+000 
      2.12000000 -0.233330540038731E+005  0.248392638869228E+000 
      2.14000000 -0.233330471362824E+005  0.255260229530743E+000 
      2.16000000 -0.233330401935758E+005  0.262202936129312E+000 
      2.18000000 -0.233330331784323E+005  0.269218079643313E+000 
      2.20000000 -0.233330260936203E+005  0.276302891646769E+000 
      2.22000000 -0.233330189419938E+005  0.283454518139194E+000 
      2.24000000 -0.233330117264883E+005  0.290670023660051E+000 
      2.26000000 -0.233330044501171E+005  0.297946394812335E+000 
      2.28000000 -0.233329971159678E+005  0.305280544138822E+000 
      2.30000000 -0.233329897271981E+005  0.312669313859115E+000 
      2.32000000 -0.233329822870327E+005  0.320109479170482E+000 
      2.34000000 -0.233329747987602E+005  0.327597751721949E+000 
      2.36000000 -0.233329672657289E+005  0.335130782980108E+000 
      2.38000000 -0.233329596913447E+005  0.342705167251540E+000 
      2.40000000 -0.233329520790673E+005  0.350317444584592E+000 
      2.42000000 -0.233329444324082E+005  0.357964103695899E+000 
      2.44000000 -0.233329367549273E+005  0.365641584652516E+000 
      2.46000000 -0.233329290502304E+005  0.373346281476706E+000 
      2.48000000 -0.233329213219677E+005  0.381074544243389E+000 
      2.50000000 -0.233329135738304E+005  0.388822681499314E+000 
      2.52000000 -0.233329058095498E+005  0.396586962091368E+000 
      2.54000000 -0.233328980328949E+005  0.404363616970125E+000 
      2.56000000 -0.233328902476711E+005  0.412148840792325E+000 
      2.58000000 -0.233328824577184E+005  0.419938793541902E+000 
      2.60000000 -0.233328746669102E+005  0.427729601714828E+000 
      2.62000000 -0.233328668791523E+005  0.435517359578196E+000 
      2.64000000 -0.233328590983817E+005  0.443298130246786E+000 
      2.66000000 -0.233328513285650E+005  0.451067946963804E+000 
      2.68000000 -0.233328435736977E+005  0.458822814233134E+000 
      2.70000000 -0.233328358378031E+005  0.466558708864963E+000 
      2.72000000 -0.233328281249306E+005  0.474271581327677E+000 
      2.74000000 -0.233328204391548E+005  0.481957357099752E+000 
      2.76000000 -0.233328127845739E+005  0.489611937993804E+000 
      2.78000000 -0.233328051653081E+005  0.497231203824030E+000 
      2.80000000 -0.233327975854977E+005  0.504811014206666E+000 
      2.82000000 -0.233327900493020E+005  0.512347209967565E+000 
      2.84000000 -0.233327825608970E+005  0.519835614951941E+000 
      2.86000000 -0.233327751244736E+005  0.527272038350735E+000 
      2.88000000 -0.233327677442357E+005  0.534652276173161E+000 
      2.90000000 -0.233327604243983E+005  0.541972113662788E+000 
      2.92000000 -0.233327531691843E+005  0.549227327580597E+000 
      2.94000000 -0.233327459828235E+005  0.556413688389047E+000 
      2.96000000 -0.233327388695491E+005  0.563526962853776E+000 
      2.98000000 -0.233327318335952E+005  0.570562916762850E+000 
      3.00000000 -0.233327248791943E+005  0.577517317639832E+000 
      3.02000000 -0.233327180105742E+005  0.584385937698147E+000 
      3.04000000 -0.233327112319548E+005  0.591164557145019E+000 
      3.06000000 -0.233327045475448E+005  0.597848967157497E+000 
      3.08000000 -0.233326979615385E+005  0.604434973446248E+000 
      3.10000000 -0.233326914781121E+005  0.610918399782241E+000 
      3.12000000 -0.233326851014205E+005  0.617295091418237E+000 
      3.14000000 -0.233326788355933E+005  0.623560918652591E+000 
      3.16000000 -0.233326726847314E+005  0.629711780535356E+000 
      3.18000000 -0.233326666529032E+005  0.635743608747629E+000 
      3.20000000 -0.233326607441409E+005  0.641652371066355E+000 
      3.22000000 -0.233326549624366E+005  0.647434075361227E+000 
      3.24000000 -0.233326493117381E+005  0.653084773814327E+000 
      3.26000000 -0.233326437959453E+005  0.658600566589104E+000 
      3.28000000 -0.233326384189059E+005  0.663977606006705E+000 
      3.30000000 -0.233326331844111E+005  0.669212100790360E+000 
      3.32000000 -0.233326280961917E+005  0.674300320192213E+000 
      3.34000000 -0.233326231579138E+005  0.679238598135621E+000 
      3.36000000 -0.233326183731741E+005  0.684023337821488E+000 
      3.38000000 -0.233326137454962E+005  0.688651015743730E+000 
      3.40000000 -0.233326092783258E+005  0.693118186097619E+000 
      3.42000000 -0.233326049750266E+005  0.697421485348994E+000 
      3.44000000 -0.233326008388757E+005  0.701557636181667E+000 
      3.46000000 -0.233325968730600E+005  0.705523451964546E+000 
      3.48000000 -0.233325930806708E+005  0.709315841088829E+000 
      3.50000000 -0.233325894647013E+005  0.712931810664829E+000 
      3.52000000 -0.233325860280409E+005  0.716368471060248E+000 
      3.54000000 -0.233325827734722E+005  0.719623039754774E+000 
      3.56000000 -0.233325797036669E+005  0.722692845009064E+000 
      3.58000000 -0.233325768211821E+005  0.725575329768835E+000 
      3.60000000 -0.233325741284565E+005  0.728268055370972E+000 
      3.62000000 -0.233325716278070E+005  0.730768704890772E+000 
      3.64000000 -0.233325693214255E+005  0.733075086464450E+000 
      3.66000000 -0.233325672113754E+005  0.735185136525019E+000 
      3.68000000 -0.233325652995889E+005  0.737096922994858E+000 
      3.70000000 -0.233325635878641E+005  0.738808647841007E+000 
      3.72000000 -0.233325620778618E+005  0.740318650109969E+000 
      3.74000000 -0.233325607711036E+005  0.741625408275729E+000 
      3.76000000 -0.233325596689693E+005  0.742727542649654E+000 
      3.78000000 -0.233325587726941E+005  0.743623817867727E+000 
      3.80000000 -0.233325580833669E+005  0.744313145040580E+000 
      3.82000000 -0.233325576019283E+005  0.744794583615834E+000 
      3.84000000 -0.233325573291682E+005  0.745067343757049E+000 
      3.86000000 -0.233325572657240E+005  0.745130787884335E+000 
      3.88000000 -0.233325574120794E+005  0.744984432496463E+000 
      3.90000000 -0.233325577685617E+005  0.744627950172407E+000 
      3.92000000 -0.233325583353411E+005  0.744061170814968E+000 
      3.94000000 -0.233325591124282E+005  0.743284083695624E+000 
      3.96000000 -0.233325600996731E+005  0.742296838828077E+000 
      3.98000000 -0.233325612967633E+005  0.741099748648067E+000 
      4.00000000 -0.233325627032224E+005  0.739693289550880E+000 
      4.02000000 -0.233325643184086E+005  0.738078103317482E+000 
      4.04000000 -0.233325661415134E+005  0.736254998503542E+000 
      4.06000000 -0.233325681715599E+005  0.734224952041900E+000 
      4.08000000 -0.233325704074019E+005  0.731989110049989E+000 
      4.10000000 -0.233325728477228E+005  0.729548789098205E+000 
      4.12000000 -0.233325754910346E+005  0.726905477339062E+000 
      4.14000000 -0.233325783356767E+005  0.724060835243458E+000 
      4.16000000 -0.233325813798156E+005  0.721016696324582E+000 
      4.18000000 -0.233325846214440E+005  0.717775067911295E+000 
      4.20000000 -0.233325880583803E+005  0.714338131578150E+000 
      4.22000000 -0.233325916882685E+005  0.710708243420711E+000 
      4.24000000 -0.233325955085778E+005  0.706887934160737E+000 
      4.26000000 -0.233325995166027E+005  0.702879909183310E+000 
      4.28000000 -0.233326037094637E+005  0.698687048212001E+000 
      4.30000000 -0.233326080841072E+005  0.694312404755127E+000 
      4.32000000 -0.233326126373065E+005  0.689759205409691E+000 
      4.34000000 -0.233326173656631E+005  0.685030848843601E+000 
      4.36000000 -0.233326222656072E+005  0.680130904734567E+000 
      4.38000000 -0.233326273333999E+005  0.675063111978926E+000 
      4.40000000 -0.233326325651346E+005  0.669831377284060E+000 
      4.42000000 -0.233326379567392E+005  0.664439772758505E+000 
      4.44000000 -0.233326435039783E+005  0.658892533625793E+000 
      4.46000000 -0.233326492024561E+005  0.653194055833122E+000 
      4.48000000 -0.233326550476190E+005  0.647348892905184E+000 
      4.50000000 -0.233326610347596E+005  0.641361752343248E+000 
      4.52000000 -0.233326671590194E+005  0.635237492485176E+000 
      4.54000000 -0.233326734153934E+005  0.628981118483773E+000 
      4.56000000 -0.233326797987342E+005  0.622597777706645E+000 
      4.58000000 -0.233326863037564E+005  0.616092755476336E+000 
      4.60000000 -0.233326929250416E+005  0.609471470365004E+000 
      4.62000000 -0.233326996570433E+005  0.602739468607423E+000 
      4.64000000 -0.233327064940929E+005  0.595902418974921E+000 
      4.66000000 -0.233327134304046E+005  0.588966107327600E+000 
      4.68000000 -0.233327204600814E+005  0.581936430507609E+000 
      4.70000000 -0.233327275771215E+005  0.574819390399483E+000 
      4.72000000 -0.233327347754241E+005  0.567621087848169E+000 
      4.74000000 -0.233327420487957E+005  0.560347716246043E+000 
      4.76000000 -0.233327493909566E+005  0.553005555351945E+000 
      4.78000000 -0.233327567955474E+005  0.545600964540995E+000 
      4.80000000 -0.233327642561356E+005  0.538140376274053E+000 
      4.82000000 -0.233327717662221E+005  0.530630289802292E+000 
      4.84000000 -0.233327793192476E+005  0.523077264305645E+000 
      4.86000000 -0.233327869085996E+005  0.515487912278740E+000 
      4.88000000 -0.233327945276190E+005  0.507868892960143E+000 
      4.90000000 -0.233328021696063E+005  0.500226905628577E+000 
      4.92000000 -0.233328098278292E+005  0.492568682744467E+000 
      4.94000000 -0.233328174955285E+005  0.484900983456519E+000 
      4.96000000 -0.233328251659251E+005  0.477230586860819E+000 
      4.98000000 -0.233328328322268E+005  0.469564285123813E+000 
      5.00000000 -0.233328404876348E+005  0.461908877100261E+000 
      5.02000000 -0.233328481253503E+005  0.454271161592330E+000 
      5.04000000 -0.233328557385814E+005  0.446657930512793E+000 
      5.06000000 -0.233328633205493E+005  0.439075962654566E+000 
      5.08000000 -0.233328708644951E+005  0.431532016844625E+000 
      5.10000000 -0.233328783636864E+005  0.424032825475332E+000 
      5.12000000 -0.233328858114240E+005  0.416585087939876E+000 
      5.14000000 -0.233328932010476E+005  0.409195464327555E+000 
      5.16000000 -0.233329005259432E+005  0.401870568766406E+000 
      5.18000000 -0.233329077795489E+005  0.394616962982374E+000 
      5.20000000 -0.233329149553619E+005  0.387441150031732E+000 
      5.22000000 -0.233329220469439E+005  0.380349567974712E+000 
      5.24000000 -0.233329290479286E+005  0.373348583338785E+000 
      5.26000000 -0.233329359520269E+005  0.366444485024306E+000 
      5.28000000 -0.233329427530341E+005  0.359643477838950E+000 
      5.30000000 -0.233329494448355E+005  0.352951676387889E+000 
      5.32000000 -0.233329560214132E+005  0.346375098750532E+000 
      5.34000000 -0.233329624768516E+005  0.339919660339766E+000 
      5.36000000 -0.233329688053442E+005  0.333591167724092E+000 
      5.38000000 -0.233329750011992E+005  0.327395312681768E+000 
      5.40000000 -0.233329810588459E+005  0.321337666050776E+000 
      5.42000000 -0.233329869728402E+005  0.315423671764416E+000 
      5.44000000 -0.233329927378709E+005  0.309658641057027E+000 
      5.46000000 -0.233329983487652E+005  0.304047746713036E+000 
      5.48000000 -0.233330038004946E+005  0.298596017278874E+000 
      5.50000000 -0.233330090881802E+005  0.293308331720369E+000 
      5.52000000 -0.233330142070979E+005  0.288189414002803E+000 
      5.54000000 -0.233330191526841E+005  0.283243827865858E+000 
      5.56000000 -0.233330239205400E+005  0.278475971963610E+000 
      5.58000000 -0.233330285064369E+005  0.273890074989053E+000 
      5.60000000 -0.233330329063207E+005  0.269490191203879E+000 
      5.62000000 -0.233330371163157E+005  0.265280196225031E+000 
      5.64000000 -0.233330411327289E+005  0.261263783043264E+000 
      5.66000000 -0.233330449520536E+005  0.257444458304672E+000 
      5.68000000 -0.233330485709729E+005  0.253825538997468E+000 
      5.70000000 -0.233330519863624E+005  0.250410149540922E+000 
      5.72000000 -0.233330551952930E+005  0.247201218886687E+000 
      5.74000000 -0.233330581950336E+005  0.244201478297610E+000 
      5.76000000 -0.233330609830527E+005  0.241413459244095E+000 
      5.78000000 -0.233330635570202E+005  0.238839491758327E+000 
      5.80000000 -0.233330659148089E+005  0.236481702983382E+000 
      5.82000000 -0.233330680544957E+005  0.234342016260620E+000 
      5.84000000 -0.233330699743616E+005  0.232422150303703E+000 
      5.86000000 -0.233330716728931E+005  0.230723618849021E+000 
      5.88000000 -0.233330731487812E+005  0.229247730680436E+000 
      5.90000000 -0.233330744009222E+005  0.227995589700443E+000 
      5.92000000 -0.233330754284164E+005  0.226968095551967E+000 
      5.94000000 -0.233330762305675E+005  0.226165944456736E+000 
      5.96000000 -0.233330768068818E+005  0.225589630164995E+000 
      5.98000000 -0.233330771570665E+005  0.225239445390936E+000 
      6.00000000 -0.233330772810286E+005  0.225115483303798E+000 
      6.02000000 -0.233330771788726E+005  0.225217639362355E+000 
      6.04000000 -0.233330768508986E+005  0.225545613297904E+000 
      6.06000000 -0.233330762976006E+005  0.226098911335447E+000 
      6.08000000 -0.233330755196633E+005  0.226876848597406E+000 
      6.10000000 -0.233330745179602E+005  0.227878551708406E+000 
      6.12000000 -0.233330732935504E+005  0.229102961536194E+000 
      6.14000000 -0.233330718476758E+005  0.230548836142902E+000 
      6.16000000 -0.233330701817581E+005  0.232214753847691E+000 
      6.18000000 -0.233330682973954E+005  0.234099116502850E+000 
      6.20000000 -0.233330661963590E+005  0.236200152875071E+000 
      6.22000000 -0.233330638805898E+005  0.238515922091696E+000 
      6.24000000 -0.233330613521946E+005  0.241044317315885E+000 
      6.26000000 -0.233330586134425E+005  0.243783069431066E+000 
      6.28000000 -0.233330556667610E+005  0.246729750892434E+000 
      6.30000000 -0.233330525147322E+005  0.249881779674359E+000 
      6.32000000 -0.233330491600886E+005  0.253236423353906E+000 
      6.34000000 -0.233330456057088E+005  0.256790803107732E+000 
      6.36000000 -0.233330418546138E+005  0.260541898089499E+000 
      6.38000000 -0.233330379099622E+005  0.264486549702105E+000 
      6.40000000 -0.233330337750458E+005  0.268621466089553E+000 
      6.42000000 -0.233330294532853E+005  0.272943226635012E+000 
      6.44000000 -0.233330249482253E+005  0.277448286650680E+000 
      6.46000000 -0.233330202635298E+005  0.282132982160453E+000 
      6.48000000 -0.233330154029773E+005  0.286993534592879E+000 
      6.50000000 -0.233330103704561E+005  0.292026055802032E+000 
      6.52000000 -0.233330051699589E+005  0.297226553045078E+000 
      6.54000000 -0.233329998055779E+005  0.302590934021710E+000 
      6.56000000 -0.233329942814997E+005  0.308115012238409E+000 
      6.58000000 -0.233329886019999E+005  0.313794512016944E+000 
      6.60000000 -0.233329827714379E+005  0.319625073988565E+000 
      6.62000000 -0.233329767942514E+005  0.325602260492293E+000 
      6.64000000 -0.233329706749510E+005  0.331721560923710E+000 
      6.66000000 -0.233329644181147E+005  0.337978397269373E+000 
      6.68000000 -0.233329580283822E+005  0.344368129675248E+000 
      6.70000000 -0.233329515104500E+005  0.350886061909966E+000 
      6.72000000 -0.233329448690650E+005  0.357527446964195E+000 
      6.74000000 -0.233329381090194E+005  0.364287492523179E+000 
      6.76000000 -0.233329312351454E+005  0.371161366479491E+000 
      6.78000000 -0.233329242523095E+005  0.378144202436502E+000 
      6.80000000 -0.233329171654069E+005  0.385231105047897E+000 
      6.82000000 -0.233329099793567E+005  0.392417155258192E+000 
      6.84000000 -0.233329026990964E+005  0.399697415549439E+000 
      6.86000000 -0.233328953295769E+005  0.407066934977569E+000 
      6.88000000 -0.233328878757579E+005  0.414520754066430E+000 
      6.90000000 -0.233328803426023E+005  0.422053909639953E+000 
      6.92000000 -0.233328727350727E+005  0.429661439249058E+000 
      6.94000000 -0.233328650581263E+005  0.437338385666623E+000 
      6.96000000 -0.233328573167110E+005  0.445079800946255E+000 
      6.98000000 -0.233328495157615E+005  0.452880750369693E+000 
      7.00000000 -0.233328416601959E+005  0.460736315992045E+000 
      7.02000000 -0.233328337549117E+005  0.468641600261278E+000 
      7.04000000 -0.233328258047829E+005  0.476591729065384E+000 
      7.06000000 -0.233328178146574E+005  0.484581854550631E+000 
      7.08000000 -0.233328097893539E+005  0.492607157998589E+000 
      7.10000000 -0.233328017336600E+005  0.500662851867890E+000 
      7.12000000 -0.233327936523299E+005  0.508744182030885E+000 
      7.14000000 -0.233327855500824E+005  0.516846429552447E+000 
      7.16000000 -0.233327774315998E+005  0.524964912113021E+000 
      7.18000000 -0.233327693015266E+005  0.533094985363604E+000 
      7.20000000 -0.233327611644681E+005  0.541232043798141E+000 
      7.22000000 -0.233327530249903E+005  0.549371521576411E+000 
      7.24000000 -0.233327448876191E+005  0.557508892790075E+000 
      7.26000000 -0.233327367568400E+005  0.565639671883405E+000 
      7.28000000 -0.233327286370981E+005  0.573759413851271E+000 
      7.30000000 -0.233327205327980E+005  0.581863713880287E+000 
      7.32000000 -0.233327124483047E+005  0.589948207175568E+000 
      7.34000000 -0.233327043879433E+005  0.598008568577131E+000 
      7.36000000 -0.233326963560000E+005  0.606040511910241E+000 
      7.38000000 -0.233326883567224E+005  0.614039789496627E+000 
      7.40000000 -0.233326803943207E+005  0.622002191263532E+000 
      7.42000000 -0.233326724729681E+005  0.629923543852761E+000 
      7.44000000 -0.233326645968020E+005  0.637799709893694E+000 
      7.46000000 -0.233326567699251E+005  0.645626586806070E+000 
      7.48000000 -0.233326489964062E+005  0.653400105677018E+000 
      7.50000000 -0.233326412802818E+005  0.661116230107156E+000 
      7.52000000 -0.233326336255569E+005  0.668770955013373E+000 
      7.54000000 -0.233326260362070E+005  0.676360304952114E+000 
      7.56000000 -0.233326185161790E+005  0.683880332912883E+000 
      7.58000000 -0.233326110693934E+005  0.691327118483755E+000 
      7.60000000 -0.233326036997454E+005  0.698696766558256E+000 
      7.62000000 -0.233325964111063E+005  0.705985405618435E+000 
      7.64000000 -0.233325892073260E+005  0.713189185962239E+000 
      7.66000000 -0.233325820922337E+005  0.720304278249534E+000 
      7.68000000 -0.233325750696399E+005  0.727326871992442E+000 
      7.70000000 -0.233325681433379E+005  0.734253173974521E+000 
      7.72000000 -0.233325613171048E+005  0.741079407084485E+000 
      7.74000000 -0.233325545947029E+005  0.747801809047844E+000 
      7.76000000 -0.233325479798805E+005  0.754416631368893E+000 
      7.78000000 -0.233325414763734E+005  0.760920138514014E+000 
      7.80000000 -0.233325350879043E+005  0.767308607608503E+000 
      7.82000000 -0.233325288181837E+005  0.773578328192177E+000 
      7.84000000 -0.233325226709096E+005  0.779725602327652E+000 
      7.86000000 -0.233325166497664E+005  0.785746745488194E+000 
      7.88000000 -0.233325107584245E+005  0.791638087420833E+000 
      7.90000000 -0.233325050005379E+005  0.797395973974662E+000 
      7.92000000 -0.233324993797427E+005  0.803016769189004E+000 
      7.94000000 -0.233324938996539E+005  0.808496857997195E+000 
      7.96000000 -0.233324885638622E+005  0.813832649756358E+000 
      7.98000000 -0.233324833759297E+005  0.819020582250487E+000 
      8.00000000 -0.233324783393856E+005  0.824057126349376E+000 
      8.02000000 -0.233324734577206E+005  0.828938791351222E+000 
      8.04000000 -0.233324687343811E+005  0.833662130776897E+000 
      8.06000000 -0.233324641727630E+005  0.838223748940704E+000 
      8.08000000 -0.233324597762037E+005  0.842620308248118E+000 
      8.10000000 -0.233324555479756E+005  0.846848536276990E+000 
      8.12000000 -0.233324514912776E+005  0.850905234356029E+000 
      8.14000000 -0.233324476092263E+005  0.854787285663787E+000 
      8.16000000 -0.233324439048480E+005  0.858491663890669E+000 
      8.18000000 -0.233324403810694E+005  0.862015442513481E+000 
      8.20000000 -0.233324370407081E+005  0.865355803800826E+000 
      8.22000000 -0.233324338864642E+005  0.868510047734980E+000 
      8.24000000 -0.233324309209105E+005  0.871475601441110E+000 
      8.26000000 -0.233324281464839E+005  0.874250027991597E+000 
      8.28000000 -0.233324255654767E+005  0.876831035266033E+000 
      8.30000000 -0.233324231800276E+005  0.879216484310070E+000 
      8.32000000 -0.233324209921147E+005  0.881404397214755E+000 
      8.34000000 -0.233324190035471E+005  0.883392964804065E+000 
      8.36000000 -0.233324172159586E+005  0.885180553279916E+000 
      8.38000000 -0.233324156308012E+005  0.886765710687731E+000 
      8.40000000 -0.233324142493394E+005  0.888147172534379E+000 
      8.42000000 -0.233324130726456E+005  0.889323866323354E+000 
      8.44000000 -0.233324121015963E+005  0.890294915638298E+000 
      8.46000000 -0.233324113368684E+005  0.891059643508812E+000 
      8.48000000 -0.233324107789370E+005  0.891617574885318E+000 
      8.50000000 -0.233324104280738E+005  0.891968438083757E+000 
      8.52000000 -0.233324102843461E+005  0.892112165794093E+000 
      8.54000000 -0.233324103476166E+005  0.892048895315433E+000 
      8.56000000 -0.233324106175439E+005  0.891778968054858E+000 
      8.58000000 -0.233324110935839E+005  0.891302928005388E+000 
      8.60000000 -0.233324117749917E+005  0.890621520171354E+000 
      8.62000000 -0.233324126608237E+005  0.889735688211087E+000 
      8.64000000 -0.233324137499405E+005  0.888646571420687E+000 
      8.66000000 -0.233324150410106E+005  0.887355501349645E+000 
      8.68000000 -0.233324165325138E+005  0.885863998144241E+000 
      8.70000000 -0.233324182227454E+005  0.884173766525890E+000 
      8.72000000 -0.233324201098204E+005  0.882286691481795E+000 
      8.74000000 -0.233324221916779E+005  0.880204833980340E+000 
      8.76000000 -0.233324244660854E+005  0.877930426531809E+000 
      8.78000000 -0.233324269306435E+005  0.875465868433561E+000 
      8.80000000 -0.233324295827904E+005  0.872813721488516E+000 
      8.82000000 -0.233324324198063E+005  0.869976705606096E+000 
      8.84000000 -0.233324354388179E+005  0.866957694050486E+000 
      8.86000000 -0.233324386368026E+005  0.863759709304524E+000 
      8.88000000 -0.233324420105931E+005  0.860385918806756E+000 
      8.90000000 -0.233324455568814E+005  0.856839630561646E+000 
      8.92000000 -0.233324492722228E+005  0.853124289086996E+000 
      8.94000000 -0.233324531530405E+005  0.849243471379918E+000 
      8.96000000 -0.233324571956294E+005  0.845200882505397E+000 
      8.98000000 -0.233324613961603E+005  0.841000351667450E+000 
      9.00000000 -0.233324657506839E+005  0.836645827977110E+000 
      9.02000000 -0.233324702551362E+005  0.832141375725445E+000 
      9.04000000 -0.233324749053418E+005  0.827491170132981E+000 
      9.06000000 -0.233324796970194E+005  0.822699492474228E+000 
      9.08000000 -0.233324846257870E+005  0.817770724951624E+000 
      9.10000000 -0.233324896871667E+005  0.812709345204435E+000 
      9.12000000 -0.233324948765910E+005  0.807519920891905E+000 
      9.14000000 -0.233325001894083E+005  0.802207103639127E+000 
      9.16000000 -0.233325056208895E+005  0.796775622388946E+000 
      9.18000000 -0.233325111662349E+005  0.791230276998257E+000 
      9.20000000 -0.233325168205807E+005  0.785575931169183E+000 
      9.22000000 -0.233325225790069E+005  0.779817504971901E+000 
      9.24000000 -0.233325284365446E+005  0.773959967324159E+000 
      9.26000000 -0.233325343881837E+005  0.768008328198554E+000 
      9.28000000 -0.233325404288814E+005  0.761967630542117E+000 
      9.30000000 -0.233325465535698E+005  0.755842942115449E+000 
      9.32000000 -0.233325527571645E+005  0.749639347433966E+000 
      9.34000000 -0.233325590345725E+005  0.743361939436888E+000 
      9.36000000 -0.233325653807005E+005  0.737015811403732E+000 
      9.38000000 -0.233325717904629E+005  0.730606049068778E+000 
      9.40000000 -0.233325782587891E+005  0.724137722815985E+000 
      9.42000000 -0.233325847806317E+005  0.717615880189435E+000 
      9.44000000 -0.233325913509732E+005  0.711045538731708E+000 
      9.46000000 -0.233325979648326E+005  0.704431679304849E+000 
      9.48000000 -0.233326046172723E+005  0.697779239590765E+000 
      9.50000000 -0.233326113034037E+005  0.691093108176307E+000 
      9.52000000 -0.233326180183929E+005  0.684378119059080E+000 
      9.54000000 -0.233326247574651E+005  0.677639046809084E+000 
      9.56000000 -0.233326315159099E+005  0.670880601999509E+000 
      9.58000000 -0.233326382890849E+005  0.664107427002561E+000 
      9.60000000 -0.233326450724193E+005  0.657324092654587E+000 
      9.62000000 -0.233326518614166E+005  0.650535095345018E+000 
      9.64000000 -0.233326586516577E+005  0.643744854170284E+000 
      9.66000000 -0.233326654388029E+005  0.636957709037448E+000 
      9.68000000 -0.233326722185930E+005  0.630177918950361E+000 
      9.70000000 -0.233326789868513E+005  0.623409660595908E+000 
      9.72000000 -0.233326857394846E+005  0.616657027301462E+000 
      9.74000000 -0.233326924724835E+005  0.609924028465672E+000 
      9.76000000 -0.233326991819232E+005  0.603214588760319E+000 
      9.78000000 -0.233327058639640E+005  0.596532547963264E+000 
      9.80000000 -0.233327125148509E+005  0.589881661020315E+000 
      9.82000000 -0.233327191309142E+005  0.583265597686378E+000 
      9.84000000 -0.233327257085692E+005  0.576687942763659E+000 
      9.86000000 -0.233327322443156E+005  0.570152196277999E+000 
      9.88000000 -0.233327387347383E+005  0.563661773658300E+000 
      9.90000000 -0.233327451765061E+005  0.557220005829335E+000 
      9.92000000 -0.233327515663724E+005  0.550830139471606E+000 
      9.94000000 -0.233327579011750E+005  0.544495336919255E+000 
      9.96000000 -0.233327641778355E+005  0.538218676385900E+000 
      9.98000000 -0.233327703933603E+005  0.532003151655272E+000 
     10.00000000 -0.233327765448402E+005  0.525851671725456E+000 
     10.02000000 -0.233327826294513E+005  0.519767060620183E+000 
     10.04000000 -0.233327886444554E+005  0.513752056528817E+000 
     10.06000000 -0.233327945872008E+005  0.507809311079361E+000 
     10.08000000 -0.233328004551235E+005  0.501941388456791E+000 
     10.10000000 -0.233328062457478E+005  0.496150764094471E+000 
     10.12000000 -0.233328119566886E+005  0.490439823285139E+000 
     10.14000000 -0.233328175856523E+005  0.484810859637213E+000 
     10.16000000 -0.233328231304388E+005  0.479266073153676E+000 
     10.18000000 -0.233328285889434E+005  0.473807568474930E+000 
     10.20000000 -0.233328339591594E+005  0.468437352502925E+000 
     10.22000000 -0.233328392391797E+005  0.463157332179975E+000 
     10.24000000 -0.233328444271998E+005  0.457969312119075E+000 
     10.26000000 -0.233328495215200E+005  0.452874991875369E+000 
     10.28000000 -0.233328545205484E+005  0.447875963483661E+000 
     10.30000000 -0.233328594228031E+005  0.442973708794851E+000 
     10.32000000 -0.233328642269151E+005  0.438169596809265E+000 
     10.34000000 -0.233328689316307E+005  0.433464881229641E+000 
     10.36000000 -0.233328735358139E+005  0.428860697998642E+000 
     10.38000000 -0.233328780384489E+005  0.424358063034354E+000 
     10.40000000 -0.233328824386415E+005  0.419957870395802E+000 
     10.42000000 -0.233328867356215E+005  0.415660890429891E+000 
     10.44000000 -0.233328909287434E+005  0.411467768475204E+000 
     10.46000000 -0.233328950174881E+005  0.407379023797804E+000 
     10.48000000 -0.233328990014629E+005  0.403395048972528E+000 
     10.50000000 -0.233329028804024E+005  0.399516109524123E+000 
     10.52000000 -0.233329066541675E+005  0.395742344385102E+000 
     10.54000000 -0.233329103227457E+005  0.392073766251503E+000 
     10.56000000 -0.233329138862490E+005  0.388510262872908E+000 
     10.58000000 -0.233329173449135E+005  0.385051598456930E+000 
     10.60000000 -0.233329206990961E+005  0.381697415794501E+000 
     10.62000000 -0.233329239492735E+005  0.378447238419181E+000 
     10.64000000 -0.233329270960382E+005  0.375300473682184E+000 
     10.66000000 -0.233329301400963E+005  0.372256415654140E+000 
     10.68000000 -0.233329330822632E+005  0.369314248750779E+000 
     10.70000000 -0.233329359234603E+005  0.366473051572048E+000 
     10.72000000 -0.233329386647111E+005  0.363731800827868E+000 
     10.74000000 -0.233329413071363E+005  0.361089375647480E+000 
     10.76000000 -0.233329438519499E+005  0.358544562024918E+000 
     10.78000000 -0.233329463004545E+005  0.356096057388218E+000 
     10.80000000 -0.233329486540367E+005  0.353742475211944E+000 
     10.82000000 -0.233329509141621E+005  0.351482349796760E+000 
     10.84000000 -0.233329530823710E+005  0.349314140881954E+000 
     10.86000000 -0.233329551602733E+005  0.347236238644656E+000 
     10.88000000 -0.233329571495438E+005  0.345246968148402E+000 
     10.90000000 -0.233329590519177E+005  0.343344594218613E+000 
     10.92000000 -0.233329608691860E+005  0.341527325959208E+000 
     10.94000000 -0.233329626031906E+005  0.339793321293984E+000 
     10.96000000 -0.233329642558206E+005  0.338140691365675E+000 
     10.98000000 -0.233329658290070E+005  0.336567504959768E+000 
     11.00000000 -0.233329673247193E+005  0.335071792581837E+000 
     11.02000000 -0.233329687449613E+005  0.333651550652432E+000 
     11.04000000 -0.233329700917664E+005  0.332304745497793E+000 
     11.06000000 -0.233329713671946E+005  0.331029317278690E+000 
     11.08000000 -0.233329725733281E+005  0.329823183795526E+000 
     11.10000000 -0.233329737122677E+005  0.328684244182063E+000 
     11.12000000 -0.233329747861293E+005  0.327610382642464E+000 
     11.14000000 -0.233329757970400E+005  0.326599471875880E+000 
     11.16000000 -0.233329767471352E+005  0.325649376677377E+000 
     11.18000000 -0.233329776385545E+005  0.324757957368709E+000 
     11.20000000 -0.233329784734389E+005  0.323923073062041E+000 
     11.22000000 -0.233329792539268E+005  0.323142585069071E+000 
     11.24000000 -0.233329799821518E+005  0.322414360090506E+000 
     11.26000000 -0.233329806602385E+005  0.321736273390075E+000 
     11.28000000 -0.233329812903000E+005  0.321106211922129E+000 
     11.30000000 -0.233329818744345E+005  0.320522077434503E+000 
     11.32000000 -0.233329824147225E+005  0.319981789376473E+000 
     11.34000000 -0.233329829132240E+005  0.319483287887158E+000 
     11.36000000 -0.233329833719753E+005  0.319024536626132E+000 
     11.38000000 -0.233329837929864E+005  0.318603525548372E+000 
     11.40000000 -0.233329841782383E+005  0.318218273638974E+000 
     11.42000000 -0.233329845296804E+005  0.317866831493196E+000 
     11.44000000 -0.233329848492281E+005  0.317547283837724E+000 
     11.46000000 -0.233329851387598E+005  0.317257752144744E+000 
     11.48000000 -0.233329854001151E+005  0.316996396800538E+000 
     11.50000000 -0.233329856350924E+005  0.316761419552503E+000 
     11.52000000 -0.233329858454462E+005  0.316551065724153E+000 
     11.54000000 -0.233329860328856E+005  0.316363626290906E+000 
     11.56000000 -0.233329861990719E+005  0.316197439996093E+000 
     11.58000000 -0.233329863456165E+005  0.316050895439122E+000 
     11.60000000 -0.233329864740790E+005  0.315922432875937E+000 
     11.62000000 -0.233329865859656E+005  0.315810546294808E+000 
     11.64000000 -0.233329866827269E+005  0.315713785055930E+000 
     11.66000000 -0.233329867657561E+005  0.315630755790875E+000 
     11.68000000 -0.233329868363878E+005  0.315560124104060E+000 
     11.70000000 -0.233329868958958E+005  0.315500616156658E+000 
     11.72000000 -0.233329869454916E+005  0.315451020346413E+000 
     11.74000000 -0.233329869863231E+005  0.315410188801832E+000 
     11.76000000 -0.233329870194731E+005  0.315377038854730E+000 
     11.78000000 -0.233329870459575E+005  0.315350554401405E+000 
     11.80000000 -0.233329870667247E+005  0.315329787266903E+000 
     11.82000000 -0.233329870826535E+005  0.315313858426982E+000 
     11.84000000 -0.233329870945528E+005  0.315301959140360E+000 
     11.86000000 -0.233329871031599E+005  0.315293352006718E+000 
     11.88000000 -0.233329871091400E+005  0.315287371934991E+000 
     11.90000000 -0.233329871130849E+005  0.315283427009565E+000 
     11.92000000 -0.233329871155128E+005  0.315280999133749E+000 
     11.94000000 -0.233329871168671E+005  0.315279644849565E+000 
     11.96000000 -0.233329871175163E+005  0.315278995625452E+000 
     11.98000000 -0.233329871177535E+005  0.315278758403833E+000 
     12.00000000 -0.233329871177960E+005  0.315278715876439E+000 
     12.02000000 -0.233329871177926E+005  0.315278719270092E+000 
     12.04000000 -0.233329871177892E+005  0.315278722710149E+000 
     12.06000000 -0.233329871177857E+005  0.315278726205890E+000 
     12.08000000 -0.233329871177821E+005  0.315278729797533E+000 
     12.10000000 -0.233329871177783E+005  0.315278733596444E+000 
     12.12000000 -0.233329871177744E+005  0.315278737553128E+000 
     12.14000000 -0.233329871177702E+005  0.315278741723269E+000 
     12.16000000 -0.233329871177659E+005  0.315278746066650E+000 
     12.18000000 -0.233329871177614E+005  0.315278750539962E+000 
     12.20000000 -0.233329871177567E+005  0.315278755177233E+000 
     12.22000000 -0.233329871177520E+005  0.315278759925872E+000 
     12.24000000 -0.233329871177472E+005  0.315278764761132E+000 
     12.26000000 -0.233329871177423E+005  0.315278769652076E+000 
     12.28000000 -0.233329871177374E+005  0.315278774564675E+000 
     12.30000000 -0.233329871177324E+005  0.315278779471087E+000 
     12.32000000 -0.233329871177276E+005  0.315278784358938E+000 
     12.34000000 -0.233329871177227E+005  0.315278789197291E+000 
     12.36000000 -0.233329871177180E+005  0.315278793961399E+000 
     12.38000000 -0.233329871177133E+005  0.315278798641980E+000 
     12.40000000 -0.233329871177087E+005  0.315278803229754E+000 
     12.42000000 -0.233329871177042E+005  0.315278807740188E+000 
     12.44000000 -0.233329871176998E+005  0.315278812139253E+000 
     12.46000000 -0.233329871176954E+005  0.315278816476447E+000 
     12.48000000 -0.233329871176912E+005  0.315278820714647E+000 
     12.50000000 -0.233329871176870E+005  0.315278824909536E+000 
     12.52000000 -0.233329871176829E+005  0.315278829054929E+000 
     12.54000000 -0.233329871176788E+005  0.315278833144637E+000 
     12.56000000 -0.233329871176747E+005  0.315278837203409E+000 
     12.58000000 -0.233329871176707E+005  0.315278841218871E+000 
     12.60000000 -0.233329871176667E+005  0.315278845240520E+000 
     12.62000000 -0.233329871176627E+005  0.315278849237420E+000 
     12.64000000 -0.233329871176587E+005  0.315278853228134E+000 
     12.66000000 -0.233329871176547E+005  0.315278857221941E+000 
     12.68000000 -0.233329871176507E+005  0.315278861197187E+000 
     12.70000000 -0.233329871176467E+005  0.315278865187900E+000 
     12.72000000 -0.233329871176427E+005  0.315278869178613E+000 
     12.74000000 -0.233329871176387E+005  0.315278873181701E+000 
     12.76000000 -0.233329871176347E+005  0.315278877197163E+000 
     12.78000000 -0.233329871176307E+005  0.315278881175502E+000 
     12.80000000 -0.233329871176268E+005  0.315278885156935E+000 
     12.82000000 -0.233329871176228E+005  0.315278889144555E+000 
     12.84000000 -0.233329871176188E+005  0.315278893135268E+000 
     12.86000000 -0.233329871176148E+005  0.315278897095046E+000 
     12.88000000 -0.233329871176109E+005  0.315278901042449E+000 
     12.90000000 -0.233329871176070E+005  0.315278904962011E+000 
     12.92000000 -0.233329871176031E+005  0.315278908869198E+000 
     12.94000000 -0.233329871175992E+005  0.315278912742355E+000 
     12.96000000 -0.233329871175953E+005  0.315278916575296E+000 
     12.98000000 -0.233329871175915E+005  0.315278920377301E+000 
     13.00000000 -0.233329871175878E+005  0.315278924160745E+000 
     13.02000000 -0.233329871175840E+005  0.315278927913253E+000 
     13.04000000 -0.233329871175803E+005  0.315278931628639E+000 
     13.06000000 -0.233329871175766E+005  0.315278935294526E+000 
     13.08000000 -0.233329871175730E+005  0.315278938932572E+000 
     13.10000000 -0.233329871175694E+005  0.315278942552057E+000 
     13.12000000 -0.233329871175658E+005  0.315278946128231E+000 
     13.14000000 -0.233329871175622E+005  0.315278949673469E+000 
     13.16000000 -0.233329871175587E+005  0.315278953178491E+000 
     13.18000000 -0.233329871175552E+005  0.315278956677326E+000 
     13.20000000 -0.233329871175518E+005  0.315278960142131E+000 
     13.22000000 -0.233329871175483E+005  0.315278963600750E+000 
     13.24000000 -0.233329871175449E+005  0.315278967040807E+000 
     13.26000000 -0.233329871175415E+005  0.315278970462302E+000 
     13.28000000 -0.233329871175381E+005  0.315278973868330E+000 
     13.30000000 -0.233329871175347E+005  0.315278977255796E+000 
     13.32000000 -0.233329871175313E+005  0.315278980658730E+000 
     13.34000000 -0.233329871175279E+005  0.315278984055476E+000 
     13.36000000 -0.233329871175245E+005  0.315278987452223E+000 
     13.38000000 -0.233329871175211E+005  0.315278990848970E+000 
     13.40000000 -0.233329871175177E+005  0.315278994239530E+000 
     13.42000000 -0.233329871175143E+005  0.315278997651744E+000 
     13.44000000 -0.233329871175109E+005  0.315279001051585E+000 
     13.46000000 -0.233329871175075E+005  0.315279004454519E+000 
     13.48000000 -0.233329871175040E+005  0.315279007882201E+000 
     13.50000000 -0.233329871175006E+005  0.315279011282042E+000 
     13.52000000 -0.233329871174972E+005  0.315279014706631E+000 
     13.54000000 -0.233329871174938E+005  0.315279018140500E+000 
     13.56000000 -0.233329871174903E+005  0.315279021568183E+000 
     13.58000000 -0.233329871174869E+005  0.315279024995865E+000 
     13.60000000 -0.233329871174835E+005  0.315279028398799E+000 
     13.62000000 -0.233329871174801E+005  0.315279031814108E+000 
     13.64000000 -0.233329871174767E+005  0.315279035204667E+000 
     13.66000000 -0.233329871174733E+005  0.315279038607601E+000 
     13.68000000 -0.233329871174699E+005  0.315279041988880E+000 
     13.70000000 -0.233329871174666E+005  0.315279045360878E+000 
     13.72000000 -0.233329871174632E+005  0.315279048708128E+000 
     13.74000000 -0.233329871174599E+005  0.315279052024442E+000 
     13.76000000 -0.233329871174566E+005  0.315279055331475E+000 
     13.78000000 -0.233329871174533E+005  0.315279058635414E+000 
     13.80000000 -0.233329871174500E+005  0.315279061877482E+000 
     13.82000000 -0.233329871174468E+005  0.315279065125737E+000 
     13.84000000 -0.233329871174436E+005  0.315279068324495E+000 
     13.86000000 -0.233329871174404E+005  0.315279071517066E+000 
     13.88000000 -0.233329871174372E+005  0.315279074678701E+000 
     13.90000000 -0.233329871174341E+005  0.315279077821775E+000 
     13.92000000 -0.233329871174310E+005  0.315279080940099E+000 
     13.94000000 -0.233329871174279E+005  0.315279084027489E+000 
     13.96000000 -0.233329871174248E+005  0.315279087083942E+000 
     13.98000000 -0.233329871174218E+005  0.315279090134208E+000 
     14.00000000 -0.233329871174188E+005  0.315279093165913E+000 
     14.02000000 -0.233329871174158E+005  0.315279096166682E+000 
     14.04000000 -0.233329871174128E+005  0.315279099145796E+000 
     14.06000000 -0.233329871174098E+005  0.315279102112536E+000 
     14.08000000 -0.233329871174068E+005  0.315279105069995E+000 
     14.10000000 -0.233329871174039E+005  0.315279108021267E+000 
     14.12000000 -0.233329871174010E+005  0.315279110947790E+000 
     14.14000000 -0.233329871173981E+005  0.315279113868126E+000 
     14.16000000 -0.233329871173951E+005  0.315279116776087E+000 
     14.18000000 -0.233329871173922E+005  0.315279119684049E+000 
     14.20000000 -0.233329871173894E+005  0.315279122557982E+000 
     14.22000000 -0.233329871173865E+005  0.315279125450475E+000 
     14.24000000 -0.233329871173836E+005  0.315279128315127E+000 
     14.26000000 -0.233329871173807E+005  0.315279131185966E+000 
     14.28000000 -0.233329871173779E+005  0.315279134050618E+000 
     14.30000000 -0.233329871173750E+005  0.315279136896708E+000 
     14.32000000 -0.233329871173722E+005  0.315279139752079E+000 
     14.34000000 -0.233329871173693E+005  0.315279142598169E+000 
     14.36000000 -0.233329871173665E+005  0.315279145422604E+000 
     14.38000000 -0.233329871173637E+005  0.315279148256320E+000 
     14.40000000 -0.233329871173608E+005  0.315279151083849E+000 
     14.42000000 -0.233329871173580E+005  0.315279153911378E+000 
     14.44000000 -0.233329871173552E+005  0.315279156732719E+000 
     14.46000000 -0.233329871173524E+005  0.315279159544780E+000 
     14.48000000 -0.233329871173496E+005  0.315279162353747E+000 
     14.50000000 -0.233329871173467E+005  0.315279165175089E+000 
     14.52000000 -0.233329871173439E+005  0.315279167987150E+000 
     14.54000000 -0.233329871173411E+005  0.315279170796117E+000 
     14.56000000 -0.233329871173383E+005  0.315279173598897E+000 
     14.58000000 -0.233329871173355E+005  0.315279176420239E+000 
     14.60000000 -0.233329871173327E+005  0.315279179226113E+000 
     14.62000000 -0.233329871173299E+005  0.315279182031986E+000 
     14.64000000 -0.233329871173271E+005  0.315279184834766E+000 
     14.66000000 -0.233329871173243E+005  0.315279187643734E+000 
     14.68000000 -0.233329871173215E+005  0.315279190446514E+000 
     14.70000000 -0.233329871173187E+005  0.315279193249294E+000 
     14.72000000 -0.233329871173159E+005  0.315279196039700E+000 
     14.74000000 -0.233329871173131E+005  0.315279198836293E+000 
     14.76000000 -0.233329871173103E+005  0.315279201626699E+000 
     14.78000000 -0.233329871173075E+005  0.315279204410917E+000 
     14.80000000 -0.233329871173047E+005  0.315279207195136E+000 
     14.82000000 -0.233329871173020E+005  0.315279209966980E+000 
     14.84000000 -0.233329871172992E+005  0.315279212723357E+000 
     14.86000000 -0.233329871172964E+005  0.315279215485921E+000 
     14.88000000 -0.233329871172937E+005  0.315279218229923E+000 
     14.90000000 -0.233329871172910E+005  0.315279220967738E+000 
     14.92000000 -0.233329871172882E+005  0.315279223705553E+000 
     14.94000000 -0.233329871172855E+005  0.315279226443368E+000 
     14.96000000 -0.233329871172827E+005  0.315279229178089E+000 
     14.98000000 -0.233329871172800E+005  0.315279231906624E+000 
     15.00000000 -0.233329871172773E+005  0.315279234619690E+000 
     15.02000000 -0.233329871172746E+005  0.315279237345131E+000 
     15.04000000 -0.233329871172719E+005  0.315279240055104E+000 
     15.06000000 -0.233329871172691E+005  0.315279242789825E+000 
     15.08000000 -0.233329871172664E+005  0.315279245518360E+000 
     15.10000000 -0.233329871172637E+005  0.315279248228332E+000 
     15.12000000 -0.233329871172610E+005  0.315279250956867E+000 
     15.14000000 -0.233329871172582E+005  0.315279253685401E+000 
     15.16000000 -0.233329871172555E+005  0.315279256429403E+000 
     15.18000000 -0.233329871172528E+005  0.315279259142470E+000 
     15.20000000 -0.233329871172500E+005  0.315279261895753E+000 
     15.22000000 -0.233329871172473E+005  0.315279264636661E+000 
     15.24000000 -0.233329871172445E+005  0.315279267371383E+000 
     15.26000000 -0.233329871172418E+005  0.315279270106104E+000 
     15.28000000 -0.233329871172391E+005  0.315279272840826E+000 
     15.30000000 -0.233329871172364E+005  0.315279275556986E+000 
     15.32000000 -0.233329871172337E+005  0.315279278260771E+000 
     15.34000000 -0.233329871172309E+005  0.315279280983118E+000 
     15.36000000 -0.233329871172282E+005  0.315279283689998E+000 
     15.38000000 -0.233329871172256E+005  0.315279286365941E+000 
     15.40000000 -0.233329871172229E+005  0.315279289029510E+000 
     15.42000000 -0.233329871172203E+005  0.315279291665237E+000 
     15.44000000 -0.233329871172176E+005  0.315279294294777E+000 
     15.46000000 -0.233329871172150E+005  0.315279296884101E+000 
     15.48000000 -0.233329871172125E+005  0.315279299464143E+000 
     15.50000000 -0.233329871172099E+005  0.315279302007063E+000 
     15.52000000 -0.233329871172074E+005  0.315279304519047E+000 
     15.54000000 -0.233329871172049E+005  0.315279307012470E+000 
     15.56000000 -0.233329871172024E+005  0.315279309481143E+000 
     15.58000000 -0.233329871172000E+005  0.315279311912694E+000 
     15.60000000 -0.233329871171976E+005  0.315279314300935E+000 
     15.62000000 -0.233329871171952E+005  0.315279316682989E+000 
     15.64000000 -0.233329871171929E+005  0.315279319034107E+000 
     15.66000000 -0.233329871171906E+005  0.315279321360476E+000 
     15.68000000 -0.233329871171883E+005  0.315279323668284E+000 
     15.70000000 -0.233329871171860E+005  0.315279325945157E+000 
     15.72000000 -0.233329871171837E+005  0.315279328203467E+000 
     15.74000000 -0.233329871171815E+005  0.315279330424655E+000 
     15.76000000 -0.233329871171793E+005  0.315279332664404E+000 
     15.78000000 -0.233329871171771E+005  0.315279334863937E+000 
     15.80000000 -0.233329871171749E+005  0.315279337051096E+000 
     15.82000000 -0.233329871171727E+005  0.315279339232067E+000 
     15.84000000 -0.233329871171705E+005  0.315279341406851E+000 
     15.86000000 -0.233329871171684E+005  0.315279343556887E+000 
     15.88000000 -0.233329871171662E+005  0.315279345722390E+000 
     15.90000000 -0.233329871171640E+005  0.315279347887893E+000 
     15.92000000 -0.233329871171619E+005  0.315279350044116E+000 
     15.94000000 -0.233329871171597E+005  0.315279352191058E+000 
     15.96000000 -0.233329871171576E+005  0.315279354347281E+000 
     15.98000000 -0.233329871171554E+005  0.315279356494223E+000 
     16.00000000 -0.233329871171533E+005  0.315279358662820E+000 
     16.02000000 -0.233329871171511E+005  0.315279360828323E+000 
     16.04000000 -0.233329871171489E+005  0.315279363018575E+000 
     16.06000000 -0.233329871171467E+005  0.315279365196453E+000 
     16.08000000 -0.233329871171445E+005  0.315279367411454E+000 
     16.10000000 -0.233329871171423E+005  0.315279369626454E+000 
     16.12000000 -0.233329871171401E+005  0.315279371866203E+000 
     16.14000000 -0.233329871171378E+005  0.315279374118327E+000 
     16.16000000 -0.233329871171355E+005  0.315279376398293E+000 
     16.18000000 -0.233329871171332E+005  0.315279378684446E+000 
     16.20000000 -0.233329871171309E+005  0.315279381023189E+000 
     16.22000000 -0.233329871171286E+005  0.315279383361933E+000 
     16.24000000 -0.233329871171262E+005  0.315279385737800E+000 
     16.26000000 -0.233329871171238E+005  0.315279388132228E+000 
     16.28000000 -0.233329871171214E+005  0.315279390560685E+000 
     16.30000000 -0.233329871171189E+005  0.315279393032453E+000 
     16.32000000 -0.233329871171164E+005  0.315279395522782E+000 
     16.34000000 -0.233329871171139E+005  0.315279398019298E+000 
     16.36000000 -0.233329871171114E+005  0.315279400562217E+000 
     16.38000000 -0.233329871171088E+005  0.315279403123699E+000 
     16.40000000 -0.233329871171062E+005  0.315279405703741E+000 
     16.42000000 -0.233329871171036E+005  0.315279408305439E+000 
     16.44000000 -0.233329871171010E+005  0.315279410913324E+000 
     16.46000000 -0.233329871170984E+005  0.315279413542864E+000 
     16.48000000 -0.233329871170957E+005  0.315279416181684E+000 
     16.50000000 -0.233329871170931E+005  0.315279418832879E+000 
     16.52000000 -0.233329871170905E+005  0.315279421459325E+000 
     16.54000000 -0.233329871170878E+005  0.315279424107427E+000 
     16.56000000 -0.233329871170852E+005  0.315279426740060E+000 
     16.58000000 -0.233329871170825E+005  0.315279429381974E+000 
     16.60000000 -0.233329871170799E+005  0.315279431986766E+000 
     16.62000000 -0.233329871170773E+005  0.315279434597744E+000 
     16.64000000 -0.233329871170748E+005  0.315279437165412E+000 
     16.66000000 -0.233329871170722E+005  0.315279439739268E+000 
     16.68000000 -0.233329871170696E+005  0.315279442288375E+000 
     16.70000000 -0.233329871170671E+005  0.315279444806546E+000 
     16.72000000 -0.233329871170646E+005  0.315279447293781E+000 
     16.74000000 -0.233329871170622E+005  0.315279449750081E+000 
     16.76000000 -0.233329871170597E+005  0.315279452175445E+000 
     16.78000000 -0.233329871170573E+005  0.315279454594621E+000 
     16.80000000 -0.233329871170549E+005  0.315279456979769E+000 
     16.82000000 -0.233329871170526E+005  0.315279459312325E+000 
     16.84000000 -0.233329871170503E+005  0.315279461635601E+000 
     16.86000000 -0.233329871170480E+005  0.315279463943409E+000 
     16.88000000 -0.233329871170457E+005  0.315279466214094E+000 
     16.90000000 -0.233329871170435E+005  0.315279468453843E+000 
     16.92000000 -0.233329871170412E+005  0.315279470699780E+000 
     16.94000000 -0.233329871170390E+005  0.315279472920967E+000 
     16.96000000 -0.233329871170368E+005  0.315279475139062E+000 
     16.98000000 -0.233329871170346E+005  0.315279477350969E+000 
     17.00000000 -0.233329871170324E+005  0.315279479547408E+000 
     17.02000000 -0.233329871170302E+005  0.315279481756221E+000 
     17.04000000 -0.233329871170280E+005  0.315279483955754E+000 
     17.06000000 -0.233329871170257E+005  0.315279486170755E+000 
     17.08000000 -0.233329871170235E+005  0.315279488395036E+000 
     17.10000000 -0.233329871170213E+005  0.315279490628598E+000 
     17.12000000 -0.233329871170190E+005  0.315279492883815E+000 
     17.14000000 -0.233329871170168E+005  0.315279495142126E+000 
     17.16000000 -0.233329871170145E+005  0.315279497422092E+000 
     17.18000000 -0.233329871170122E+005  0.315279499723713E+000 
     17.20000000 -0.233329871170099E+005  0.315279502050082E+000 
     17.22000000 -0.233329871170076E+005  0.315279504364077E+000 
     17.24000000 -0.233329871170052E+005  0.315279506699727E+000 
     17.26000000 -0.233329871170029E+005  0.315279509063219E+000 
     17.28000000 -0.233329871170005E+005  0.315279511423618E+000 
     17.30000000 -0.233329871169981E+005  0.315279513793298E+000 
     17.32000000 -0.233329871169957E+005  0.315279516175351E+000 
     17.34000000 -0.233329871169934E+005  0.315279518541937E+000 
     17.36000000 -0.233329871169910E+005  0.315279520920898E+000 
     17.38000000 -0.233329871169886E+005  0.315279523284390E+000 
     17.40000000 -0.233329871169863E+005  0.315279525654069E+000 
     17.42000000 -0.233329871169839E+005  0.315279528005187E+000 
     17.44000000 -0.233329871169816E+005  0.315279530356305E+000 
     17.46000000 -0.233329871169792E+005  0.315279532682675E+000 
     17.48000000 -0.233329871169769E+005  0.315279534990483E+000 
     17.50000000 -0.233329871169746E+005  0.315279537289010E+000 
     17.52000000 -0.233329871169724E+005  0.315279539556601E+000 
     17.54000000 -0.233329871169701E+005  0.315279541833473E+000 
     17.56000000 -0.233329871169678E+005  0.315279544079410E+000 
     17.58000000 -0.233329871169656E+005  0.315279546306785E+000 
     17.60000000 -0.233329871169634E+005  0.315279548534160E+000 
     17.62000000 -0.233329871169612E+005  0.315279550742973E+000 
     17.64000000 -0.233329871169590E+005  0.315279552927038E+000 
     17.66000000 -0.233329871169568E+005  0.315279555111103E+000 
     17.68000000 -0.233329871169546E+005  0.315279557270419E+000 
     17.70000000 -0.233329871169525E+005  0.315279559426642E+000 
     17.72000000 -0.233329871169503E+005  0.315279561582865E+000 
     17.74000000 -0.233329871169482E+005  0.315279563729807E+000 
     17.76000000 -0.233329871169460E+005  0.315279565882936E+000 
     17.78000000 -0.233329871169439E+005  0.315279568029878E+000 
     17.80000000 -0.233329871169418E+005  0.315279570164445E+000 
     17.82000000 -0.233329871169396E+005  0.315279572323762E+000 
     17.84000000 -0.233329871169375E+005  0.315279574464516E+000 
     17.86000000 -0.233329871169353E+005  0.315279576630020E+000 
     17.88000000 -0.233329871169331E+005  0.315279578789336E+000 
     17.90000000 -0.233329871169310E+005  0.315279580936278E+000 
     17.92000000 -0.233329871169288E+005  0.315279583104875E+000 
     17.94000000 -0.233329871169266E+005  0.315279585279659E+000 
     17.96000000 -0.233329871169245E+005  0.315279587451350E+000 
     17.98000000 -0.233329871169223E+005  0.315279589629227E+000 
     18.00000000 -0.233329871169201E+005  0.315279591813292E+000 
     18.02000000 -0.233329871169179E+005  0.315279594000451E+000 
     18.04000000 -0.233329871169157E+005  0.315279596172141E+000 
     18.06000000 -0.233329871169136E+005  0.315279598365487E+000 
     18.08000000 -0.233329871169114E+005  0.315279600537178E+000 
     18.10000000 -0.233329871169092E+005  0.315279602715055E+000 
     18.12000000 -0.233329871169070E+005  0.315279604883652E+000 
     18.14000000 -0.233329871169049E+005  0.315279607058436E+000 
     18.16000000 -0.233329871169027E+005  0.315279609205378E+000 
     18.18000000 -0.233329871169005E+005  0.315279611373975E+000 
     18.20000000 -0.233329871168984E+005  0.315279613517824E+000 
     18.22000000 -0.233329871168962E+005  0.315279615670953E+000 
     18.24000000 -0.233329871168941E+005  0.315279617811708E+000 
     18.26000000 -0.233329871168920E+005  0.315279619940088E+000 
     18.28000000 -0.233329871168898E+005  0.315279622068469E+000 
     18.30000000 -0.233329871168877E+005  0.315279624196849E+000 
     18.32000000 -0.233329871168856E+005  0.315279626300481E+000 
     18.34000000 -0.233329871168835E+005  0.315279628410300E+000 
     18.36000000 -0.233329871168814E+005  0.315279630526306E+000 
     18.38000000 -0.233329871168793E+005  0.315279632626845E+000 
     18.40000000 -0.233329871168772E+005  0.315279634749038E+000 
     18.42000000 -0.233329871168751E+005  0.315279636855763E+000 
     18.44000000 -0.233329871168729E+005  0.315279638971770E+000 
     18.46000000 -0.233329871168708E+005  0.315279641093963E+000 
     18.48000000 -0.233329871168687E+005  0.315279643228531E+000 
     18.50000000 -0.233329871168665E+005  0.315279645372379E+000 
     18.52000000 -0.233329871168644E+005  0.315279647534789E+000 
     18.54000000 -0.233329871168622E+005  0.315279649706480E+000 
     18.56000000 -0.233329871168600E+005  0.315279651890544E+000 
     18.58000000 -0.233329871168578E+005  0.315279654086984E+000 
     18.60000000 -0.233329871168556E+005  0.315279656295797E+000 
     18.62000000 -0.233329871168534E+005  0.315279658523172E+000 
     18.64000000 -0.233329871168511E+005  0.315279660775296E+000 
     18.66000000 -0.233329871168489E+005  0.315279663039793E+000 
     18.68000000 -0.233329871168466E+005  0.315279665316666E+000 
     18.70000000 -0.233329871168443E+005  0.315279667621380E+000 
     18.72000000 -0.233329871168420E+005  0.315279669929188E+000 
     18.74000000 -0.233329871168397E+005  0.315279672264838E+000 
     18.76000000 -0.233329871168373E+005  0.315279674585020E+000 
     18.78000000 -0.233329871168350E+005  0.315279676917577E+000 
     18.80000000 -0.233329871168327E+005  0.315279679256320E+000 
     18.82000000 -0.233329871168303E+005  0.315279681607439E+000 
     18.84000000 -0.233329871168280E+005  0.315279683946182E+000 
     18.86000000 -0.233329871168256E+005  0.315279686278739E+000 
     18.88000000 -0.233329871168233E+005  0.315279688608202E+000 
     18.90000000 -0.233329871168210E+005  0.315279690916010E+000 
     18.92000000 -0.233329871168187E+005  0.315279693245473E+000 
     18.94000000 -0.233329871168164E+005  0.315279695522345E+000 
     18.96000000 -0.233329871168141E+005  0.315279697786843E+000 
     18.98000000 -0.233329871168119E+005  0.315279700038966E+000 
     19.00000000 -0.233329871168097E+005  0.315279702266341E+000 
     19.02000000 -0.233329871168074E+005  0.315279704468967E+000 
     19.04000000 -0.233329871168053E+005  0.315279706659220E+000 
     19.06000000 -0.233329871168031E+005  0.315279708790694E+000 
     19.08000000 -0.233329871168010E+005  0.315279710915981E+000 
     19.10000000 -0.233329871167989E+005  0.315279713025800E+000 
     19.12000000 -0.233329871167968E+005  0.315279715110870E+000 
     19.14000000 -0.233329871167948E+005  0.315279717165005E+000 
     19.16000000 -0.233329871167927E+005  0.315279719206765E+000 
     19.18000000 -0.233329871167907E+005  0.315279721223777E+000 
     19.20000000 -0.233329871167887E+005  0.315279723246976E+000 
     19.22000000 -0.233329871167867E+005  0.315279725226865E+000 
     19.24000000 -0.233329871167847E+005  0.315279727212941E+000 
     19.26000000 -0.233329871167827E+005  0.315279729186642E+000 
     19.28000000 -0.233329871167808E+005  0.315279731147970E+000 
     19.30000000 -0.233329871167788E+005  0.315279733109297E+000 
     19.32000000 -0.233329871167768E+005  0.315279735070624E+000 
     19.34000000 -0.233329871167749E+005  0.315279737016484E+000 
     19.36000000 -0.233329871167730E+005  0.315279738956156E+000 
     19.38000000 -0.233329871167710E+005  0.315279740917484E+000 
     19.40000000 -0.233329871167691E+005  0.315279742866437E+000 
     19.42000000 -0.233329871167671E+005  0.315279744815390E+000 
     19.44000000 -0.233329871167651E+005  0.315279746770530E+000 
     19.46000000 -0.233329871167632E+005  0.315279748719483E+000 
     19.48000000 -0.233329871167612E+005  0.315279750693185E+000 
     19.50000000 -0.233329871167593E+005  0.315279752648325E+000 
     19.52000000 -0.233329871167573E+005  0.315279754609652E+000 
     19.54000000 -0.233329871167553E+005  0.315279756570980E+000 
     19.56000000 -0.233329871167534E+005  0.315279758532307E+000 
     19.58000000 -0.233329871167514E+005  0.315279760506009E+000 
     19.60000000 -0.233329871167494E+005  0.315279762482804E+000 
     19.62000000 -0.233329871167475E+005  0.315279764459599E+000 
     19.64000000 -0.233329871167455E+005  0.315279766439488E+000 
     19.66000000 -0.233329871167435E+005  0.315279768425564E+000 
     19.68000000 -0.233329871167415E+005  0.315279770411640E+000 
     19.70000000 -0.233329871167395E+005  0.315279772394623E+000 
     19.72000000 -0.233329871167375E+005  0.315279774396167E+000 
     19.74000000 -0.233329871167355E+005  0.315279776376055E+000 
     19.76000000 -0.233329871167335E+005  0.315279778374506E+000 
     19.78000000 -0.233329871167316E+005  0.315279780360582E+000 
     19.80000000 -0.233329871167296E+005  0.315279782349751E+000 
     19.82000000 -0.233329871167276E+005  0.315279784345108E+000 
     19.84000000 -0.233329871167256E+005  0.315279786343558E+000 
     19.86000000 -0.233329871167236E+005  0.315279788338915E+000 
     19.88000000 -0.233329871167216E+005  0.315279790306430E+000 
     19.90000000 -0.233329871167196E+005  0.315279792289412E+000 
     19.92000000 -0.233329871167177E+005  0.315279794260020E+000 
     19.94000000 -0.233329871167157E+005  0.315279796230628E+000 
     19.96000000 -0.233329871167137E+005  0.315279798195049E+000 
     19.98000000 -0.233329871167118E+005  0.315279800122347E+000 
     20.00000000 -0.233329871167099E+005  0.315279802049645E+000 
     20.02000000 -0.233329871167080E+005  0.315279803964569E+000 
     20.04000000 -0.233329871167060E+005  0.315279805870212E+000 
     20.06000000 -0.233329871167042E+005  0.315279807760387E+000 
     20.08000000 -0.233329871167023E+005  0.315279809638188E+000 
     20.10000000 -0.233329871167004E+005  0.315279811494334E+000 
     20.12000000 -0.233329871166986E+005  0.315279813335012E+000 
     20.14000000 -0.233329871166967E+005  0.315279815175690E+000 
     20.16000000 -0.233329871166949E+005  0.315279817013274E+000 
     20.18000000 -0.233329871166931E+005  0.315279818838484E+000 
     20.20000000 -0.233329871166913E+005  0.315279820648226E+000 
     20.22000000 -0.233329871166895E+005  0.315279822451781E+000 
     20.24000000 -0.233329871166876E+005  0.315279824270804E+000 
     20.26000000 -0.233329871166858E+005  0.315279826083640E+000 
     20.28000000 -0.233329871166840E+005  0.315279827868633E+000 
     20.30000000 -0.233329871166822E+005  0.315279829672188E+000 
     20.32000000 -0.233329871166804E+005  0.315279831485024E+000 
     20.34000000 -0.233329871166787E+005  0.315279833266924E+000 
     20.36000000 -0.233329871166768E+005  0.315279835092134E+000 
     20.38000000 -0.233329871166750E+005  0.315279836898782E+000 
     20.40000000 -0.233329871166732E+005  0.315279838711618E+000 
     20.42000000 -0.233329871166714E+005  0.315279840524454E+000 
     20.44000000 -0.233329871166696E+005  0.315279842337290E+000 
     20.46000000 -0.233329871166678E+005  0.315279844162500E+000 
     20.48000000 -0.233329871166659E+005  0.315279845993897E+000 
     20.50000000 -0.233329871166641E+005  0.315279847800545E+000 
     20.52000000 -0.233329871166623E+005  0.315279849622662E+000 
     20.54000000 -0.233329871166605E+005  0.315279851450965E+000 
     20.56000000 -0.233329871166586E+005  0.315279853285456E+000 
     20.58000000 -0.233329871166568E+005  0.315279855126134E+000 
     20.60000000 -0.233329871166550E+005  0.315279856948251E+000 
     20.62000000 -0.233329871166531E+005  0.315279858807490E+000 
     20.64000000 -0.233329871166513E+005  0.315279860657449E+000 
     20.66000000 -0.233329871166494E+005  0.315279862507407E+000 
     20.68000000 -0.233329871166475E+005  0.315279864369740E+000 
     20.70000000 -0.233329871166457E+005  0.315279866228979E+000 
     20.72000000 -0.233329871166438E+005  0.315279868088219E+000 
     20.74000000 -0.233329871166420E+005  0.315279869962926E+000 
     20.76000000 -0.233329871166401E+005  0.315279871843821E+000 
     20.78000000 -0.233329871166382E+005  0.315279873721621E+000 
     20.80000000 -0.233329871166363E+005  0.315279875605609E+000 
     20.82000000 -0.233329871166344E+005  0.315279877514346E+000 
     20.84000000 -0.233329871166325E+005  0.315279879410708E+000 
     20.86000000 -0.233329871166306E+005  0.315279881313258E+000 
     20.88000000 -0.233329871166287E+005  0.315279883240556E+000 
     20.90000000 -0.233329871166267E+005  0.315279885170947E+000 
     20.92000000 -0.233329871166248E+005  0.315279887107526E+000 
     20.94000000 -0.233329871166229E+005  0.315279889041011E+000 
     20.96000000 -0.233329871166209E+005  0.315279890986871E+000 
     20.98000000 -0.233329871166190E+005  0.315279892935824E+000 
     21.00000000 -0.233329871166170E+005  0.315279894890964E+000 
     21.02000000 -0.233329871166150E+005  0.315279896870853E+000 
     21.04000000 -0.233329871166131E+005  0.315279898835274E+000 
     21.06000000 -0.233329871166111E+005  0.315279900812069E+000 
     21.08000000 -0.233329871166091E+005  0.315279902788864E+000 
     21.10000000 -0.233329871166071E+005  0.315279904784221E+000 
     21.12000000 -0.233329871166051E+005  0.315279906770297E+000 
     21.14000000 -0.233329871166032E+005  0.315279908756373E+000 
     21.16000000 -0.233329871166012E+005  0.315279910754823E+000 
     21.18000000 -0.233329871165992E+005  0.315279912753274E+000 
     21.20000000 -0.233329871165971E+005  0.315279914770285E+000 
     21.22000000 -0.233329871165951E+005  0.315279916768736E+000 
     21.24000000 -0.233329871165931E+005  0.315279918776467E+000 
     21.26000000 -0.233329871165911E+005  0.315279920808946E+000 
     21.28000000 -0.233329871165891E+005  0.315279922832145E+000 
     21.30000000 -0.233329871165871E+005  0.315279924830596E+000 
     21.32000000 -0.233329871165851E+005  0.315279926859982E+000 
     21.34000000 -0.233329871165830E+005  0.315279928911023E+000 
     21.36000000 -0.233329871165810E+005  0.315279930940409E+000 
     21.38000000 -0.233329871165789E+005  0.315279932991450E+000 
     21.40000000 -0.233329871165769E+005  0.315279935042491E+000 
     21.42000000 -0.233329871165748E+005  0.315279937099719E+000 
     21.44000000 -0.233329871165728E+005  0.315279939141480E+000 
     21.46000000 -0.233329871165707E+005  0.315279941189427E+000 
     21.48000000 -0.233329871165687E+005  0.315279943249749E+000 
     21.50000000 -0.233329871165666E+005  0.315279945291509E+000 
     21.52000000 -0.233329871165646E+005  0.315279947327083E+000 
     21.54000000 -0.233329871165626E+005  0.315279949362656E+000 
     21.56000000 -0.233329871165605E+005  0.315279951385855E+000 
     21.58000000 -0.233329871165585E+005  0.315279953415241E+000 
     21.60000000 -0.233329871165565E+005  0.315279955404410E+000 
     21.62000000 -0.233329871165545E+005  0.315279957393580E+000 
     21.64000000 -0.233329871165525E+005  0.315279959379656E+000 
     21.66000000 -0.233329871165506E+005  0.315279961356451E+000 
     21.68000000 -0.233329871165486E+005  0.315279963308498E+000 
     21.70000000 -0.233329871165467E+005  0.315279965229609E+000 
     21.72000000 -0.233329871165447E+005  0.315279967175468E+000 
     21.74000000 -0.233329871165429E+005  0.315279969050176E+000 
     21.76000000 -0.233329871165410E+005  0.315279970940351E+000 
     21.78000000 -0.233329871165391E+005  0.315279972824339E+000 
     21.80000000 -0.233329871165372E+005  0.315279974680484E+000 
     21.82000000 -0.233329871165354E+005  0.315279976524256E+000 
     21.84000000 -0.233329871165336E+005  0.315279978349466E+000 
     21.86000000 -0.233329871165317E+005  0.315279980187050E+000 
     21.88000000 -0.233329871165299E+005  0.315279981968950E+000 
     21.90000000 -0.233329871165281E+005  0.315279983769412E+000 
     21.92000000 -0.233329871165264E+005  0.315279985557499E+000 
     21.94000000 -0.233329871165246E+005  0.315279987345586E+000 
     21.96000000 -0.233329871165228E+005  0.315279989115112E+000 
     21.98000000 -0.233329871165210E+005  0.315279990872263E+000 
     22.00000000 -0.233329871165193E+005  0.315279992607759E+000 
     22.02000000 -0.233329871165176E+005  0.315279994355630E+000 
     22.04000000 -0.233329871165158E+005  0.315279996081845E+000 
     22.06000000 -0.233329871165141E+005  0.315279997811155E+000 
     22.08000000 -0.233329871165124E+005  0.315279999528089E+000 
     22.10000000 -0.233329871165107E+005  0.315280001223369E+000 
     22.12000000 -0.233329871165090E+005  0.315280002924836E+000 
     22.14000000 -0.233329871165073E+005  0.315280004601555E+000 
     22.16000000 -0.233329871165056E+005  0.315280006293741E+000 
     22.18000000 -0.233329871165040E+005  0.315280007942617E+000 
     22.20000000 -0.233329871165023E+005  0.315280009588400E+000 
     22.22000000 -0.233329871165007E+005  0.315280011240369E+000 
     22.24000000 -0.233329871164990E+005  0.315280012870684E+000 
     22.26000000 -0.233329871164974E+005  0.315280014494812E+000 
     22.28000000 -0.233329871164958E+005  0.315280016097284E+000 
     22.30000000 -0.233329871164942E+005  0.315280017687382E+000 
     22.32000000 -0.233329871164926E+005  0.315280019274387E+000 
     22.34000000 -0.233329871164911E+005  0.315280020842830E+000 
     22.36000000 -0.233329871164895E+005  0.315280022411273E+000 
     22.38000000 -0.233329871164879E+005  0.315280023979717E+000 
     22.40000000 -0.233329871164864E+005  0.315280025520318E+000 
     22.42000000 -0.233329871164849E+005  0.315280027045451E+000 
     22.44000000 -0.233329871164833E+005  0.315280028579865E+000 
     22.46000000 -0.233329871164818E+005  0.315280030111185E+000 
     22.48000000 -0.233329871164803E+005  0.315280031627037E+000 
     22.50000000 -0.233329871164788E+005  0.315280033155264E+000 
     22.52000000 -0.233329871164772E+005  0.315280034671116E+000 
     22.54000000 -0.233329871164757E+005  0.315280036199343E+000 
     22.56000000 -0.233329871164742E+005  0.315280037721383E+000 
     22.58000000 -0.233329871164727E+005  0.315280039265077E+000 
     22.60000000 -0.233329871164711E+005  0.315280040814959E+000 
     22.62000000 -0.233329871164696E+005  0.315280042333905E+000 
     22.64000000 -0.233329871164680E+005  0.315280043908535E+000 
     22.66000000 -0.233329871164664E+005  0.315280045486259E+000 
     22.68000000 -0.233329871164649E+005  0.315280047045422E+000 
     22.70000000 -0.233329871164633E+005  0.315280048660268E+000 
     22.72000000 -0.233329871164617E+005  0.315280050253460E+000 
     22.74000000 -0.233329871164601E+005  0.315280051865214E+000 
     22.76000000 -0.233329871164584E+005  0.315280053501715E+000 
     22.78000000 -0.233329871164568E+005  0.315280055144404E+000 
     22.80000000 -0.233329871164551E+005  0.315280056777813E+000 
     22.82000000 -0.233329871164535E+005  0.315280058448344E+000 
     22.84000000 -0.233329871164518E+005  0.315280060131249E+000 
     22.86000000 -0.233329871164501E+005  0.315280061820342E+000 
     22.88000000 -0.233329871164484E+005  0.315280063515622E+000 
     22.90000000 -0.233329871164467E+005  0.315280065217089E+000 
     22.92000000 -0.233329871164450E+005  0.315280066924743E+000 
     22.94000000 -0.233329871164433E+005  0.315280068654052E+000 
     22.96000000 -0.233329871164416E+005  0.315280070364800E+000 
     22.98000000 -0.233329871164398E+005  0.315280072103390E+000 
     23.00000000 -0.233329871164381E+005  0.315280073832699E+000 
     23.02000000 -0.233329871164363E+005  0.315280075580570E+000 
     23.04000000 -0.233329871164346E+005  0.315280077306785E+000 
     23.06000000 -0.233329871164329E+005  0.315280079063936E+000 
     23.08000000 -0.233329871164311E+005  0.315280080814901E+000 
     23.10000000 -0.233329871164294E+005  0.315280082565865E+000 
     23.12000000 -0.233329871164276E+005  0.315280084307548E+000 
     23.14000000 -0.233329871164259E+005  0.315280086061606E+000 
     23.16000000 -0.233329871164241E+005  0.315280087831132E+000 
     23.18000000 -0.233329871164224E+005  0.315280089563534E+000 
     23.20000000 -0.233329871164206E+005  0.315280091323779E+000 
     23.22000000 -0.233329871164188E+005  0.315280093068556E+000 
     23.24000000 -0.233329871164171E+005  0.315280094816427E+000 
     23.26000000 -0.233329871164154E+005  0.315280096561204E+000 
     23.28000000 -0.233329871164136E+005  0.315280098312168E+000 
     23.30000000 -0.233329871164119E+005  0.315280100038384E+000 
     23.32000000 -0.233329871164101E+005  0.315280101780067E+000 
     23.34000000 -0.233329871164084E+005  0.315280103490815E+000 
     23.36000000 -0.233329871164067E+005  0.315280105210843E+000 
     23.38000000 -0.233329871164050E+005  0.315280106918498E+000 
     23.40000000 -0.233329871164033E+005  0.315280108607590E+000 
     23.42000000 -0.233329871164016E+005  0.315280110309057E+000 
     23.44000000 -0.233329871163999E+005  0.315280111973401E+000 
     23.46000000 -0.233329871163983E+005  0.315280113637745E+000 
     23.48000000 -0.233329871163966E+005  0.315280115289715E+000 
     23.50000000 -0.233329871163950E+005  0.315280116929311E+000 
     23.52000000 -0.233329871163934E+005  0.315280118562719E+000 
     23.54000000 -0.233329871163918E+005  0.315280120159004E+000 
     23.56000000 -0.233329871163902E+005  0.315280121752196E+000 
     23.58000000 -0.233329871163886E+005  0.315280123326826E+000 
     23.60000000 -0.233329871163870E+005  0.315280124898363E+000 
     23.62000000 -0.233329871163855E+005  0.315280126457526E+000 
     23.64000000 -0.233329871163839E+005  0.315280127985752E+000 
     23.66000000 -0.233329871163824E+005  0.315280129507792E+000 
     23.68000000 -0.233329871163809E+005  0.315280131023644E+000 
     23.70000000 -0.233329871163794E+005  0.315280132524029E+000 
     23.72000000 -0.233329871163779E+005  0.315280134030600E+000 
     23.74000000 -0.233329871163764E+005  0.315280135490768E+000 
     23.76000000 -0.233329871163750E+005  0.315280136963311E+000 
     23.78000000 -0.233329871163735E+005  0.315280138454415E+000 
     23.80000000 -0.233329871163720E+005  0.315280139917676E+000 
     23.82000000 -0.233329871163705E+005  0.315280141387125E+000 
     23.84000000 -0.233329871163691E+005  0.315280142865854E+000 
     23.86000000 -0.233329871163676E+005  0.315280144350771E+000 
     23.88000000 -0.233329871163661E+005  0.315280145835688E+000 
     23.90000000 -0.233329871163646E+005  0.315280147339166E+000 
     23.92000000 -0.233329871163631E+005  0.315280148855018E+000 
     23.94000000 -0.233329871163615E+005  0.315280150383245E+000 
     23.96000000 -0.233329871163600E+005  0.315280151896004E+000 
     23.98000000 -0.233329871163585E+005  0.315280153452073E+000 
     24.00000000 -0.233329871163569E+005  0.315280155014329E+000 
     24.02000000 -0.233329871163553E+005  0.315280156592053E+000 
     24.04000000 -0.233329871163537E+005  0.315280158172870E+000 
     24.06000000 -0.233329871163521E+005  0.315280159787717E+000 
     24.08000000 -0.233329871163505E+005  0.315280161390189E+000 
     24.10000000 -0.233329871163489E+005  0.315280163023598E+000 
     24.12000000 -0.233329871163473E+005  0.315280164638445E+000 
     24.14000000 -0.233329871163456E+005  0.315280166296601E+000 
     24.16000000 -0.233329871163440E+005  0.315280167926916E+000 
     24.18000000 -0.233329871163423E+005  0.315280169588167E+000 
     24.20000000 -0.233329871163407E+005  0.315280171227762E+000 
     24.22000000 -0.233329871163390E+005  0.315280172879732E+000 
     24.24000000 -0.233329871163374E+005  0.315280174531702E+000 
     24.26000000 -0.233329871163357E+005  0.315280176177484E+000 
     24.28000000 -0.233329871163341E+005  0.315280177829454E+000 
     24.30000000 -0.233329871163324E+005  0.315280179487611E+000 
     24.32000000 -0.233329871163308E+005  0.315280181102458E+000 
     24.34000000 -0.233329871163292E+005  0.315280182745147E+000 
     24.36000000 -0.233329871163276E+005  0.315280184356900E+000 
     24.38000000 -0.233329871163259E+005  0.315280185968653E+000 
     24.40000000 -0.233329871163244E+005  0.315280187568032E+000 
     24.42000000 -0.233329871163228E+005  0.315280189158130E+000 
     24.44000000 -0.233329871163212E+005  0.315280190735854E+000 
     24.46000000 -0.233329871163196E+005  0.315280192307391E+000 
     24.48000000 -0.233329871163181E+005  0.315280193860366E+000 
     24.50000000 -0.233329871163165E+005  0.315280195425716E+000 
     24.52000000 -0.233329871163150E+005  0.315280196966317E+000 
     24.54000000 -0.233329871163134E+005  0.315280198503824E+000 
     24.56000000 -0.233329871163119E+005  0.315280200010396E+000 
     24.58000000 -0.233329871163104E+005  0.315280201557184E+000 
     24.60000000 -0.233329871163088E+005  0.315280203091598E+000 
     24.62000000 -0.233329871163073E+005  0.315280204626012E+000 
     24.64000000 -0.233329871163058E+005  0.315280206160426E+000 
     24.66000000 -0.233329871163042E+005  0.315280207676278E+000 
     24.68000000 -0.233329871163027E+005  0.315280209235441E+000 
     24.70000000 -0.233329871163012E+005  0.315280210766761E+000 
     24.72000000 -0.233329871162996E+005  0.315280212341391E+000 
     24.74000000 -0.233329871162980E+005  0.315280213894367E+000 
     24.76000000 -0.233329871162965E+005  0.315280215465903E+000 
     24.78000000 -0.233329871162949E+005  0.315280217059095E+000 
     24.80000000 -0.233329871162933E+005  0.315280218649193E+000 
     24.82000000 -0.233329871162917E+005  0.315280220257853E+000 
     24.84000000 -0.233329871162900E+005  0.315280221869606E+000 
     24.86000000 -0.233329871162884E+005  0.315280223481360E+000 
     24.88000000 -0.233329871162868E+005  0.315280225111674E+000 
     24.90000000 -0.233329871162852E+005  0.315280226738895E+000 
     24.92000000 -0.233329871162835E+005  0.315280228378491E+000 
     24.94000000 -0.233329871162819E+005  0.315280230036648E+000 
     24.96000000 -0.233329871162802E+005  0.315280231670056E+000 
     24.98000000 -0.233329871162786E+005  0.315280233322026E+000 
     25.00000000 -0.233329871162770E+005  0.315280234964715E+000 
     25.02000000 -0.233329871162753E+005  0.315280236613591E+000 
     25.04000000 -0.233329871162737E+005  0.315280238253187E+000 
     25.06000000 -0.233329871162720E+005  0.315280239905156E+000 
     25.08000000 -0.233329871162704E+005  0.315280241532377E+000 
     25.10000000 -0.233329871162688E+005  0.315280243153411E+000 
     25.12000000 -0.233329871162671E+005  0.315280244783726E+000 
     25.14000000 -0.233329871162655E+005  0.315280246401667E+000 
     25.16000000 -0.233329871162639E+005  0.315280248016513E+000 
     25.18000000 -0.233329871162623E+005  0.315280249618986E+000 
     25.20000000 -0.233329871162607E+005  0.315280251221458E+000 
     25.22000000 -0.233329871162591E+005  0.315280252805370E+000 
     25.24000000 -0.233329871162575E+005  0.315280254401655E+000 
     25.26000000 -0.233329871162559E+005  0.315280255982472E+000 
     25.28000000 -0.233329871162543E+005  0.315280257569477E+000 
     25.30000000 -0.233329871162528E+005  0.315280259134827E+000 
     25.32000000 -0.233329871162512E+005  0.315280260706363E+000 
     25.34000000 -0.233329871162496E+005  0.315280262280994E+000 
     25.36000000 -0.233329871162481E+005  0.315280263843250E+000 
     25.38000000 -0.233329871162465E+005  0.315280265408599E+000 
     25.40000000 -0.233329871162449E+005  0.315280266973949E+000 
     25.42000000 -0.233329871162434E+005  0.315280268533112E+000 
     25.44000000 -0.233329871162418E+005  0.315280270101555E+000 
     25.46000000 -0.233329871162403E+005  0.315280271666904E+000 
     25.48000000 -0.233329871162387E+005  0.315280273216786E+000 
     25.50000000 -0.233329871162371E+005  0.315280274775949E+000 
     25.52000000 -0.233329871162356E+005  0.315280276328924E+000 
     25.54000000 -0.233329871162340E+005  0.315280277881899E+000 
     25.56000000 -0.233329871162325E+005  0.315280279416313E+000 
     25.58000000 -0.233329871162309E+005  0.315280280972382E+000 
     25.60000000 -0.233329871162294E+005  0.315280282497515E+000 
     25.62000000 -0.233329871162279E+005  0.315280284025742E+000 
     25.64000000 -0.233329871162264E+005  0.315280285553968E+000 
     25.66000000 -0.233329871162249E+005  0.315280287063634E+000 
     25.68000000 -0.233329871162233E+005  0.315280288579486E+000 
     25.70000000 -0.233329871162218E+005  0.315280290082964E+000 
     25.72000000 -0.233329871162203E+005  0.315280291586442E+000 
     25.74000000 -0.233329871162188E+005  0.315280293083733E+000 
     25.76000000 -0.233329871162173E+005  0.315280294581024E+000 
     25.78000000 -0.233329871162159E+005  0.315280296065941E+000 
     25.80000000 -0.233329871162144E+005  0.315280297544670E+000 
     25.82000000 -0.233329871162129E+005  0.315280299023400E+000 
     25.84000000 -0.233329871162114E+005  0.315280300495942E+000 
     25.86000000 -0.233329871162099E+005  0.315280301974672E+000 
     25.88000000 -0.233329871162084E+005  0.315280303468869E+000 
     25.90000000 -0.233329871162070E+005  0.315280304944505E+000 
     25.92000000 -0.233329871162055E+005  0.315280306420141E+000 
     25.94000000 -0.233329871162040E+005  0.315280307926712E+000 
     25.96000000 -0.233329871162025E+005  0.315280309417816E+000 
     25.98000000 -0.233329871162010E+005  0.315280310918201E+000 
     26.00000000 -0.233329871161995E+005  0.315280312418585E+000 
     26.02000000 -0.233329871161980E+005  0.315280313940625E+000 
     26.04000000 -0.233329871161965E+005  0.315280315462664E+000 
     26.06000000 -0.233329871161949E+005  0.315280317003265E+000 
     26.08000000 -0.233329871161934E+005  0.315280318531492E+000 
     26.10000000 -0.233329871161919E+005  0.315280320065906E+000 
     26.12000000 -0.233329871161903E+005  0.315280321634349E+000 
     26.14000000 -0.233329871161887E+005  0.315280323190418E+000 
     26.16000000 -0.233329871161872E+005  0.315280324761955E+000 
     26.18000000 -0.233329871161856E+005  0.315280326327304E+000 
     26.20000000 -0.233329871161840E+005  0.315280327911215E+000 
     26.22000000 -0.233329871161824E+005  0.315280329495126E+000 
     26.24000000 -0.233329871161808E+005  0.315280331072850E+000 
     26.26000000 -0.233329871161792E+005  0.315280332675323E+000 
     26.28000000 -0.233329871161777E+005  0.315280334259234E+000 
     26.30000000 -0.233329871161760E+005  0.315280335870987E+000 
     26.32000000 -0.233329871161745E+005  0.315280337461085E+000 
     26.34000000 -0.233329871161728E+005  0.315280339072839E+000 
     26.36000000 -0.233329871161712E+005  0.315280340687686E+000 
     26.38000000 -0.233329871161696E+005  0.315280342274690E+000 
     26.40000000 -0.233329871161680E+005  0.315280343870976E+000 
     26.42000000 -0.233329871161664E+005  0.315280345485822E+000 
     26.44000000 -0.233329871161648E+005  0.315280347091389E+000 
     26.46000000 -0.233329871161632E+005  0.315280348675300E+000 
     26.48000000 -0.233329871161616E+005  0.315280350271585E+000 
     26.50000000 -0.233329871161601E+005  0.315280351858590E+000 
     26.52000000 -0.233329871161585E+005  0.315280353436314E+000 
     26.54000000 -0.233329871161569E+005  0.315280355023318E+000 
     26.56000000 -0.233329871161553E+005  0.315280356610323E+000 
     26.58000000 -0.233329871161537E+005  0.315280358178766E+000 
     26.60000000 -0.233329871161522E+005  0.315280359747209E+000 
     26.62000000 -0.233329871161506E+005  0.315280361315652E+000 
     26.64000000 -0.233329871161490E+005  0.315280362893376E+000 
     26.66000000 -0.233329871161475E+005  0.315280364464913E+000 
     26.68000000 -0.233329871161459E+005  0.315280366024076E+000 
     26.70000000 -0.233329871161443E+005  0.315280367583238E+000 
     26.72000000 -0.233329871161428E+005  0.315280369160962E+000 
     26.74000000 -0.233329871161412E+005  0.315280370713937E+000 
     26.76000000 -0.233329871161396E+005  0.315280372294755E+000 
     26.78000000 -0.233329871161381E+005  0.315280373857011E+000 
     26.80000000 -0.233329871161365E+005  0.315280375419267E+000 
     26.82000000 -0.233329871161349E+005  0.315280377006271E+000 
     26.84000000 -0.233329871161333E+005  0.315280378577808E+000 
     26.86000000 -0.233329871161318E+005  0.315280380158626E+000 
     26.88000000 -0.233329871161302E+005  0.315280381733256E+000 
     26.90000000 -0.233329871161286E+005  0.315280383326448E+000 
     26.92000000 -0.233329871161270E+005  0.315280384913453E+000 
     26.94000000 -0.233329871161254E+005  0.315280386478802E+000 
     26.96000000 -0.233329871161238E+005  0.315280388068900E+000 
     26.98000000 -0.233329871161223E+005  0.315280389652811E+000 
     27.00000000 -0.233329871161207E+005  0.315280391218161E+000 
     27.02000000 -0.233329871161191E+005  0.315280392808259E+000 
     27.04000000 -0.233329871161175E+005  0.315280394395264E+000 
     27.06000000 -0.233329871161160E+005  0.315280395957520E+000 
     27.08000000 -0.233329871161144E+005  0.315280397532150E+000 
     27.10000000 -0.233329871161128E+005  0.315280399097500E+000 
     27.12000000 -0.233329871161113E+005  0.315280400659756E+000 
     27.14000000 -0.233329871161097E+005  0.315280402200357E+000 
     27.16000000 -0.233329871161082E+005  0.315280403765707E+000 
     27.18000000 -0.233329871161066E+005  0.315280405312495E+000 
     27.20000000 -0.233329871161051E+005  0.315280406853096E+000 
     27.22000000 -0.233329871161035E+005  0.315280408393697E+000 
     27.24000000 -0.233329871161020E+005  0.315280409934298E+000 
     27.26000000 -0.233329871161005E+005  0.315280411462525E+000 
     27.28000000 -0.233329871160989E+005  0.315280412978377E+000 
     27.30000000 -0.233329871160974E+005  0.315280414512791E+000 
     27.32000000 -0.233329871160959E+005  0.315280416041017E+000 
     27.34000000 -0.233329871160944E+005  0.315280417553776E+000 
     27.36000000 -0.233329871160928E+005  0.315280419091284E+000 
     27.38000000 -0.233329871160913E+005  0.315280420613323E+000 
     27.40000000 -0.233329871160898E+005  0.315280422144644E+000 
     27.42000000 -0.233329871160882E+005  0.315280423700712E+000 
     27.44000000 -0.233329871160867E+005  0.315280425228939E+000 
     27.46000000 -0.233329871160851E+005  0.315280426775727E+000 
     27.48000000 -0.233329871160836E+005  0.315280428316328E+000 
     27.50000000 -0.233329871160820E+005  0.315280429881678E+000 
     27.52000000 -0.233329871160805E+005  0.315280431465589E+000 
     27.54000000 -0.233329871160789E+005  0.315280433049500E+000 
     27.56000000 -0.233329871160773E+005  0.315280434621037E+000 
     27.58000000 -0.233329871160757E+005  0.315280436235884E+000 
     27.60000000 -0.233329871160741E+005  0.315280437847637E+000 
     27.62000000 -0.233329871160724E+005  0.315280439477952E+000 
     27.64000000 -0.233329871160708E+005  0.315280441123734E+000 
     27.66000000 -0.233329871160691E+005  0.315280442775704E+000 
     27.68000000 -0.233329871160675E+005  0.315280444433861E+000 
     27.70000000 -0.233329871160658E+005  0.315280446129141E+000 
     27.72000000 -0.233329871160641E+005  0.315280447812046E+000 
     27.74000000 -0.233329871160624E+005  0.315280449507326E+000 
     27.76000000 -0.233329871160607E+005  0.315280451208793E+000 
     27.78000000 -0.233329871160590E+005  0.315280452935009E+000 
     27.80000000 -0.233329871160573E+005  0.315280454648850E+000 
     27.82000000 -0.233329871160555E+005  0.315280456399814E+000 
     27.84000000 -0.233329871160538E+005  0.315280458119843E+000 
     27.86000000 -0.233329871160521E+005  0.315280459861526E+000 
     27.88000000 -0.233329871160503E+005  0.315280461597022E+000 
     27.90000000 -0.233329871160486E+005  0.315280463326331E+000 
     27.92000000 -0.233329871160469E+005  0.315280465049453E+000 
     27.94000000 -0.233329871160451E+005  0.315280466775669E+000 
     27.96000000 -0.233329871160434E+005  0.315280468486417E+000 
     27.98000000 -0.233329871160417E+005  0.315280470197164E+000 
     28.00000000 -0.233329871160400E+005  0.315280471892444E+000 
     28.02000000 -0.233329871160383E+005  0.315280473581537E+000 
     28.04000000 -0.233329871160367E+005  0.315280475248975E+000 
     28.06000000 -0.233329871160350E+005  0.315280476910225E+000 
     28.08000000 -0.233329871160334E+005  0.315280478537446E+000 
     28.10000000 -0.233329871160317E+005  0.315280480167761E+000 
     28.12000000 -0.233329871160301E+005  0.315280481798076E+000 
     28.14000000 -0.233329871160285E+005  0.315280483381987E+000 
     28.16000000 -0.233329871160270E+005  0.315280484965898E+000 
     28.18000000 -0.233329871160254E+005  0.315280486537435E+000 
     28.20000000 -0.233329871160238E+005  0.315280488102784E+000 
     28.22000000 -0.233329871160223E+005  0.315280489643385E+000 
     28.24000000 -0.233329871160207E+005  0.315280491183986E+000 
     28.26000000 -0.233329871160192E+005  0.315280492706026E+000 
     28.28000000 -0.233329871160177E+005  0.315280494212597E+000 
     28.30000000 -0.233329871160162E+005  0.315280495731543E+000 
     28.32000000 -0.233329871160147E+005  0.315280497228834E+000 
     28.34000000 -0.233329871160132E+005  0.315280498726125E+000 
     28.36000000 -0.233329871160117E+005  0.315280500211042E+000 
     28.38000000 -0.233329871160102E+005  0.315280501702146E+000 
     28.40000000 -0.233329871160087E+005  0.315280503180875E+000 
     28.42000000 -0.233329871160073E+005  0.315280504647230E+000 
     28.44000000 -0.233329871160058E+005  0.315280506113585E+000 
     28.46000000 -0.233329871160043E+005  0.315280507604689E+000 
     28.48000000 -0.233329871160029E+005  0.315280509058670E+000 
     28.50000000 -0.233329871160014E+005  0.315280510549774E+000 
     28.52000000 -0.233329871159999E+005  0.315280512016129E+000 
     28.54000000 -0.233329871159984E+005  0.315280513479391E+000 
     28.56000000 -0.233329871159970E+005  0.315280514955027E+000 
     28.58000000 -0.233329871159955E+005  0.315280516439943E+000 
     28.60000000 -0.233329871159940E+005  0.315280517906298E+000 
     28.62000000 -0.233329871159925E+005  0.315280519400496E+000 
     28.64000000 -0.233329871159910E+005  0.315280520882319E+000 
     28.66000000 -0.233329871159896E+005  0.315280522361048E+000 
     28.68000000 -0.233329871159881E+005  0.315280523852152E+000 
     28.70000000 -0.233329871159866E+005  0.315280525337069E+000 
     28.72000000 -0.233329871159851E+005  0.315280526834360E+000 
     28.74000000 -0.233329871159836E+005  0.315280528328557E+000 
     28.76000000 -0.233329871159821E+005  0.315280529816567E+000 
     28.78000000 -0.233329871159806E+005  0.315280531332420E+000 
     28.80000000 -0.233329871159791E+005  0.315280532817336E+000 
     28.82000000 -0.233329871159776E+005  0.315280534333189E+000 
     28.84000000 -0.233329871159761E+005  0.315280535827386E+000 
     28.86000000 -0.233329871159746E+005  0.315280537346332E+000 
     28.88000000 -0.233329871159731E+005  0.315280538846716E+000 
     28.90000000 -0.233329871159716E+005  0.315280540344007E+000 
     28.92000000 -0.233329871159701E+005  0.315280541838205E+000 
     28.94000000 -0.233329871159686E+005  0.315280543354057E+000 
     28.96000000 -0.233329871159671E+005  0.315280544851348E+000 
     28.98000000 -0.233329871159656E+005  0.315280546336265E+000 
     29.00000000 -0.233329871159641E+005  0.315280547821181E+000 
     29.02000000 -0.233329871159626E+005  0.315280549324659E+000 
     29.04000000 -0.233329871159611E+005  0.315280550809576E+000 
     29.06000000 -0.233329871159596E+005  0.315280552306867E+000 
     29.08000000 -0.233329871159581E+005  0.315280553770129E+000 
     29.10000000 -0.233329871159567E+005  0.315280555242671E+000 
     29.12000000 -0.233329871159552E+005  0.315280556718307E+000 
     29.14000000 -0.233329871159537E+005  0.315280558184662E+000 
     29.16000000 -0.233329871159523E+005  0.315280559663392E+000 
     29.18000000 -0.233329871159508E+005  0.315280561117372E+000 
     29.20000000 -0.233329871159493E+005  0.315280562577540E+000 
     29.22000000 -0.233329871159479E+005  0.315280564031521E+000 
     29.24000000 -0.233329871159464E+005  0.315280565491689E+000 
     29.26000000 -0.233329871159449E+005  0.315280566970419E+000 
     29.28000000 -0.233329871159435E+005  0.315280568424400E+000 
     29.30000000 -0.233329871159420E+005  0.315280569875287E+000 
     29.32000000 -0.233329871159406E+005  0.315280571354016E+000 
     29.34000000 -0.233329871159391E+005  0.315280572832746E+000 
     29.36000000 -0.233329871159376E+005  0.315280574302195E+000 
     29.38000000 -0.233329871159362E+005  0.315280575759269E+000 
     29.40000000 -0.233329871159347E+005  0.315280577244186E+000 
     29.42000000 -0.233329871159332E+005  0.315280578726009E+000 
     29.44000000 -0.233329871159317E+005  0.315280580201645E+000 
     29.46000000 -0.233329871159303E+005  0.315280581655626E+000 
     29.48000000 -0.233329871159288E+005  0.315280583143636E+000 
     29.50000000 -0.233329871159273E+005  0.315280584622365E+000 
     29.52000000 -0.233329871159258E+005  0.315280586107282E+000 
     29.54000000 -0.233329871159243E+005  0.315280587570544E+000 
     29.56000000 -0.233329871159229E+005  0.315280589046179E+000 
     29.58000000 -0.233329871159214E+005  0.315280590512535E+000 
     29.60000000 -0.233329871159200E+005  0.315280591966515E+000 
     29.62000000 -0.233329871159185E+005  0.315280593414309E+000 
     29.64000000 -0.233329871159170E+005  0.315280594874477E+000 
     29.66000000 -0.233329871159156E+005  0.315280596334645E+000 
     29.68000000 -0.233329871159141E+005  0.315280597782439E+000 
     29.70000000 -0.233329871159127E+005  0.315280599199297E+000 
     29.72000000 -0.233329871159113E+005  0.315280600634716E+000 
     29.74000000 -0.233329871159098E+005  0.315280602076323E+000 
     29.76000000 -0.233329871159084E+005  0.315280603480806E+000 
     29.78000000 -0.233329871159070E+005  0.315280604922413E+000 
     29.80000000 -0.233329871159056E+005  0.315280606329990E+000 
     29.82000000 -0.233329871159042E+005  0.315280607731380E+000 
     29.84000000 -0.233329871159028E+005  0.315280609135864E+000 
     29.86000000 -0.233329871159014E+005  0.315280610546535E+000 
     29.88000000 -0.233329871159000E+005  0.315280611944831E+000 
     29.90000000 -0.233329871158986E+005  0.315280613349315E+000 
     29.92000000 -0.233329871158972E+005  0.315280614738331E+000 
     29.94000000 -0.233329871158958E+005  0.315280616118066E+000 
     29.96000000 -0.233329871158944E+005  0.315280617513269E+000 
     29.98000000 -0.233329871158930E+005  0.315280618905378E+000 
     30.00000000 -0.233329871158916E+005  0.315280620288207E+000 
