# Real time calculation: 
# Eall: Total energy
# Eall0: Initial total energy
# 1:Time[fs] 2:Eall[eV] 3:Eall-Eall0[eV] 
      0.00000000 -0.865026937618314E+003  0.000000000000000E+000 
      0.02000000 -0.865026937654989E+003 -0.366741538819252E-007 
      0.04000000 -0.865026937655006E+003 -0.366915552487047E-007 
      0.06000000 -0.865026937654970E+003 -0.366553990755072E-007 
      0.08000000 -0.865026937654768E+003 -0.364539299179043E-007 
      0.10000000 -0.865026937654177E+003 -0.358623801216604E-007 
      0.12000000 -0.865026937652810E+003 -0.344956961096486E-007 
      0.14000000 -0.865026937650069E+003 -0.317547874933538E-007 
      0.16000000 -0.865026937645091E+003 -0.267762564577321E-007 
      0.18000000 -0.865026937636694E+003 -0.183799036380922E-007 
      0.20000000 -0.865026937623333E+003 -0.501894087625416E-008 
      0.22000000 -0.865026937603050E+003  0.152643822647383E-007 
      0.24000000 -0.865026937573433E+003  0.448810251521881E-007 
      0.26000000 -0.865026937531587E+003  0.867270585895074E-007 
      0.28000000 -0.865026937474106E+003  0.144208220078229E-006 
      0.30000000 -0.865026937397058E+003  0.221256541790705E-006 
      0.32000000 -0.865026937295980E+003  0.322334410889026E-006 
      0.34000000 -0.865026937165882E+003  0.452432442691298E-006 
      0.36000000 -0.865026937001261E+003  0.617053432744507E-006 
      0.38000000 -0.865026936796124E+003  0.822190605116040E-006 
      0.40000000 -0.865026936544022E+003  0.107429271298587E-005 
      0.42000000 -0.865026936238088E+003  0.138022633568519E-005 
      0.44000000 -0.865026935871087E+003  0.174722773491502E-005 
      0.46000000 -0.865026935435462E+003  0.218285219743398E-005 
      0.48000000 -0.865026934923398E+003  0.269491622385091E-005 
      0.50000000 -0.865026934326882E+003  0.329143275687074E-005 
      0.52000000 -0.865026933637763E+003  0.398055153327615E-005 
      0.54000000 -0.865026932847823E+003  0.477049112192284E-005 
      0.56000000 -0.865026931948845E+003  0.566946931827244E-005 
      0.58000000 -0.865026930932680E+003  0.668563450566799E-005 
      0.60000000 -0.865026929791322E+003  0.782699285961622E-005 
      0.62000000 -0.865026928516974E+003  0.910134019243436E-005 
      0.64000000 -0.865026927102109E+003  0.105162054954824E-004 
      0.66000000 -0.865026925539528E+003  0.120787863607573E-004 
      0.68000000 -0.865026923822409E+003  0.137959052841277E-004 
      0.70000000 -0.865026921944350E+003  0.156739649051518E-004 
      0.72000000 -0.865026919899404E+003  0.177189100140927E-004 
      0.74000000 -0.865026917682100E+003  0.199362140175223E-004 
      0.76000000 -0.865026915287458E+003  0.223308566065675E-004 
      0.78000000 -0.865026912710990E+003  0.249073247236522E-004 
      0.80000000 -0.865026909948708E+003  0.276696064720197E-004 
      0.82000000 -0.865026906997114E+003  0.306212002031123E-004 
      0.84000000 -0.865026903853178E+003  0.337651364616290E-004 
      0.86000000 -0.865026900514316E+003  0.371039987704911E-004 
      0.88000000 -0.865026896978355E+003  0.406399596903409E-004 
      0.90000000 -0.865026893243489E+003  0.443748257730729E-004 
      0.92000000 -0.865026889308233E+003  0.483100815486219E-004 
      0.94000000 -0.865026885171362E+003  0.524469520732093E-004 
      0.96000000 -0.865026880831850E+003  0.567864639308007E-004 
      0.98000000 -0.865026876288800E+003  0.613295145485507E-004 
      1.00000000 -0.865026871541368E+003  0.660769466359827E-004 
      1.02000000 -0.865026866588716E+003  0.710295983589299E-004 
      1.04000000 -0.865026861429924E+003  0.761883905397177E-004 
      1.06000000 -0.865026856063928E+003  0.815543862085079E-004 
      1.08000000 -0.865026850489465E+003  0.871288493812484E-004 
      1.10000000 -0.865026844705010E+003  0.929133046110177E-004 
      1.12000000 -0.865026838708730E+003  0.989095841650634E-004 
      1.14000000 -0.865026832498429E+003  0.105119885642661E-003 
      1.16000000 -0.865026826071521E+003  0.111546792953429E-003 
      1.18000000 -0.865026819424992E+003  0.118193322334276E-003 
      1.20000000 -0.865026812555363E+003  0.125062950964982E-003 
      1.22000000 -0.865026805458685E+003  0.132159629922547E-003 
      1.24000000 -0.865026798130523E+003  0.139487791141742E-003 
      1.26000000 -0.865026790565957E+003  0.147052357855927E-003 
      1.28000000 -0.865026782759590E+003  0.154858724102105E-003 
      1.30000000 -0.865026774705580E+003  0.162912734032636E-003 
      1.32000000 -0.865026766397646E+003  0.171220668187487E-003 
      1.34000000 -0.865026757829117E+003  0.179789197767310E-003 
      1.36000000 -0.865026748992952E+003  0.188625362881733E-003 
      1.38000000 -0.865026739881810E+003  0.197736504297332E-003 
      1.40000000 -0.865026730488096E+003  0.207130218580774E-003 
      1.42000000 -0.865026720803988E+003  0.216814326099639E-003 
      1.44000000 -0.865026710821547E+003  0.226796767290936E-003 
      1.46000000 -0.865026700532758E+003  0.237085556644159E-003 
      1.48000000 -0.865026689929624E+003  0.247688690860737E-003 
      1.50000000 -0.865026679004249E+003  0.258614065424149E-003 
      1.52000000 -0.865026667748905E+003  0.269869409151450E-003 
      1.54000000 -0.865026656156123E+003  0.281462190999286E-003 
      1.56000000 -0.865026644218768E+003  0.293399546011406E-003 
      1.58000000 -0.865026631930110E+003  0.305688204456435E-003 
      1.60000000 -0.865026619283906E+003  0.318334408591335E-003 
      1.62000000 -0.865026606274487E+003  0.331343827298031E-003 
      1.64000000 -0.865026592896832E+003  0.344721482417626E-003 
      1.66000000 -0.865026579146621E+003  0.358471693259379E-003 
      1.68000000 -0.865026565020306E+003  0.372598007961976E-003 
      1.70000000 -0.865026550515196E+003  0.387103118226834E-003 
      1.72000000 -0.865026535629483E+003  0.401988831089220E-003 
      1.74000000 -0.865026520362300E+003  0.417256014587312E-003 
      1.76000000 -0.865026504713778E+003  0.432904536277376E-003 
      1.78000000 -0.865026488685072E+003  0.448933242062096E-003 
      1.80000000 -0.865026472278383E+003  0.465339930861923E-003 
      1.82000000 -0.865026455496967E+003  0.482121347267831E-003 
      1.84000000 -0.865026438345124E+003  0.499273190241996E-003 
      1.86000000 -0.865026420828215E+003  0.516790099390056E-003 
      1.88000000 -0.865026402952623E+003  0.534665690923935E-003 
      1.90000000 -0.865026384725710E+003  0.552892604258832E-003 
      1.92000000 -0.865026366155827E+003  0.571462487512088E-003 
      1.94000000 -0.865026347252245E+003  0.590366069718854E-003 
      1.96000000 -0.865026328025084E+003  0.609593230340886E-003 
      1.98000000 -0.865026308485293E+003  0.629133021308273E-003 
      2.00000000 -0.865026288644571E+003  0.648973743198759E-003 
      2.02000000 -0.865026268515252E+003  0.669103062503616E-003 
      2.04000000 -0.865026248110279E+003  0.689508035506188E-003 
      2.06000000 -0.865026227443071E+003  0.710175243625853E-003 
      2.08000000 -0.865026206527454E+003  0.731090860316616E-003 
      2.10000000 -0.865026185377612E+003  0.752240702691156E-003 
      2.12000000 -0.865026164007905E+003  0.773610409401469E-003 
      2.14000000 -0.865026142432884E+003  0.795185430584747E-003 
      2.16000000 -0.865026120667143E+003  0.816951171327974E-003 
      2.18000000 -0.865026098725234E+003  0.838893080028204E-003 
      2.20000000 -0.865026076621654E+003  0.860996659993469E-003 
      2.22000000 -0.865026054370697E+003  0.883247617161051E-003 
      2.24000000 -0.865026031986455E+003  0.905631859227413E-003 
      2.26000000 -0.865026009482735E+003  0.928135578981409E-003 
      2.28000000 -0.865025986873014E+003  0.950745300031211E-003 
      2.30000000 -0.865025964170422E+003  0.973447892562212E-003 
      2.32000000 -0.865025941387697E+003  0.996230617807187E-003 
      2.34000000 -0.865025918537153E+003  0.101908116130224E-002 
      2.36000000 -0.865025895630699E+003  0.104198761558210E-002 
      2.38000000 -0.865025872679826E+003  0.106493848810743E-002 
      2.40000000 -0.865025849695564E+003  0.108792275018199E-002 
      2.42000000 -0.865025826688534E+003  0.111092978001150E-002 
      2.44000000 -0.865025803668963E+003  0.113394935148941E-002 
      2.46000000 -0.865025780646738E+003  0.115697157619239E-002 
      2.48000000 -0.865025757631441E+003  0.117998687370128E-002 
      2.50000000 -0.865025734632356E+003  0.120298595797004E-002 
      2.52000000 -0.865025711658608E+003  0.122595970681551E-002 
      2.54000000 -0.865025688719175E+003  0.124889913977899E-002 
      2.56000000 -0.865025665822938E+003  0.127179537616963E-002 
      2.58000000 -0.865025642978817E+003  0.129463949730357E-002 
      2.60000000 -0.865025620195807E+003  0.131742250715757E-002 
      2.62000000 -0.865025597483050E+003  0.134013526460030E-002 
      2.64000000 -0.865025574849910E+003  0.136276840431284E-002 
      2.66000000 -0.865025552306038E+003  0.138531227627057E-002 
      2.68000000 -0.865025529861456E+003  0.140775685805961E-002 
      2.70000000 -0.865025507526544E+003  0.143009177063475E-002 
      2.72000000 -0.865025485312132E+003  0.145230618280526E-002 
      2.74000000 -0.865025463229557E+003  0.147438875767736E-002 
      2.76000000 -0.865025441290671E+003  0.149632764366350E-002 
      2.78000000 -0.865025419507896E+003  0.151811041812130E-002 
      2.80000000 -0.865025397894205E+003  0.153972410949190E-002 
      2.82000000 -0.865025376463168E+003  0.156115514615934E-002 
      2.84000000 -0.865025355228955E+003  0.158238935944741E-002 
      2.86000000 -0.865025334206284E+003  0.160341203031334E-002 
      2.88000000 -0.865025313410428E+003  0.162420788644759E-002 
      2.90000000 -0.865025292857167E+003  0.164476114751735E-002 
      2.92000000 -0.865025272562747E+003  0.166505556721992E-002 
      2.94000000 -0.865025252543858E+003  0.168507445619443E-002 
      2.96000000 -0.865025232817550E+003  0.170480076458171E-002 
      2.98000000 -0.865025213401162E+003  0.172421715220979E-002 
      3.00000000 -0.865025194312262E+003  0.174330605191554E-002 
      3.02000000 -0.865025175568578E+003  0.176204973615322E-002 
      3.04000000 -0.865025157187914E+003  0.178043040003769E-002 
      3.06000000 -0.865025139188063E+003  0.179843025125147E-002 
      3.08000000 -0.865025121586700E+003  0.181603161483961E-002 
      3.10000000 -0.865025104401254E+003  0.183321706004638E-002 
      3.12000000 -0.865025087648851E+003  0.184996946354015E-002 
      3.14000000 -0.865025071346174E+003  0.186627214069712E-002 
      3.16000000 -0.865025055509378E+003  0.188210893599168E-002 
      3.18000000 -0.865025040154003E+003  0.189746431174344E-002 
      3.20000000 -0.865025025294876E+003  0.191232343870099E-002 
      3.22000000 -0.865025010946033E+003  0.192667228159859E-002 
      3.24000000 -0.865024997120653E+003  0.194049766102775E-002 
      3.26000000 -0.865024983830775E+003  0.195378753939964E-002 
      3.28000000 -0.865024971086483E+003  0.196653183136545E-002 
      3.30000000 -0.865024958893857E+003  0.197872445717766E-002 
      3.32000000 -0.865024947250528E+003  0.199036778680574E-002 
      3.34000000 -0.865024936137507E+003  0.200148080775105E-002 
      3.36000000 -0.865024925505099E+003  0.201211321493353E-002 
      3.38000000 -0.865024915250624E+003  0.202236769062827E-002 
      3.40000000 -0.865024905185327E+003  0.203243298688070E-002 
      3.42000000 -0.865024894987727E+003  0.204263058756157E-002 
      3.44000000 -0.865024884140796E+003  0.205347751831032E-002 
      3.46000000 -0.865024871850999E+003  0.206576731586816E-002 
      3.48000000 -0.865024856947974E+003  0.208067033999691E-002 
      3.50000000 -0.865024837764677E+003  0.209985363728372E-002 
      3.52000000 -0.865024811999920E+003  0.212561839424719E-002 
      3.54000000 -0.865024776566458E+003  0.216105185610307E-002 
      3.56000000 -0.865024727430344E+003  0.221018797009189E-002 
      3.58000000 -0.865024659449615E+003  0.227816869904927E-002 
      3.60000000 -0.865024566222080E+003  0.237139623425467E-002 
      3.62000000 -0.865024439954788E+003  0.249766352627387E-002 
      3.64000000 -0.865024271368839E+003  0.266624947497896E-002 
      3.66000000 -0.865024049654813E+003  0.288796350121583E-002 
      3.68000000 -0.865023762494645E+003  0.317512366912916E-002 
      3.70000000 -0.865023396164985E+003  0.354145332987437E-002 
      3.72000000 -0.865022935736143E+003  0.400188217111449E-002 
      3.74000000 -0.865022365378328E+003  0.457223998670414E-002 
      3.76000000 -0.865021668782826E+003  0.526883548811093E-002 
      3.78000000 -0.865020829701356E+003  0.610791695881616E-002 
      3.80000000 -0.865019832601169E+003  0.710501714534975E-002 
      3.82000000 -0.865018663425717E+003  0.827419259743464E-002 
      3.84000000 -0.865017310444146E+003  0.962717416883678E-002 
      3.86000000 -0.865015765164003E+003  0.111724543118105E-001 
      3.88000000 -0.865014023273070E+003  0.129143452445564E-001 
      3.90000000 -0.865012085568974E+003  0.148520493405287E-001 
      3.92000000 -0.865009958826293E+003  0.169787920215189E-001 
      3.94000000 -0.865007656545557E+003  0.192810727569098E-001 
      3.96000000 -0.865005199523343E+003  0.217380949714071E-001 
      3.98000000 -0.865002616179372E+003  0.243214389418815E-001 
      4.00000000 -0.864999942576820E+003  0.269950414941300E-001 
      4.02000000 -0.864997222073613E+003  0.297155447015179E-001 
      4.04000000 -0.864994504547724E+003  0.324330705906376E-001 
      4.06000000 -0.864991845148695E+003  0.350924696190925E-001 
      4.08000000 -0.864989302538501E+003  0.376350798133077E-001 
      4.10000000 -0.864986936600151E+003  0.400010181637830E-001 
      4.12000000 -0.864984805610032E+003  0.421320082827123E-001 
      4.14000000 -0.864982962890380E+003  0.439747279342038E-001 
      4.16000000 -0.864981452980490E+003  0.454846378249164E-001 
      4.18000000 -0.864980307389485E+003  0.466302288298956E-001 
      4.20000000 -0.864979540017800E+003  0.473976005148137E-001 
      4.22000000 -0.864979142358025E+003  0.477952602897532E-001 
      4.24000000 -0.864979078610305E+003  0.478590080095982E-001 
      4.26000000 -0.864979280867116E+003  0.476567511985595E-001 
      4.28000000 -0.864979644540858E+003  0.472930774568018E-001 
      4.30000000 -0.864980024222406E+003  0.469133959083976E-001 
      4.32000000 -0.864980230167004E+003  0.467074513100939E-001 
      4.34000000 -0.864980025608492E+003  0.469120098218616E-001 
      4.36000000 -0.864979125100907E+003  0.478125174075161E-001 
      4.38000000 -0.864977194077165E+003  0.497435411491374E-001 
      4.40000000 -0.864973849799359E+003  0.530878189556264E-001 
      4.42000000 -0.864968663851756E+003  0.582737665587933E-001 
      4.44000000 -0.864961166297322E+003  0.657713209921467E-001 
      4.46000000 -0.864950851580879E+003  0.760860374351402E-001 
      4.48000000 -0.864937186216163E+003  0.897514021511802E-001 
      4.50000000 -0.864919618242381E+003  0.107319375933624E+000 
      4.52000000 -0.864897588377091E+003  0.129349241223522E+000 
      4.54000000 -0.864870542725759E+003  0.156394892555521E+000 
      4.56000000 -0.864837946841626E+003  0.188990776688243E+000 
      4.58000000 -0.864799300854493E+003  0.227636763821601E+000 
      4.60000000 -0.864754155313095E+003  0.272782305219522E+000 
      4.62000000 -0.864702127312755E+003  0.324810305559132E+000 
      4.64000000 -0.864642916412255E+003  0.384021206059774E+000 
      4.66000000 -0.864576319782343E+003  0.450617835971330E+000 
      4.68000000 -0.864502245981753E+003  0.524691636561689E+000 
      4.70000000 -0.864420726729313E+003  0.606210889001640E+000 
      4.72000000 -0.864331926032002E+003  0.695011586311934E+000 
      4.74000000 -0.864236146056951E+003  0.790791561363130E+000 
      4.76000000 -0.864133829192898E+003  0.893108425416305E+000 
      4.78000000 -0.864025555841673E+003  0.100138177664110E+001 
      4.80000000 -0.863912037623627E+003  0.111489999468782E+001 
      4.82000000 -0.863794105860146E+003  0.123283175816794E+001 
      4.84000000 -0.863672695411336E+003  0.135424220697824E+001 
      4.86000000 -0.863548824204964E+003  0.147811341334997E+001 
      4.88000000 -0.863423569057924E+003  0.160336856039016E+001 
      4.90000000 -0.863298038665601E+003  0.172889895271295E+001 
      4.92000000 -0.863173344896477E+003  0.185359272183698E+001 
      4.94000000 -0.863050573738826E+003  0.197636387948818E+001 
      4.96000000 -0.862930757395384E+003  0.209618022293027E+001 
      4.98000000 -0.862814849074348E+003  0.221208854396649E+001 
      5.00000000 -0.862703701956093E+003  0.232323566222090E+001 
      5.02000000 -0.862598053613453E+003  0.242888400486148E+001 
      5.04000000 -0.862498516817871E+003  0.252842080044382E+001 
      5.06000000 -0.862405577187538E+003  0.262136043077609E+001 
      5.08000000 -0.862319597546369E+003  0.270734007194494E+001 
      5.10000000 -0.862240828213251E+003  0.278610940506303E+001 
      5.12000000 -0.862169421781650E+003  0.285751583666477E+001 
      5.14000000 -0.862105450360886E+003  0.292148725742811E+001 
      5.16000000 -0.862048922797742E+003  0.297801482057194E+001 
      5.18000000 -0.861999799170047E+003  0.302713844826755E+001 
      5.20000000 -0.861957999877196E+003  0.306893774111843E+001 
      5.22000000 -0.861923407009614E+003  0.310353060870012E+001 
      5.24000000 -0.861895856332620E+003  0.313108128569484E+001 
      5.26000000 -0.861875119141348E+003  0.315181847696650E+001 
      5.28000000 -0.861860874360646E+003  0.316606325766872E+001 
      5.30000000 -0.861852672451130E+003  0.317426516718402E+001 
      5.32000000 -0.861849893825475E+003  0.317704379283909E+001 
      5.34000000 -0.861851705425334E+003  0.317523219298027E+001 
      5.36000000 -0.861857019757889E+003  0.316991786042556E+001 
      5.38000000 -0.861864460946594E+003  0.316247667172028E+001 
      5.40000000 -0.861872342166920E+003  0.315459545139398E+001 
      5.42000000 -0.861878658230742E+003  0.314827938757227E+001 
      5.44000000 -0.861881096117620E+003  0.314584150069467E+001 
      5.46000000 -0.861877065011426E+003  0.314987260688831E+001 
      5.48000000 -0.861863746030927E+003  0.316319158738760E+001 
      5.50000000 -0.861838160464008E+003  0.318877715430662E+001 
      5.52000000 -0.861797254051639E+003  0.322968356667530E+001 
      5.54000000 -0.861737993812910E+003  0.328894380540468E+001 
      5.56000000 -0.861657473112127E+003  0.336946450618698E+001 
      5.58000000 -0.861553020156639E+003  0.347391746167543E+001 
      5.60000000 -0.861422304868205E+003  0.360463275010901E+001 
      5.62000000 -0.861263439038006E+003  0.376349858030830E+001 
      5.64000000 -0.861075064810643E+003  0.395187280767125E+001 
      5.66000000 -0.860856426793189E+003  0.417051082512564E+001 
      5.68000000 -0.860607423414082E+003  0.441951420423233E+001 
      5.70000000 -0.860328633565981E+003  0.469830405233338E+001 
      5.72000000 -0.860021315084267E+003  0.500562253404706E+001 
      5.74000000 -0.859687372287690E+003  0.533956533062403E+001 
      5.76000000 -0.859329290727847E+003  0.569764689046710E+001 
      5.78000000 -0.858950038559494E+003  0.607689905881998E+001 
      5.80000000 -0.858552935623891E+003  0.647400199442309E+001 
      5.82000000 -0.858141493480145E+003  0.688544413816974E+001 
      5.84000000 -0.857719232205648E+003  0.730770541266637E+001 
      5.86000000 -0.857289482723817E+003  0.773745489449782E+001 
      5.88000000 -0.856855186440264E+003  0.817175117805060E+001 
      5.90000000 -0.856418706786446E+003  0.860823083186880E+001 
      5.92000000 -0.855981669406639E+003  0.904526821167557E+001 
      5.94000000 -0.855544848713678E+003  0.948208890463690E+001 
      5.96000000 -0.855108117863070E+003  0.991881975524391E+001 
      5.98000000 -0.854670476489548E+003  0.103564611287664E+002 
      6.00000000 -0.854230165561101E+003  0.107967720572137E+002 
      6.02000000 -0.853784871494238E+003  0.112420661240769E+002 
      6.04000000 -0.853332012620872E+003  0.116949249974422E+002 
      6.06000000 -0.852869090945370E+003  0.121578466729442E+002 
      6.08000000 -0.852394081950282E+003  0.126328556680324E+002 
      6.10000000 -0.851905826407089E+003  0.131211112112252E+002 
      6.12000000 -0.851404382146725E+003  0.136225554715895E+002 
      6.14000000 -0.850891292010784E+003  0.141356456075300E+002 
      6.16000000 -0.850369727799941E+003  0.146572098183737E+002 
      6.18000000 -0.849844479544882E+003  0.151824580734322E+002 
      6.20000000 -0.849321774582501E+003  0.157051630358134E+002 
      6.22000000 -0.848808930428336E+003  0.162180071899787E+002 
      6.24000000 -0.848313867018852E+003  0.167130705994623E+002 
      6.26000000 -0.847844524373862E+003  0.171824132444522E+002 
      6.28000000 -0.847408247645976E+003  0.176186899723381E+002 
      6.30000000 -0.847011209787584E+003  0.180157278307303E+002 
      6.32000000 -0.846657940563745E+003  0.183689970545697E+002 
      6.34000000 -0.846351018811391E+003  0.186759188069232E+002 
      6.36000000 -0.846090963753344E+003  0.189359738649704E+002 
      6.38000000 -0.845876333702571E+003  0.191506039157432E+002 
      6.40000000 -0.845704010940799E+003  0.193229266775156E+002 
      6.42000000 -0.845569625143925E+003  0.194573124743896E+002 
      6.44000000 -0.845468049465285E+003  0.195588881530296E+002 
      6.46000000 -0.845393896837188E+003  0.196330407811265E+002 
      6.48000000 -0.845341950317177E+003  0.196849873011372E+002 
      6.50000000 -0.845307478671743E+003  0.197194589465712E+002 
      6.52000000 -0.845286412788639E+003  0.197405248296754E+002 
      6.54000000 -0.845275384634394E+003  0.197515529839204E+002 
      6.56000000 -0.845271653113457E+003  0.197552845048574E+002 
      6.58000000 -0.845272956430354E+003  0.197539811879607E+002 
      6.60000000 -0.845277336508216E+003  0.197496011100985E+002 
      6.62000000 -0.845282977915131E+003  0.197439597031830E+002 
      6.64000000 -0.845288093542107E+003  0.197388440762073E+002 
      6.66000000 -0.845290874941825E+003  0.197360626764896E+002 
      6.68000000 -0.845289510049501E+003  0.197374275688131E+002 
      6.70000000 -0.845282257941859E+003  0.197446796764553E+002 
      6.72000000 -0.845267561519794E+003  0.197593760985200E+002 
      6.74000000 -0.845244175478578E+003  0.197827621397361E+002 
      6.76000000 -0.845211288203225E+003  0.198156494150892E+002 
      6.78000000 -0.845168620668006E+003  0.198583169503084E+002 
      6.80000000 -0.845116490900227E+003  0.199104467180877E+002 
      6.82000000 -0.845055837412208E+003  0.199711002061065E+002 
      6.84000000 -0.844988198590399E+003  0.200387390279153E+002 
      6.86000000 -0.844915647841249E+003  0.201112897770655E+002 
      6.88000000 -0.844840687260979E+003  0.201862503573350E+002 
      6.90000000 -0.844766106344525E+003  0.202608312737889E+002 
      6.92000000 -0.844694816465798E+003  0.203321211525165E+002 
      6.94000000 -0.844629675361020E+003  0.203972622572940E+002 
      6.96000000 -0.844573317258663E+003  0.204536203596513E+002 
      6.98000000 -0.844528002863074E+003  0.204989347552408E+002 
      7.00000000 -0.844495499577645E+003  0.205314380406699E+002 
      7.02000000 -0.844476997571419E+003  0.205499400468958E+002 
      7.04000000 -0.844473063195950E+003  0.205538744223639E+002 
      7.06000000 -0.844483628718457E+003  0.205433088998579E+002 
      7.08000000 -0.844508016153544E+003  0.205189214647701E+002 
      7.10000000 -0.844544992118686E+003  0.204819454996280E+002 
      7.12000000 -0.844592849123419E+003  0.204340884948956E+002 
      7.14000000 -0.844649506445920E+003  0.203774311723940E+002 
      7.16000000 -0.844712621921579E+003  0.203143156967350E+002 
      7.18000000 -0.844779706331464E+003  0.202472312868504E+002 
      7.20000000 -0.844848235303056E+003  0.201787023152582E+002 
      7.22000000 -0.844915758080949E+003  0.201111795373657E+002 
      7.24000000 -0.844980004838123E+003  0.200469327801914E+002 
      7.26000000 -0.845038992108031E+003  0.199879455102832E+002 
      7.28000000 -0.845091120285562E+003  0.199358173327524E+002 
      7.30000000 -0.845135251577046E+003  0.198916860412682E+002 
      7.32000000 -0.845170755094981E+003  0.198561825233330E+002 
      7.34000000 -0.845197509741734E+003  0.198294278765803E+002 
      7.36000000 -0.845215863738141E+003  0.198110738801734E+002 
      7.38000000 -0.845226558522270E+003  0.198003790960442E+002 
      7.40000000 -0.845230630441108E+003  0.197963071772063E+002 
      7.42000000 -0.845229304471727E+003  0.197976331465877E+002 
      7.44000000 -0.845223891235254E+003  0.198030463830600E+002 
      7.46000000 -0.845215694337083E+003  0.198112432812311E+002 
      7.48000000 -0.845205931653710E+003  0.198210059646044E+002 
      7.50000000 -0.845195672341419E+003  0.198312652768955E+002 
      7.52000000 -0.845185790709577E+003  0.198411469087371E+002 
      7.54000000 -0.845176937923159E+003  0.198499996951556E+002 
      7.56000000 -0.845169532063042E+003  0.198574055552728E+002 
      7.58000000 -0.845163766086828E+003  0.198631715314861E+002 
      7.60000000 -0.845159631864863E+003  0.198673057534514E+002 
      7.62000000 -0.845156957111835E+003  0.198699805064798E+002 
      7.64000000 -0.845155451003156E+003  0.198714866151588E+002 
      7.66000000 -0.845154753585557E+003  0.198721840327577E+002 
      7.68000000 -0.845154483789417E+003  0.198724538288971E+002 
      7.70000000 -0.845154281248845E+003  0.198726563694699E+002 
      7.72000000 -0.845153838572978E+003  0.198730990453363E+002 
      7.74000000 -0.845152922905926E+003  0.198740147123885E+002 
      7.76000000 -0.845151387625426E+003  0.198755499928887E+002 
      7.78000000 -0.845149176045971E+003  0.198777615723437E+002 
      7.80000000 -0.845146318937726E+003  0.198806186805883E+002 
      7.82000000 -0.845142927024204E+003  0.198840105941105E+002 
      7.84000000 -0.845139178922952E+003  0.198877586953625E+002 
      7.86000000 -0.845135304691440E+003  0.198916329268745E+002 
      7.88000000 -0.845131565546942E+003  0.198953720713726E+002 
      7.90000000 -0.845128231349699E+003  0.198987062686154E+002 
      7.92000000 -0.845125558429486E+003  0.199013791888285E+002 
      7.94000000 -0.845123770524917E+003  0.199031670933972E+002 
      7.96000000 -0.845123044773800E+003  0.199038928445148E+002 
      7.98000000 -0.845123503351111E+003  0.199034342672032E+002 
      8.00000000 -0.845125210229447E+003  0.199017273888670E+002 
      8.02000000 -0.845128172011406E+003  0.198987656069081E+002 
      8.04000000 -0.845132341766975E+003  0.198945958513394E+002 
      8.06000000 -0.845137625042079E+003  0.198893125762350E+002 
      8.08000000 -0.845143887473269E+003  0.198830501450454E+002 
      8.10000000 -0.845150963596257E+003  0.198759740220575E+002 
      8.12000000 -0.845158666391259E+003  0.198682712270556E+002 
      8.14000000 -0.845166796981958E+003  0.198601406363562E+002 
      8.16000000 -0.845175153939575E+003  0.198517836787396E+002 
      8.18000000 -0.845183541882317E+003  0.198433957359973E+002 
      8.20000000 -0.845191779244837E+003  0.198351583734769E+002 
      8.22000000 -0.845199705018260E+003  0.198272326000546E+002 
      8.24000000 -0.845207184042783E+003  0.198197535755310E+002 
      8.26000000 -0.845214110351298E+003  0.198128272670165E+002 
      8.28000000 -0.845220408267559E+003  0.198065293507552E+002 
      8.30000000 -0.845226031386940E+003  0.198009062313742E+002 
      8.32000000 -0.845230959989496E+003  0.197959776288185E+002 
      8.34000000 -0.845235197618141E+003  0.197917400001735E+002 
      8.36000000 -0.845238767412399E+003  0.197881702059152E+002 
      8.38000000 -0.845241708453995E+003  0.197852291643196E+002 
      8.40000000 -0.845244072092974E+003  0.197828655253406E+002 
      8.42000000 -0.845245918161355E+003  0.197810194569596E+002 
      8.44000000 -0.845247311119987E+003  0.197796264983275E+002 
      8.46000000 -0.845248316349981E+003  0.197786212683332E+002 
      8.48000000 -0.845248996863944E+003  0.197779407543707E+002 
      8.50000000 -0.845249410694495E+003  0.197775269238191E+002 
      8.52000000 -0.845249609158090E+003  0.197773284602248E+002 
      8.54000000 -0.845249636045998E+003  0.197773015723166E+002 
      8.56000000 -0.845249527572972E+003  0.197774100453419E+002 
      8.58000000 -0.845249312775313E+003  0.197776248430012E+002 
      8.60000000 -0.845249014111344E+003  0.197779235069709E+002 
      8.62000000 -0.845248648179688E+003  0.197782894386269E+002 
      8.64000000 -0.845248226560639E+003  0.197787110576758E+002 
      8.66000000 -0.845247756768886E+003  0.197791808494287E+002 
      8.68000000 -0.845247243265735E+003  0.197796943525794E+002 
      8.70000000 -0.845246688468478E+003  0.197802491498365E+002 
      8.72000000 -0.845246093691454E+003  0.197808439268605E+002 
      8.74000000 -0.845245459937456E+003  0.197814776808581E+002 
      8.76000000 -0.845244788443629E+003  0.197821491746858E+002 
      8.78000000 -0.845244080909283E+003  0.197828567090317E+002 
      8.80000000 -0.845243339418505E+003  0.197835981998095E+002 
      8.82000000 -0.845242566188386E+003  0.197843714299284E+002 
      8.84000000 -0.845241763336033E+003  0.197851742822815E+002 
      8.86000000 -0.845240932795682E+003  0.197860048226324E+002 
      8.88000000 -0.845240076373824E+003  0.197868612444902E+002 
      8.90000000 -0.845239195831403E+003  0.197877417869118E+002 
      8.92000000 -0.845238292908588E+003  0.197886447097261E+002 
      8.94000000 -0.845237369299536E+003  0.197895683187780E+002 
      8.96000000 -0.845236426619243E+003  0.197905109990712E+002 
      8.98000000 -0.845235466409292E+003  0.197914712090228E+002 
      9.00000000 -0.845234490208613E+003  0.197924474097012E+002 
      9.02000000 -0.845233499703218E+003  0.197934379150961E+002 
      9.04000000 -0.845232496970243E+003  0.197944406480710E+002 
      9.06000000 -0.845231484778550E+003  0.197954528397647E+002 
      9.08000000 -0.845230466809744E+003  0.197964708085701E+002 
      9.10000000 -0.845229447627615E+003  0.197974899906990E+002 
      9.12000000 -0.845228432328783E+003  0.197985052895315E+002 
      9.14000000 -0.845227425985058E+003  0.197995116332563E+002 
      9.16000000 -0.845226433088783E+003  0.198005045295311E+002 
      9.18000000 -0.845225457172029E+003  0.198014804462855E+002 
      9.20000000 -0.845224500669991E+003  0.198024369483230E+002 
      9.22000000 -0.845223565029999E+003  0.198033725883158E+002 
      9.24000000 -0.845222651028431E+003  0.198042865898831E+002 
      9.26000000 -0.845221759201279E+003  0.198051784170350E+002 
      9.28000000 -0.845220890248087E+003  0.198060473702273E+002 
      9.30000000 -0.845220045294678E+003  0.198068923236363E+002 
      9.32000000 -0.845219225974693E+003  0.198077116436210E+002 
      9.34000000 -0.845218434338287E+003  0.198085032800269E+002 
      9.36000000 -0.845217672611945E+003  0.198092650063699E+002 
      9.38000000 -0.845216942865029E+003  0.198099947532849E+002 
      9.40000000 -0.845216246679809E+003  0.198106909385054E+002 
      9.42000000 -0.845215584914214E+003  0.198113527041001E+002 
      9.44000000 -0.845214957590130E+003  0.198119800281842E+002 
      9.46000000 -0.845214363893504E+003  0.198125737248100E+002 
      9.48000000 -0.845213802262006E+003  0.198131353563081E+002 
      9.50000000 -0.845213270533774E+003  0.198136670845409E+002 
      9.52000000 -0.845212766121623E+003  0.198141714966911E+002 
      9.54000000 -0.845212286170398E+003  0.198146514479161E+002 
      9.56000000 -0.845211827654704E+003  0.198151099636100E+002 
      9.58000000 -0.845211387389688E+003  0.198155502286266E+002 
      9.60000000 -0.845210961976983E+003  0.198159756413317E+002 
      9.62000000 -0.845210547772372E+003  0.198163898459419E+002 
      9.64000000 -0.845210140968675E+003  0.198167966496391E+002 
      9.66000000 -0.845209737806598E+003  0.198171998117166E+002 
      9.68000000 -0.845209334824104E+003  0.198176027942108E+002 
      9.70000000 -0.845208929024930E+003  0.198180085933841E+002 
      9.72000000 -0.845208517905586E+003  0.198184197127283E+002 
      9.74000000 -0.845208099364884E+003  0.198188382534304E+002 
      9.76000000 -0.845207671562974E+003  0.198192660553408E+002 
      9.78000000 -0.845207232782906E+003  0.198197048354087E+002 
      9.80000000 -0.845206781312258E+003  0.198201563060560E+002 
      9.82000000 -0.845206315346517E+003  0.198206222717978E+002 
      9.84000000 -0.845205832927521E+003  0.198211046907939E+002 
      9.86000000 -0.845205331939325E+003  0.198216056789894E+002 
      9.88000000 -0.845204810167203E+003  0.198221274511110E+002 
      9.90000000 -0.845204265402024E+003  0.198226722162899E+002 
      9.92000000 -0.845203695579307E+003  0.198232420390077E+002 
      9.94000000 -0.845203098973592E+003  0.198238386447227E+002 
      9.96000000 -0.845202474463522E+003  0.198244631547922E+002 
      9.98000000 -0.845201821814156E+003  0.198251158041584E+002 
     10.00000000 -0.845201141862205E+003  0.198257957561094E+002 
     10.02000000 -0.845200436522560E+003  0.198265010957540E+002 
     10.04000000 -0.845199708632633E+003  0.198272289856815E+002 
     10.06000000 -0.845198961713817E+003  0.198279759044975E+002 
     10.08000000 -0.845198199724617E+003  0.198287378936978E+002 
     10.10000000 -0.845197426852820E+003  0.198295107654946E+002 
     10.12000000 -0.845196647375131E+003  0.198302902431839E+002 
     10.14000000 -0.845195865590102E+003  0.198310720282124E+002 
     10.16000000 -0.845195085800129E+003  0.198318518181856E+002 
     10.18000000 -0.845194312300051E+003  0.198326253182631E+002 
     10.20000000 -0.845193549339819E+003  0.198333882784955E+002 
     10.22000000 -0.845192801061333E+003  0.198341365569813E+002 
     10.24000000 -0.845192071435135E+003  0.198348661831795E+002 
     10.26000000 -0.845191364213737E+003  0.198355734045774E+002 
     10.28000000 -0.845190682884416E+003  0.198362547338981E+002 
     10.30000000 -0.845190030585185E+003  0.198369070331292E+002 
     10.32000000 -0.845189409966972E+003  0.198375276513420E+002 
     10.34000000 -0.845188823025360E+003  0.198381145929549E+002 
     10.36000000 -0.845188270953461E+003  0.198386666648537E+002 
     10.38000000 -0.845187754069903E+003  0.198391835484112E+002 
     10.40000000 -0.845187271857782E+003  0.198396657605321E+002 
     10.42000000 -0.845186823120577E+003  0.198401144977375E+002 
     10.44000000 -0.845186406225234E+003  0.198405313930804E+002 
     10.46000000 -0.845186019367653E+003  0.198409182506615E+002 
     10.48000000 -0.845185660778361E+003  0.198412768399537E+002 
     10.50000000 -0.845185328807331E+003  0.198416088109838E+002 
     10.52000000 -0.845185021890483E+003  0.198419157278314E+002 
     10.54000000 -0.845184738469755E+003  0.198421991485592E+002 
     10.56000000 -0.845184476952064E+003  0.198424606662499E+002 
     10.58000000 -0.845184235732621E+003  0.198427018856933E+002 
     10.60000000 -0.845184013236215E+003  0.198429243820991E+002 
     10.62000000 -0.845183807922244E+003  0.198431296960708E+002 
     10.64000000 -0.845183618252775E+003  0.198433193655394E+002 
     10.66000000 -0.845183442667545E+003  0.198434949507689E+002 
     10.68000000 -0.845183279604013E+003  0.198436580143015E+002 
     10.70000000 -0.845183127569723E+003  0.198438100485912E+002 
     10.72000000 -0.845182985248527E+003  0.198439523697869E+002 
     10.74000000 -0.845182851596304E+003  0.198440860220104E+002 
     10.76000000 -0.845182725853272E+003  0.198442117650425E+002 
     10.78000000 -0.845182607402666E+003  0.198443302156483E+002 
     10.80000000 -0.845182495470259E+003  0.198444421480554E+002 
     10.82000000 -0.845182388762575E+003  0.198445488557398E+002 
     10.84000000 -0.845182285206950E+003  0.198446524113645E+002 
     10.86000000 -0.845182181921651E+003  0.198447556966629E+002 
     10.88000000 -0.845182075426778E+003  0.198448621915363E+002 
     10.90000000 -0.845181961996048E+003  0.198449756222666E+002 
     10.92000000 -0.845181838020511E+003  0.198450995978031E+002 
     10.94000000 -0.845181700303051E+003  0.198452373152638E+002 
     10.96000000 -0.845181546271806E+003  0.198453913465083E+002 
     10.98000000 -0.845181374146761E+003  0.198455634715539E+002 
     11.00000000 -0.845181183099268E+003  0.198457545190465E+002 
     11.02000000 -0.845180973409525E+003  0.198459642087891E+002 
     11.04000000 -0.845180746575559E+003  0.198461910427550E+002 
     11.06000000 -0.845180505301340E+003  0.198464323169743E+002 
     11.08000000 -0.845180253313884E+003  0.198466843044302E+002 
     11.10000000 -0.845179995017798E+003  0.198469426005165E+002 
     11.12000000 -0.845179735067025E+003  0.198472025512889E+002 
     11.14000000 -0.845179477981954E+003  0.198474596363607E+002 
     11.16000000 -0.845179227913770E+003  0.198477097045446E+002 
     11.18000000 -0.845178988550686E+003  0.198479490676281E+002 
     11.20000000 -0.845178763061523E+003  0.198481745567910E+002 
     11.22000000 -0.845178553983393E+003  0.198483836349210E+002 
     11.24000000 -0.845178363065315E+003  0.198485745529995E+002 
     11.26000000 -0.845178191161697E+003  0.198487464566171E+002 
     11.28000000 -0.845178038255276E+003  0.198488993630385E+002 
     11.30000000 -0.845177903612530E+003  0.198490340057839E+002 
     11.32000000 -0.845177786008434E+003  0.198491516098801E+002 
     11.34000000 -0.845177683938491E+003  0.198492536798237E+002 
     11.36000000 -0.845177595762267E+003  0.198493418560474E+002 
     11.38000000 -0.845177519773012E+003  0.198494178453022E+002 
     11.40000000 -0.845177454230429E+003  0.198494833878849E+002 
     11.42000000 -0.845177397401444E+003  0.198495402168703E+002 
     11.44000000 -0.845177347626222E+003  0.198495899920928E+002 
     11.46000000 -0.845177303391300E+003  0.198496342270149E+002 
     11.48000000 -0.845177263380950E+003  0.198496742373648E+002 
     11.50000000 -0.845177226497823E+003  0.198497111204917E+002 
     11.52000000 -0.845177191867669E+003  0.198497457506453E+002 
     11.54000000 -0.845177158842351E+003  0.198497787759634E+002 
     11.56000000 -0.845177126996519E+003  0.198498106217954E+002 
     11.58000000 -0.845177096105447E+003  0.198498415128675E+002 
     11.60000000 -0.845177066103081E+003  0.198498715152331E+002 
     11.62000000 -0.845177037031419E+003  0.198499005868957E+002 
     11.64000000 -0.845177008994965E+003  0.198499286233492E+002 
     11.66000000 -0.845176982135209E+003  0.198499554831054E+002 
     11.68000000 -0.845176956635070E+003  0.198499809832440E+002 
     11.70000000 -0.845176932737477E+003  0.198500048808373E+002 
     11.72000000 -0.845176910736793E+003  0.198500268815214E+002 
     11.74000000 -0.845176890920448E+003  0.198500466978668E+002 
     11.76000000 -0.845176873490992E+003  0.198500641273223E+002 
     11.78000000 -0.845176858517360E+003  0.198500791009545E+002 
     11.80000000 -0.845176845925140E+003  0.198500916931743E+002 
     11.82000000 -0.845176835504128E+003  0.198501021141863E+002 
     11.84000000 -0.845176826930280E+003  0.198501106880345E+002 
     11.86000000 -0.845176819818290E+003  0.198501178000244E+002 
     11.88000000 -0.845176813791606E+003  0.198501238267080E+002 
     11.90000000 -0.845176808523225E+003  0.198501290950895E+002 
     11.92000000 -0.845176803724799E+003  0.198501338935153E+002 
     11.94000000 -0.845176799119459E+003  0.198501384988558E+002 
     11.96000000 -0.845176794453822E+003  0.198501431644928E+002 
     11.98000000 -0.845176789563304E+003  0.198501480550105E+002 
     12.00000000 -0.845176784443644E+003  0.198501531746703E+002 
     12.02000000 -0.845176779195832E+003  0.198501584224828E+002 
     12.04000000 -0.845176774087209E+003  0.198501635311058E+002 
     12.06000000 -0.845176769473286E+003  0.198501681450282E+002 
     12.08000000 -0.845176765573015E+003  0.198501720452998E+002 
     12.10000000 -0.845176762444857E+003  0.198501751734573E+002 
     12.12000000 -0.845176760017391E+003  0.198501776009238E+002 
     12.14000000 -0.845176758129754E+003  0.198501794885604E+002 
     12.16000000 -0.845176756556445E+003  0.198501810618695E+002 
     12.18000000 -0.845176755027689E+003  0.198501825906259E+002 
     12.20000000 -0.845176753265466E+003  0.198501843528479E+002 
     12.22000000 -0.845176751030201E+003  0.198501865881131E+002 
     12.24000000 -0.845176748156513E+003  0.198501894618015E+002 
     12.26000000 -0.845176744572665E+003  0.198501930456491E+002 
     12.28000000 -0.845176740315083E+003  0.198501973032309E+002 
     12.30000000 -0.845176735537752E+003  0.198502020805627E+002 
     12.32000000 -0.845176730500165E+003  0.198502071181497E+002 
     12.34000000 -0.845176725524622E+003  0.198502120936922E+002 
     12.36000000 -0.845176720927974E+003  0.198502166903406E+002 
     12.38000000 -0.845176716937113E+003  0.198502206812013E+002 
     12.40000000 -0.845176713610895E+003  0.198502240074192E+002 
     12.42000000 -0.845176710816795E+003  0.198502268015196E+002 
     12.44000000 -0.845176708302663E+003  0.198502293156515E+002 
     12.46000000 -0.845176705837531E+003  0.198502317807832E+002 
     12.48000000 -0.845176703327034E+003  0.198502342912807E+002 
     12.50000000 -0.845176700818526E+003  0.198502367997881E+002 
     12.52000000 -0.845176698401378E+003  0.198502392169367E+002 
     12.54000000 -0.845176696094447E+003  0.198502415238676E+002 
     12.56000000 -0.845176693813308E+003  0.198502438050068E+002 
     12.58000000 -0.845176691430713E+003  0.198502461876010E+002 
     12.60000000 -0.845176688867703E+003  0.198502487506111E+002 
     12.62000000 -0.845176686144625E+003  0.198502514736893E+002 
     12.64000000 -0.845176683367158E+003  0.198502542511562E+002 
     12.66000000 -0.845176680667376E+003  0.198502569509380E+002 
     12.68000000 -0.845176678136903E+003  0.198502594814109E+002 
     12.70000000 -0.845176675787087E+003  0.198502618312272E+002 
     12.72000000 -0.845176673557426E+003  0.198502640608884E+002 
     12.74000000 -0.845176671366317E+003  0.198502662519978E+002 
     12.76000000 -0.845176669169025E+003  0.198502684492893E+002 
     12.78000000 -0.845176666983182E+003  0.198502706351326E+002 
     12.80000000 -0.845176664870872E+003  0.198502727474426E+002 
     12.82000000 -0.845176662901703E+003  0.198502747166112E+002 
     12.84000000 -0.845176661128523E+003  0.198502764897911E+002 
     12.86000000 -0.845176659583291E+003  0.198502780350232E+002 
     12.88000000 -0.845176658273943E+003  0.198502793443716E+002 
     12.90000000 -0.845176657164691E+003  0.198502804536236E+002 
     12.92000000 -0.845176656153064E+003  0.198502814652503E+002 
     12.94000000 -0.845176655080436E+003  0.198502825378784E+002 
     12.96000000 -0.845176653792149E+003  0.198502838261653E+002 
     12.98000000 -0.845176652212627E+003  0.198502854056878E+002 
     13.00000000 -0.845176650377531E+003  0.198502872407837E+002 
     13.02000000 -0.845176648399422E+003  0.198502892188929E+002 
     13.04000000 -0.845176646399457E+003  0.198502912188576E+002 
     13.06000000 -0.845176644458047E+003  0.198502931602673E+002 
     13.08000000 -0.845176642608817E+003  0.198502950094978E+002 
     13.10000000 -0.845176640860669E+003  0.198502967576453E+002 
     13.12000000 -0.845176639219836E+003  0.198502983984782E+002 
     13.14000000 -0.845176637697052E+003  0.198502999212619E+002 
     13.16000000 -0.845176636301880E+003  0.198503013164346E+002 
     13.18000000 -0.845176635034432E+003  0.198503025838827E+002 
     13.20000000 -0.845176633883594E+003  0.198503037347206E+002 
     13.22000000 -0.845176632831141E+003  0.198503047871738E+002 
     13.24000000 -0.845176631851301E+003  0.198503057670133E+002 
     13.26000000 -0.845176630900833E+003  0.198503067174812E+002 
     13.28000000 -0.845176629914224E+003  0.198503077040907E+002 
     13.30000000 -0.845176628825260E+003  0.198503087930547E+002 
     13.32000000 -0.845176627611038E+003  0.198503100072766E+002 
     13.34000000 -0.845176626319994E+003  0.198503112983202E+002 
     13.36000000 -0.845176625047154E+003  0.198503125711601E+002 
     13.38000000 -0.845176623867365E+003  0.198503137509491E+002 
     13.40000000 -0.845176622782099E+003  0.198503148362149E+002 
     13.42000000 -0.845176621725677E+003  0.198503158926377E+002 
     13.44000000 -0.845176620621603E+003  0.198503169967114E+002 
     13.46000000 -0.845176619438231E+003  0.198503181800834E+002 
     13.48000000 -0.845176618203465E+003  0.198503194148491E+002 
     13.50000000 -0.845176616980380E+003  0.198503206379346E+002 
     13.52000000 -0.845176615832731E+003  0.198503217855838E+002 
     13.54000000 -0.845176614802547E+003  0.198503228157672E+002 
     13.56000000 -0.845176613901655E+003  0.198503237166590E+002 
     13.58000000 -0.845176613110399E+003  0.198503245079156E+002 
     13.60000000 -0.845176612381720E+003  0.198503252365944E+002 
     13.62000000 -0.845176611654075E+003  0.198503259642391E+002 
     13.64000000 -0.845176610873415E+003  0.198503267448994E+002 
     13.66000000 -0.845176610014709E+003  0.198503276036054E+002 
     13.68000000 -0.845176609088741E+003  0.198503285295736E+002 
     13.70000000 -0.845176608130502E+003  0.198503294878129E+002 
     13.72000000 -0.845176607182778E+003  0.198503304355360E+002 
     13.74000000 -0.845176606289181E+003  0.198503313291337E+002 
     13.76000000 -0.845176605491393E+003  0.198503321269216E+002 
     13.78000000 -0.845176604814764E+003  0.198503328035502E+002 
     13.80000000 -0.845176604245994E+003  0.198503333723207E+002 
     13.82000000 -0.845176603731533E+003  0.198503338867815E+002 
     13.84000000 -0.845176603213135E+003  0.198503344051795E+002 
     13.86000000 -0.845176602673830E+003  0.198503349444845E+002 
     13.88000000 -0.845176602148820E+003  0.198503354694945E+002 
     13.90000000 -0.845176601689977E+003  0.198503359283373E+002 
     13.92000000 -0.845176601319340E+003  0.198503362989749E+002 
     13.94000000 -0.845176601012730E+003  0.198503366055842E+002 
     13.96000000 -0.845176600720693E+003  0.198503368976211E+002 
     13.98000000 -0.845176600402043E+003  0.198503372162710E+002 
     14.00000000 -0.845176600042169E+003  0.198503375761455E+002 
     14.02000000 -0.845176599647415E+003  0.198503379708998E+002 
     14.04000000 -0.845176599227886E+003  0.198503383904287E+002 
     14.06000000 -0.845176598787028E+003  0.198503388312869E+002 
     14.08000000 -0.845176598324811E+003  0.198503392935037E+002 
     14.10000000 -0.845176597845705E+003  0.198503397726092E+002 
     14.12000000 -0.845176597359824E+003  0.198503402584901E+002 
     14.14000000 -0.845176596877507E+003  0.198503407408069E+002 
     14.16000000 -0.845176596407491E+003  0.198503412108237E+002 
     14.18000000 -0.845176595962092E+003  0.198503416562223E+002 
     14.20000000 -0.845176595558660E+003  0.198503420596544E+002 
     14.22000000 -0.845176595208249E+003  0.198503424100649E+002 
     14.24000000 -0.845176594902466E+003  0.198503427158479E+002 
     14.26000000 -0.845176594619065E+003  0.198503429992499E+002 
     14.28000000 -0.845176594346062E+003  0.198503432722520E+002 
     14.30000000 -0.845176594097425E+003  0.198503435208891E+002 
     14.32000000 -0.845176593900330E+003  0.198503437179840E+002 
     14.34000000 -0.845176593768649E+003  0.198503438496649E+002 
     14.36000000 -0.845176593692093E+003  0.198503439262218E+002 
     14.38000000 -0.845176593647443E+003  0.198503439708717E+002 
     14.40000000 -0.845176593613440E+003  0.198503440048741E+002 
     14.42000000 -0.845176593575262E+003  0.198503440430525E+002 
     14.44000000 -0.845176593522306E+003  0.198503440960088E+002 
     14.46000000 -0.845176593447273E+003  0.198503441710412E+002 
     14.48000000 -0.845176593346481E+003  0.198503442718335E+002 
     14.50000000 -0.845176593216806E+003  0.198503444015081E+002 
     14.52000000 -0.845176593049309E+003  0.198503445690049E+002 
     14.54000000 -0.845176592826709E+003  0.198503447916052E+002 
     14.56000000 -0.845176592531561E+003  0.198503450867532E+002 
     14.58000000 -0.845176592161104E+003  0.198503454572107E+002 
     14.60000000 -0.845176591734581E+003  0.198503458837337E+002 
     14.62000000 -0.845176591284803E+003  0.198503463335113E+002 
     14.64000000 -0.845176590843186E+003  0.198503467751289E+002 
     14.66000000 -0.845176590432726E+003  0.198503471855887E+002 
     14.68000000 -0.845176590069540E+003  0.198503475487749E+002 
     14.70000000 -0.845176589763218E+003  0.198503478550964E+002 
     14.72000000 -0.845176589513778E+003  0.198503481045362E+002 
     14.74000000 -0.845176589311372E+003  0.198503483069427E+002 
     14.76000000 -0.845176589139319E+003  0.198503484789950E+002 
     14.78000000 -0.845176588975461E+003  0.198503486428536E+002 
     14.80000000 -0.845176588794216E+003  0.198503488240983E+002 
     14.82000000 -0.845176588577407E+003  0.198503490409072E+002 
     14.84000000 -0.845176588329757E+003  0.198503492885574E+002 
     14.86000000 -0.845176588081047E+003  0.198503495372678E+002 
     14.88000000 -0.845176587866727E+003  0.198503497515869E+002 
     14.90000000 -0.845176587703893E+003  0.198503499144216E+002 
     14.92000000 -0.845176587585346E+003  0.198503500329680E+002 
     14.94000000 -0.845176587491730E+003  0.198503501265840E+002 
     14.96000000 -0.845176587401787E+003  0.198503502165275E+002 
     14.98000000 -0.845176587290892E+003  0.198503503274225E+002 
     15.00000000 -0.845176587131605E+003  0.198503504867090E+002 
     15.02000000 -0.845176586910779E+003  0.198503507075354E+002 
     15.04000000 -0.845176586650735E+003  0.198503509675792E+002 
     15.06000000 -0.845176586404140E+003  0.198503512141745E+002 
     15.08000000 -0.845176586215507E+003  0.198503514028070E+002 
     15.10000000 -0.845176586084508E+003  0.198503515338069E+002 
     15.12000000 -0.845176585970789E+003  0.198503516475256E+002 
     15.14000000 -0.845176585834090E+003  0.198503517842248E+002 
     15.16000000 -0.845176585664417E+003  0.198503519538971E+002 
     15.18000000 -0.845176585475627E+003  0.198503521426873E+002 
     15.20000000 -0.845176585282677E+003  0.198503523356369E+002 
     15.22000000 -0.845176585093164E+003  0.198503525251508E+002 
     15.24000000 -0.845176584912297E+003  0.198503527060175E+002 
     15.26000000 -0.845176584742084E+003  0.198503528762301E+002 
     15.28000000 -0.845176584574024E+003  0.198503530442909E+002 
     15.30000000 -0.845176584391863E+003  0.198503532264510E+002 
     15.32000000 -0.845176584187348E+003  0.198503534309663E+002 
     15.34000000 -0.845176583971857E+003  0.198503536464576E+002 
     15.36000000 -0.845176583770526E+003  0.198503538477882E+002 
     15.38000000 -0.845176583604134E+003  0.198503540141801E+002 
     15.40000000 -0.845176583474506E+003  0.198503541438087E+002 
     15.42000000 -0.845176583365392E+003  0.198503542529220E+002 
     15.44000000 -0.845176583258176E+003  0.198503543601388E+002 
     15.46000000 -0.845176583147776E+003  0.198503544705387E+002 
     15.48000000 -0.845176583041837E+003  0.198503545764776E+002 
     15.50000000 -0.845176582943336E+003  0.198503546749784E+002 
     15.52000000 -0.845176582837673E+003  0.198503547806419E+002 
     15.54000000 -0.845176582701812E+003  0.198503549165023E+002 
     15.56000000 -0.845176582523635E+003  0.198503550946797E+002 
     15.58000000 -0.845176582301586E+003  0.198503553167286E+002 
     15.60000000 -0.845176582018882E+003  0.198503555994322E+002 
     15.62000000 -0.845176581627449E+003  0.198503559908654E+002 
     15.64000000 -0.845176581076635E+003  0.198503565416789E+002 
     15.66000000 -0.845176580370006E+003  0.198503572483085E+002 
     15.68000000 -0.845176579591021E+003  0.198503580272938E+002 
     15.70000000 -0.845176578861594E+003  0.198503587567201E+002 
     15.72000000 -0.845176578264595E+003  0.198503593537195E+002 
     15.74000000 -0.845176577799188E+003  0.198503598191266E+002 
     15.76000000 -0.845176577406380E+003  0.198503602119340E+002 
     15.78000000 -0.845176577034734E+003  0.198503605835805E+002 
     15.80000000 -0.845176576681248E+003  0.198503609370664E+002 
     15.82000000 -0.845176576373221E+003  0.198503612450934E+002 
     15.84000000 -0.845176576118247E+003  0.198503615000677E+002 
     15.86000000 -0.845176575876230E+003  0.198503617420841E+002 
     15.88000000 -0.845176575576944E+003  0.198503620413703E+002 
     15.90000000 -0.845176575160289E+003  0.198503624580257E+002 
     15.92000000 -0.845176574604231E+003  0.198503630140838E+002 
     15.94000000 -0.845176573929158E+003  0.198503636891564E+002 
     15.96000000 -0.845176573189461E+003  0.198503644288529E+002 
     15.98000000 -0.845176572459098E+003  0.198503651592160E+002 
     16.00000000 -0.845176571806163E+003  0.198503658121515E+002 
     16.02000000 -0.845176571261472E+003  0.198503663568419E+002 
     16.04000000 -0.845176570806813E+003  0.198503668115010E+002 
     16.06000000 -0.845176570399202E+003  0.198503672191122E+002 
     16.08000000 -0.845176570007408E+003  0.198503676109061E+002 
     16.10000000 -0.845176569621000E+003  0.198503679973148E+002 
     16.12000000 -0.845176569229979E+003  0.198503683883358E+002 
     16.14000000 -0.845176568813629E+003  0.198503688046853E+002 
     16.16000000 -0.845176568359315E+003  0.198503692589998E+002 
     16.18000000 -0.845176567882102E+003  0.198503697362120E+002 
     16.20000000 -0.845176567411615E+003  0.198503702066993E+002 
     16.22000000 -0.845176566960254E+003  0.198503706580607E+002 
     16.24000000 -0.845176566513550E+003  0.198503711047640E+002 
     16.26000000 -0.845176566053364E+003  0.198503715649504E+002 
     16.28000000 -0.845176565586741E+003  0.198503720315731E+002 
     16.30000000 -0.845176565152873E+003  0.198503724654414E+002 
     16.32000000 -0.845176564803018E+003  0.198503728152966E+002 
     16.34000000 -0.845176564566714E+003  0.198503730516004E+002 
     16.36000000 -0.845176564427365E+003  0.198503731909496E+002 
     16.38000000 -0.845176564326007E+003  0.198503732923071E+002 
     16.40000000 -0.845176564189238E+003  0.198503734290766E+002 
     16.42000000 -0.845176563957918E+003  0.198503736603967E+002 
     16.44000000 -0.845176563602191E+003  0.198503740161233E+002 
     16.46000000 -0.845176563128057E+003  0.198503744902569E+002 
     16.48000000 -0.845176562576730E+003  0.198503750415845E+002 
     16.50000000 -0.845176562002189E+003  0.198503756161254E+002 
     16.52000000 -0.845176561427806E+003  0.198503761905082E+002 
     16.54000000 -0.845176560821785E+003  0.198503767965292E+002 
     16.56000000 -0.845176560130381E+003  0.198503774879338E+002 
     16.58000000 -0.845176559347293E+003  0.198503782710212E+002 
     16.60000000 -0.845176558547315E+003  0.198503790709995E+002 
     16.62000000 -0.845176557842473E+003  0.198503797758416E+002 
     16.64000000 -0.845176557300691E+003  0.198503803176238E+002 
     16.66000000 -0.845176556903991E+003  0.198503807143230E+002 
     16.68000000 -0.845176556573712E+003  0.198503810446029E+002 
     16.70000000 -0.845176556220699E+003  0.198503813976159E+002 
     16.72000000 -0.845176555774042E+003  0.198503818442728E+002 
     16.74000000 -0.845176555190909E+003  0.198503824274054E+002 
     16.76000000 -0.845176554470587E+003  0.198503831477272E+002 
     16.78000000 -0.845176553665507E+003  0.198503839528073E+002 
     16.80000000 -0.845176552863126E+003  0.198503847551879E+002 
     16.82000000 -0.845176552140078E+003  0.198503854782367E+002 
     16.84000000 -0.845176551521049E+003  0.198503860972656E+002 
     16.86000000 -0.845176550969824E+003  0.198503866484909E+002 
     16.88000000 -0.845176550414609E+003  0.198503872037056E+002 
     16.90000000 -0.845176549791230E+003  0.198503878270840E+002 
     16.92000000 -0.845176549078970E+003  0.198503885393445E+002 
     16.94000000 -0.845176548305221E+003  0.198503893130930E+002 
     16.96000000 -0.845176547514424E+003  0.198503901038901E+002 
     16.98000000 -0.845176546726109E+003  0.198503908922052E+002 
     17.00000000 -0.845176545917506E+003  0.198503917008081E+002 
     17.02000000 -0.845176545042863E+003  0.198503925754509E+002 
     17.04000000 -0.845176544067645E+003  0.198503935506697E+002 
     17.06000000 -0.845176542987457E+003  0.198503946308576E+002 
     17.08000000 -0.845176541823774E+003  0.198503957945406E+002 
     17.10000000 -0.845176540612553E+003  0.198503970057619E+002 
     17.12000000 -0.845176539402059E+003  0.198503982162555E+002 
     17.14000000 -0.845176538256769E+003  0.198503993615451E+002 
     17.16000000 -0.845176537250310E+003  0.198504003680046E+002 
     17.18000000 -0.845176536439649E+003  0.198504011786657E+002 
     17.20000000 -0.845176535834676E+003  0.198504017836389E+002 
     17.22000000 -0.845176535385972E+003  0.198504022323427E+002 
     17.24000000 -0.845176534999799E+003  0.198504026185150E+002 
     17.26000000 -0.845176534569410E+003  0.198504030489039E+002 
     17.28000000 -0.845176534004432E+003  0.198504036138819E+002 
     17.30000000 -0.845176533247218E+003  0.198504043710962E+002 
     17.32000000 -0.845176532276371E+003  0.198504053419434E+002 
     17.34000000 -0.845176531102879E+003  0.198504065154356E+002 
     17.36000000 -0.845176529762327E+003  0.198504078559871E+002 
     17.38000000 -0.845176528305378E+003  0.198504093129368E+002 
     17.40000000 -0.845176526792052E+003  0.198504108262627E+002 
     17.42000000 -0.845176525294206E+003  0.198504123241080E+002 
     17.44000000 -0.845176523897134E+003  0.198504137211802E+002 
     17.46000000 -0.845176522681165E+003  0.198504149371498E+002 
     17.48000000 -0.845176521683204E+003  0.198504159351101E+002 
     17.50000000 -0.845176520873457E+003  0.198504167448570E+002 
     17.52000000 -0.845176520180853E+003  0.198504174374615E+002 
     17.54000000 -0.845176519546877E+003  0.198504180714378E+002 
     17.56000000 -0.845176518948995E+003  0.198504186693190E+002 
     17.58000000 -0.845176518372748E+003  0.198504192455666E+002 
     17.60000000 -0.845176517778026E+003  0.198504198402882E+002 
     17.62000000 -0.845176517106072E+003  0.198504205122425E+002 
     17.64000000 -0.845176516311872E+003  0.198504213064425E+002 
     17.66000000 -0.845176515376313E+003  0.198504222420017E+002 
     17.68000000 -0.845176514292721E+003  0.198504233255939E+002 
     17.70000000 -0.845176513063972E+003  0.198504245543427E+002 
     17.72000000 -0.845176511725505E+003  0.198504258928098E+002 
     17.74000000 -0.845176510362039E+003  0.198504272562758E+002 
     17.76000000 -0.845176509084313E+003  0.198504285340016E+002 
     17.78000000 -0.845176507979508E+003  0.198504296388063E+002 
     17.80000000 -0.845176507080682E+003  0.198504305376319E+002 
     17.82000000 -0.845176506376363E+003  0.198504312419513E+002 
     17.84000000 -0.845176505835529E+003  0.198504317827855E+002 
     17.86000000 -0.845176505414319E+003  0.198504322039956E+002 
     17.88000000 -0.845176505045719E+003  0.198504325725949E+002 
     17.90000000 -0.845176504641839E+003  0.198504329764756E+002 
     17.92000000 -0.845176504122653E+003  0.198504334956614E+002 
     17.94000000 -0.845176503449396E+003  0.198504341689185E+002 
     17.96000000 -0.845176502633555E+003  0.198504349847592E+002 
     17.98000000 -0.845176501719594E+003  0.198504358987204E+002 
     18.00000000 -0.845176500761986E+003  0.198504368563281E+002 
     18.02000000 -0.845176499809288E+003  0.198504378090269E+002 
     18.04000000 -0.845176498890276E+003  0.198504387280382E+002 
     18.06000000 -0.845176498001211E+003  0.198504396171038E+002 
     18.08000000 -0.845176497110358E+003  0.198504405079559E+002 
     18.10000000 -0.845176496189887E+003  0.198504414284270E+002 
     18.12000000 -0.845176495252169E+003  0.198504423661455E+002 
     18.14000000 -0.845176494352143E+003  0.198504432661716E+002 
     18.16000000 -0.845176493549080E+003  0.198504440692344E+002 
     18.18000000 -0.845176492864413E+003  0.198504447539018E+002 
     18.20000000 -0.845176492273201E+003  0.198504453451129E+002 
     18.22000000 -0.845176491728672E+003  0.198504458896425E+002 
     18.24000000 -0.845176491191898E+003  0.198504464264164E+002 
     18.26000000 -0.845176490645780E+003  0.198504469725345E+002 
     18.28000000 -0.845176490091812E+003  0.198504475265024E+002 
     18.30000000 -0.845176489537893E+003  0.198504480804216E+002 
     18.32000000 -0.845176488987050E+003  0.198504486312641E+002 
     18.34000000 -0.845176488434565E+003  0.198504491837498E+002 
     18.36000000 -0.845176487873976E+003  0.198504497443385E+002 
     18.38000000 -0.845176487305652E+003  0.198504503126627E+002 
     18.40000000 -0.845176486740753E+003  0.198504508775609E+002 
     18.42000000 -0.845176486197059E+003  0.198504514212549E+002 
     18.44000000 -0.845176485688567E+003  0.198504519297475E+002 
     18.46000000 -0.845176485216714E+003  0.198504524016000E+002 
     18.48000000 -0.845176484771353E+003  0.198504528469614E+002 
     18.50000000 -0.845176484340272E+003  0.198504532780424E+002 
     18.52000000 -0.845176483916155E+003  0.198504537021599E+002 
     18.54000000 -0.845176483493084E+003  0.198504541252300E+002 
     18.56000000 -0.845176483059172E+003  0.198504545591428E+002 
     18.58000000 -0.845176482598756E+003  0.198504550195588E+002 
     18.60000000 -0.845176482105081E+003  0.198504555132337E+002 
     18.62000000 -0.845176481586761E+003  0.198504560315536E+002 
     18.64000000 -0.845176481054463E+003  0.198504565638509E+002 
     18.66000000 -0.845176480499402E+003  0.198504571189127E+002 
     18.68000000 -0.845176479890630E+003  0.198504577276844E+002 
     18.70000000 -0.845176479199871E+003  0.198504584184432E+002 
     18.72000000 -0.845176478430760E+003  0.198504591875543E+002 
     18.74000000 -0.845176477623290E+003  0.198504599950243E+002 
     18.76000000 -0.845176476829769E+003  0.198504607885457E+002 
     18.78000000 -0.845176476084360E+003  0.198504615339547E+002 
     18.80000000 -0.845176475389635E+003  0.198504622286792E+002 
     18.82000000 -0.845176474727207E+003  0.198504628911074E+002 
     18.84000000 -0.845176474082819E+003  0.198504635354955E+002 
     18.86000000 -0.845176473465954E+003  0.198504641523606E+002 
     18.88000000 -0.845176472904869E+003  0.198504647134449E+002 
     18.90000000 -0.845176472417767E+003  0.198504652005476E+002 
     18.92000000 -0.845176471987525E+003  0.198504656307893E+002 
     18.94000000 -0.845176471568372E+003  0.198504660499424E+002 
     18.96000000 -0.845176471119634E+003  0.198504664986803E+002 
     18.98000000 -0.845176470632792E+003  0.198504669855226E+002 
     19.00000000 -0.845176470129488E+003  0.198504674888268E+002 
     19.02000000 -0.845176469641275E+003  0.198504679770397E+002 
     19.04000000 -0.845176469191266E+003  0.198504684270484E+002 
     19.06000000 -0.845176468780201E+003  0.198504688381133E+002 
     19.08000000 -0.845176468374103E+003  0.198504692442110E+002 
     19.10000000 -0.845176467908062E+003  0.198504697102528E+002 
     19.12000000 -0.845176467320782E+003  0.198504702975328E+002 
     19.14000000 -0.845176466600340E+003  0.198504710179746E+002 
     19.16000000 -0.845176465798168E+003  0.198504718201465E+002 
     19.18000000 -0.845176464995818E+003  0.198504726224959E+002 
     19.20000000 -0.845176464257969E+003  0.198504733603459E+002 
     19.22000000 -0.845176463615345E+003  0.198504740029697E+002 
     19.24000000 -0.845176463081917E+003  0.198504745363978E+002 
     19.26000000 -0.845176462671684E+003  0.198504749466306E+002 
     19.28000000 -0.845176462388430E+003  0.198504752298840E+002 
     19.30000000 -0.845176462203560E+003  0.198504754147542E+002 
     19.32000000 -0.845176462057070E+003  0.198504755612441E+002 
     19.34000000 -0.845176461889138E+003  0.198504757291763E+002 
     19.36000000 -0.845176461672220E+003  0.198504759460945E+002 
     19.38000000 -0.845176461414357E+003  0.198504762039575E+002 
     19.40000000 -0.845176461137472E+003  0.198504764808421E+002 
     19.42000000 -0.845176460855000E+003  0.198504767633148E+002 
     19.44000000 -0.845176460563883E+003  0.198504770544315E+002 
     19.46000000 -0.845176460250500E+003  0.198504773678140E+002 
     19.48000000 -0.845176459905612E+003  0.198504777127029E+002 
     19.50000000 -0.845176459540788E+003  0.198504780775264E+002 
     19.52000000 -0.845176459192649E+003  0.198504784256651E+002 
     19.54000000 -0.845176458905460E+003  0.198504787128539E+002 
     19.56000000 -0.845176458702470E+003  0.198504789158442E+002 
     19.58000000 -0.845176458570800E+003  0.198504790475143E+002 
     19.60000000 -0.845176458473268E+003  0.198504791450462E+002 
     19.62000000 -0.845176458374156E+003  0.198504792441580E+002 
     19.64000000 -0.845176458255587E+003  0.198504793627273E+002 
     19.66000000 -0.845176458117231E+003  0.198504795010837E+002 
     19.68000000 -0.845176457969969E+003  0.198504796483457E+002 
     19.70000000 -0.845176457830437E+003  0.198504797878769E+002 
     19.72000000 -0.845176457711708E+003  0.198504799066065E+002 
     19.74000000 -0.845176457611295E+003  0.198504800070191E+002 
     19.76000000 -0.845176457511427E+003  0.198504801068875E+002 
     19.78000000 -0.845176457397676E+003  0.198504802206389E+002 
     19.80000000 -0.845176457276111E+003  0.198504803422035E+002 
     19.82000000 -0.845176457165506E+003  0.198504804528083E+002 
     19.84000000 -0.845176457070918E+003  0.198504805473967E+002 
     19.86000000 -0.845176456969952E+003  0.198504806483619E+002 
     19.88000000 -0.845176456829585E+003  0.198504807887297E+002 
     19.90000000 -0.845176456636369E+003  0.198504809819449E+002 
     19.92000000 -0.845176456408637E+003  0.198504812096773E+002 
     19.94000000 -0.845176456179862E+003  0.198504814384525E+002 
     19.96000000 -0.845176455971790E+003  0.198504816465243E+002 
     19.98000000 -0.845176455782610E+003  0.198504818357044E+002 
     20.00000000 -0.845176455596589E+003  0.198504820217256E+002 
     20.02000000 -0.845176455400954E+003  0.198504822173601E+002 
     20.04000000 -0.845176455193968E+003  0.198504824243464E+002 
     20.06000000 -0.845176454981191E+003  0.198504826371238E+002 
     20.08000000 -0.845176454767327E+003  0.198504828509869E+002 
     20.10000000 -0.845176454551040E+003  0.198504830672741E+002 
     20.12000000 -0.845176454325458E+003  0.198504832928563E+002 
     20.14000000 -0.845176454083579E+003  0.198504835347353E+002 
     20.16000000 -0.845176453825533E+003  0.198504837927812E+002 
     20.18000000 -0.845176453563176E+003  0.198504840551380E+002 
     20.20000000 -0.845176453318115E+003  0.198504843001998E+002 
     20.22000000 -0.845176453112661E+003  0.198504845056539E+002 
     20.24000000 -0.845176452957324E+003  0.198504846609899E+002 
     20.26000000 -0.845176452840799E+003  0.198504847775149E+002 
     20.28000000 -0.845176452728340E+003  0.198504848899749E+002 
     20.30000000 -0.845176452571646E+003  0.198504850466684E+002 
     20.32000000 -0.845176452326856E+003  0.198504852914580E+002 
     20.34000000 -0.845176451970189E+003  0.198504856481256E+002 
     20.36000000 -0.845176451501391E+003  0.198504861169236E+002 
     20.38000000 -0.845176450935842E+003  0.198504866824723E+002 
     20.40000000 -0.845176450296861E+003  0.198504873214530E+002 
     20.42000000 -0.845176449618521E+003  0.198504879997929E+002 
     20.44000000 -0.845176448955827E+003  0.198504886624878E+002 
     20.46000000 -0.845176448385359E+003  0.198504892329550E+002 
     20.48000000 -0.845176447980855E+003  0.198504896374591E+002 
     20.50000000 -0.845176447770048E+003  0.198504898482665E+002 
     20.52000000 -0.845176447704578E+003  0.198504899137365E+002 
     20.54000000 -0.845176447674498E+003  0.198504899438163E+002 
     20.56000000 -0.845176447566006E+003  0.198504900523081E+002 
     20.58000000 -0.845176447324266E+003  0.198504902940487E+002 
     20.60000000 -0.845176446976925E+003  0.198504906413892E+002 
     20.62000000 -0.845176446603600E+003  0.198504910147148E+002 
     20.64000000 -0.845176446277405E+003  0.198504913409094E+002 
     20.66000000 -0.845176446023359E+003  0.198504915949555E+002 
     20.68000000 -0.845176445819433E+003  0.198504917988819E+002 
     20.70000000 -0.845176445627515E+003  0.198504919907992E+002 
     20.72000000 -0.845176445421558E+003  0.198504921967563E+002 
     20.74000000 -0.845176445194650E+003  0.198504924236642E+002 
     20.76000000 -0.845176444952313E+003  0.198504926660015E+002 
     20.78000000 -0.845176444705788E+003  0.198504929125268E+002 
     20.80000000 -0.845176444468303E+003  0.198504931500112E+002 
     20.82000000 -0.845176444251050E+003  0.198504933672644E+002 
     20.84000000 -0.845176444059511E+003  0.198504935588037E+002 
     20.86000000 -0.845176443892186E+003  0.198504937261283E+002 
     20.88000000 -0.845176443739788E+003  0.198504938785266E+002 
     20.90000000 -0.845176443584404E+003  0.198504940339109E+002 
     20.92000000 -0.845176443404276E+003  0.198504942140387E+002 
     20.94000000 -0.845176443186817E+003  0.198504944314972E+002 
     20.96000000 -0.845176442940632E+003  0.198504946776826E+002 
     20.98000000 -0.845176442694091E+003  0.198504949242238E+002 
     21.00000000 -0.845176442479538E+003  0.198504951387762E+002 
     21.02000000 -0.845176442315158E+003  0.198504953031563E+002 
     21.04000000 -0.845176442197827E+003  0.198504954204874E+002 
     21.06000000 -0.845176442109399E+003  0.198504955089159E+002 
     21.08000000 -0.845176442026372E+003  0.198504955919419E+002 
     21.10000000 -0.845176441923175E+003  0.198504956951397E+002 
     21.12000000 -0.845176441773191E+003  0.198504958451232E+002 
     21.14000000 -0.845176441558581E+003  0.198504960597332E+002 
     21.16000000 -0.845176441285187E+003  0.198504963331274E+002 
     21.18000000 -0.845176440983100E+003  0.198504966352144E+002 
     21.20000000 -0.845176440685584E+003  0.198504969327308E+002 
     21.22000000 -0.845176440407017E+003  0.198504972112975E+002 
     21.24000000 -0.845176440143681E+003  0.198504974746335E+002 
     21.26000000 -0.845176439892980E+003  0.198504977253340E+002 
     21.28000000 -0.845176439665360E+003  0.198504979529540E+002 
     21.30000000 -0.845176439475478E+003  0.198504981428367E+002 
     21.32000000 -0.845176439325306E+003  0.198504982930082E+002 
     21.34000000 -0.845176439198157E+003  0.198504984201571E+002 
     21.36000000 -0.845176439066942E+003  0.198504985513721E+002 
     21.38000000 -0.845176438907354E+003  0.198504987109604E+002 
     21.40000000 -0.845176438709226E+003  0.198504989090889E+002 
     21.42000000 -0.845176438483714E+003  0.198504991346003E+002 
     21.44000000 -0.845176438260759E+003  0.198504993575551E+002 
     21.46000000 -0.845176438072829E+003  0.198504995454851E+002 
     21.48000000 -0.845176437934045E+003  0.198504996842691E+002 
     21.50000000 -0.845176437831052E+003  0.198504997872622E+002 
     21.52000000 -0.845176437731203E+003  0.198504998871119E+002 
     21.54000000 -0.845176437599728E+003  0.198505000185866E+002 
     21.56000000 -0.845176437416213E+003  0.198505002021011E+002 
     21.58000000 -0.845176437184795E+003  0.198505004335194E+002 
     21.60000000 -0.845176436932703E+003  0.198505006856111E+002 
     21.62000000 -0.845176436694601E+003  0.198505009237130E+002 
     21.64000000 -0.845176436491045E+003  0.198505011272694E+002 
     21.66000000 -0.845176436317135E+003  0.198505013011797E+002 
     21.68000000 -0.845176436149387E+003  0.198505014689272E+002 
     21.70000000 -0.845176435961910E+003  0.198505016564047E+002 
     21.72000000 -0.845176435737231E+003  0.198505018810836E+002 
     21.74000000 -0.845176435468758E+003  0.198505021495561E+002 
     21.76000000 -0.845176435162713E+003  0.198505024556015E+002 
     21.78000000 -0.845176434841761E+003  0.198505027765530E+002 
     21.80000000 -0.845176434541108E+003  0.198505030772067E+002 
     21.82000000 -0.845176434291195E+003  0.198505033271192E+002 
     21.84000000 -0.845176434097711E+003  0.198505035206030E+002 
     21.86000000 -0.845176433937539E+003  0.198505036807758E+002 
     21.88000000 -0.845176433776594E+003  0.198505038417203E+002 
     21.90000000 -0.845176433594595E+003  0.198505040237197E+002 
     21.92000000 -0.845176433394960E+003  0.198505042233542E+002 
     21.94000000 -0.845176433193623E+003  0.198505044246910E+002 
     21.96000000 -0.845176433002259E+003  0.198505046160554E+002 
     21.98000000 -0.845176432823966E+003  0.198505047943485E+002 
     22.00000000 -0.845176432659855E+003  0.198505049584592E+002 
     22.02000000 -0.845176432510429E+003  0.198505051078849E+002 
     22.04000000 -0.845176432365880E+003  0.198505052524346E+002 
     22.06000000 -0.845176432198141E+003  0.198505054201732E+002 
     22.08000000 -0.845176431968672E+003  0.198505056496425E+002 
     22.10000000 -0.845176431649788E+003  0.198505059685266E+002 
     22.12000000 -0.845176431242923E+003  0.198505063753912E+002 
     22.14000000 -0.845176430777107E+003  0.198505068412077E+002 
     22.16000000 -0.845176430286576E+003  0.198505073317380E+002 
     22.18000000 -0.845176429787122E+003  0.198505078311927E+002 
     22.20000000 -0.845176429275027E+003  0.198505083432878E+002 
     22.22000000 -0.845176428750287E+003  0.198505088680278E+002 
     22.24000000 -0.845176428238337E+003  0.198505093799774E+002 
     22.26000000 -0.845176427783964E+003  0.198505098343507E+002 
     22.28000000 -0.845176427419515E+003  0.198505101987992E+002 
     22.30000000 -0.845176427135663E+003  0.198505104826510E+002 
     22.32000000 -0.845176426879753E+003  0.198505107385614E+002 
     22.34000000 -0.845176426581762E+003  0.198505110365523E+002 
     22.36000000 -0.845176426188768E+003  0.198505114295468E+002 
     22.38000000 -0.845176425688367E+003  0.198505119299479E+002 
     22.40000000 -0.845176425110805E+003  0.198505125075097E+002 
     22.42000000 -0.845176424509862E+003  0.198505131084521E+002 
     22.44000000 -0.845176423932962E+003  0.198505136853520E+002 
     22.46000000 -0.845176423397806E+003  0.198505142205087E+002 
     22.48000000 -0.845176422889332E+003  0.198505147289825E+002 
     22.50000000 -0.845176422377972E+003  0.198505152403425E+002 
     22.52000000 -0.845176421846878E+003  0.198505157714367E+002 
     22.54000000 -0.845176421309736E+003  0.198505163085786E+002 
     22.56000000 -0.845176420805588E+003  0.198505168127265E+002 
     22.58000000 -0.845176420372310E+003  0.198505172460044E+002 
     22.60000000 -0.845176420017555E+003  0.198505176007593E+002 
     22.62000000 -0.845176419710818E+003  0.198505179074966E+002 
     22.64000000 -0.845176419403679E+003  0.198505182146356E+002 
     22.66000000 -0.845176419059256E+003  0.198505185590587E+002 
     22.68000000 -0.845176418664152E+003  0.198505189541628E+002 
     22.70000000 -0.845176418217525E+003  0.198505194007893E+002 
     22.72000000 -0.845176417716594E+003  0.198505199017209E+002 
     22.74000000 -0.845176417155357E+003  0.198505204629571E+002 
     22.76000000 -0.845176416531597E+003  0.198505210867177E+002 
     22.78000000 -0.845176415849367E+003  0.198505217689475E+002 
     22.80000000 -0.845176415117915E+003  0.198505225003997E+002 
     22.82000000 -0.845176414356923E+003  0.198505232613914E+002 
     22.84000000 -0.845176413605495E+003  0.198505240128191E+002 
     22.86000000 -0.845176412917779E+003  0.198505247005355E+002 
     22.88000000 -0.845176412337614E+003  0.198505252806999E+002 
     22.90000000 -0.845176411870643E+003  0.198505257476714E+002 
     22.92000000 -0.845176411482022E+003  0.198505261362928E+002 
     22.94000000 -0.845176411126081E+003  0.198505264922338E+002 
     22.96000000 -0.845176410781996E+003  0.198505268363183E+002 
     22.98000000 -0.845176410460867E+003  0.198505271574475E+002 
     23.00000000 -0.845176410175934E+003  0.198505274423804E+002 
     23.02000000 -0.845176409905243E+003  0.198505277130713E+002 
     23.04000000 -0.845176409586510E+003  0.198505280318046E+002 
     23.06000000 -0.845176409153984E+003  0.198505284643301E+002 
     23.08000000 -0.845176408586040E+003  0.198505290322748E+002 
     23.10000000 -0.845176407922669E+003  0.198505296956457E+002 
     23.12000000 -0.845176407241533E+003  0.198505303767818E+002 
     23.14000000 -0.845176406614700E+003  0.198505310036147E+002 
     23.16000000 -0.845176406074652E+003  0.198505315436626E+002 
     23.18000000 -0.845176405604637E+003  0.198505320136776E+002 
     23.20000000 -0.845176405155905E+003  0.198505324624093E+002 
     23.22000000 -0.845176404684009E+003  0.198505329343057E+002 
     23.24000000 -0.845176404184058E+003  0.198505334342568E+002 
     23.26000000 -0.845176403701095E+003  0.198505339172192E+002 
     23.28000000 -0.845176403305785E+003  0.198505343125290E+002 
     23.30000000 -0.845176403047406E+003  0.198505345709082E+002 
     23.32000000 -0.845176402911387E+003  0.198505347069271E+002 
     23.34000000 -0.845176402810670E+003  0.198505348076447E+002 
     23.36000000 -0.845176402623550E+003  0.198505349947642E+002 
     23.38000000 -0.845176402256461E+003  0.198505353618531E+002 
     23.40000000 -0.845176401686153E+003  0.198505359321618E+002 
     23.42000000 -0.845176400955141E+003  0.198505366631733E+002 
     23.44000000 -0.845176400139978E+003  0.198505374783361E+002 
     23.46000000 -0.845176399326610E+003  0.198505382917041E+002 
     23.48000000 -0.845176398597923E+003  0.198505390203914E+002 
     23.50000000 -0.845176398016047E+003  0.198505396022677E+002 
     23.52000000 -0.845176397597510E+003  0.198505400208047E+002 
     23.54000000 -0.845176397302414E+003  0.198505403159003E+002 
     23.56000000 -0.845176397054065E+003  0.198505405642498E+002 
     23.58000000 -0.845176396780153E+003  0.198505408381610E+002 
     23.60000000 -0.845176396448283E+003  0.198505411700318E+002 
     23.62000000 -0.845176396071982E+003  0.198505415463321E+002 
     23.64000000 -0.845176395685180E+003  0.198505419331341E+002 
     23.66000000 -0.845176395307773E+003  0.198505423105411E+002 
     23.68000000 -0.845176394931014E+003  0.198505426873000E+002 
     23.70000000 -0.845176394531071E+003  0.198505430872432E+002 
     23.72000000 -0.845176394092529E+003  0.198505435257855E+002 
     23.74000000 -0.845176393619972E+003  0.198505439983426E+002 
     23.76000000 -0.845176393135028E+003  0.198505444832868E+002 
     23.78000000 -0.845176392669748E+003  0.198505449485669E+002 
     23.80000000 -0.845176392259727E+003  0.198505453585870E+002 
     23.82000000 -0.845176391930529E+003  0.198505456877852E+002 
     23.84000000 -0.845176391679058E+003  0.198505459392560E+002 
     23.86000000 -0.845176391466588E+003  0.198505461517267E+002 
     23.88000000 -0.845176391236787E+003  0.198505463815276E+002 
     23.90000000 -0.845176390949624E+003  0.198505466686904E+002 
     23.92000000 -0.845176390606183E+003  0.198505470121317E+002 
     23.94000000 -0.845176390246436E+003  0.198505473718779E+002 
     23.96000000 -0.845176389920930E+003  0.198505476973846E+002 
     23.98000000 -0.845176389652442E+003  0.198505479658724E+002 
     24.00000000 -0.845176389411923E+003  0.198505482063914E+002 
     24.02000000 -0.845176389129776E+003  0.198505484885381E+002 
     24.04000000 -0.845176388739811E+003  0.198505488785038E+002 
     24.06000000 -0.845176388221819E+003  0.198505493964953E+002 
     24.08000000 -0.845176387606958E+003  0.198505500113559E+002 
     24.10000000 -0.845176386947662E+003  0.198505506706529E+002 
     24.12000000 -0.845176386286433E+003  0.198505513318811E+002 
     24.14000000 -0.845176385646774E+003  0.198505519715408E+002 
     24.16000000 -0.845176385037995E+003  0.198505525803193E+002 
     24.18000000 -0.845176384459308E+003  0.198505531590066E+002 
     24.20000000 -0.845176383904429E+003  0.198505537138852E+002 
     24.22000000 -0.845176383371077E+003  0.198505542472370E+002 
     24.24000000 -0.845176382866741E+003  0.198505547515735E+002 
     24.26000000 -0.845176382401896E+003  0.198505552164179E+002 
     24.28000000 -0.845176381979296E+003  0.198505556390186E+002 
     24.30000000 -0.845176381594074E+003  0.198505560242409E+002 
     24.32000000 -0.845176381242713E+003  0.198505563756011E+002 
     24.34000000 -0.845176380926287E+003  0.198505566920275E+002 
     24.36000000 -0.845176380644460E+003  0.198505569738541E+002 
     24.38000000 -0.845176380391208E+003  0.198505572271062E+002 
     24.40000000 -0.845176380158189E+003  0.198505574601252E+002 
     24.42000000 -0.845176379939228E+003  0.198505576790867E+002 
     24.44000000 -0.845176379730054E+003  0.198505578882608E+002 
     24.46000000 -0.845176379525169E+003  0.198505580931450E+002 
     24.48000000 -0.845176379314078E+003  0.198505583042363E+002 
     24.50000000 -0.845176379077566E+003  0.198505585407484E+002 
     24.52000000 -0.845176378789405E+003  0.198505588289091E+002 
     24.54000000 -0.845176378429734E+003  0.198505591885802E+002 
     24.56000000 -0.845176378004260E+003  0.198505596140546E+002 
     24.58000000 -0.845176377551159E+003  0.198505600671551E+002 
     24.60000000 -0.845176377123490E+003  0.198505604948246E+002 
     24.62000000 -0.845176376757785E+003  0.198505608605294E+002 
     24.64000000 -0.845176376456289E+003  0.198505611620255E+002 
     24.66000000 -0.845176376198587E+003  0.198505614197277E+002 
     24.68000000 -0.845176375967273E+003  0.198505616510412E+002 
     24.70000000 -0.845176375759713E+003  0.198505618586010E+002 
     24.72000000 -0.845176375579692E+003  0.198505620386219E+002 
     24.74000000 -0.845176375426319E+003  0.198505621919954E+002 
     24.76000000 -0.845176375293002E+003  0.198505623253119E+002 
     24.78000000 -0.845176375171923E+003  0.198505624463916E+002 
     24.80000000 -0.845176375055278E+003  0.198505625630359E+002 
     24.82000000 -0.845176374931265E+003  0.198505626870494E+002 
     24.84000000 -0.845176374778392E+003  0.198505628399221E+002 
     24.86000000 -0.845176374566355E+003  0.198505630519589E+002 
     24.88000000 -0.845176374271206E+003  0.198505633471088E+002 
     24.90000000 -0.845176373897954E+003  0.198505637203603E+002 
     24.92000000 -0.845176373487676E+003  0.198505641306383E+002 
     24.94000000 -0.845176373095533E+003  0.198505645227818E+002 
     24.96000000 -0.845176372757427E+003  0.198505648608870E+002 
     24.98000000 -0.845176372477604E+003  0.198505651407100E+002 
     25.00000000 -0.845176372245777E+003  0.198505653725377E+002 
     25.02000000 -0.845176372058887E+003  0.198505655594271E+002 
     25.04000000 -0.845176371921304E+003  0.198505656970108E+002 
     25.06000000 -0.845176371827694E+003  0.198505657906207E+002 
     25.08000000 -0.845176371754314E+003  0.198505658640005E+002 
     25.10000000 -0.845176371671689E+003  0.198505659466249E+002 
     25.12000000 -0.845176371564832E+003  0.198505660534828E+002 
     25.14000000 -0.845176371439758E+003  0.198505661785560E+002 
     25.16000000 -0.845176371311967E+003  0.198505663063474E+002 
     25.18000000 -0.845176371190295E+003  0.198505664280198E+002 
     25.20000000 -0.845176371069324E+003  0.198505665489901E+002 
     25.22000000 -0.845176370931437E+003  0.198505666868775E+002 
     25.24000000 -0.845176370754278E+003  0.198505668640366E+002 
     25.26000000 -0.845176370523206E+003  0.198505670951082E+002 
     25.28000000 -0.845176370246246E+003  0.198505673720689E+002 
     25.30000000 -0.845176369958828E+003  0.198505676594860E+002 
     25.32000000 -0.845176369707039E+003  0.198505679112756E+002 
     25.34000000 -0.845176369518663E+003  0.198505680996515E+002 
     25.36000000 -0.845176369386485E+003  0.198505682318293E+002 
     25.38000000 -0.845176369276652E+003  0.198505683416626E+002 
     25.40000000 -0.845176369152330E+003  0.198505684659843E+002 
     25.42000000 -0.845176368995613E+003  0.198505686227018E+002 
     25.44000000 -0.845176368816896E+003  0.198505688014181E+002 
     25.46000000 -0.845176368646406E+003  0.198505689719086E+002 
     25.48000000 -0.845176368510015E+003  0.198505691082997E+002 
     25.50000000 -0.845176368405673E+003  0.198505692126414E+002 
     25.52000000 -0.845176368301468E+003  0.198505693168463E+002 
     25.54000000 -0.845176368158997E+003  0.198505694593176E+002 
     25.56000000 -0.845176367962867E+003  0.198505696554470E+002 
     25.58000000 -0.845176367732302E+003  0.198505698860128E+002 
     25.60000000 -0.845176367506185E+003  0.198505701121298E+002 
     25.62000000 -0.845176367313921E+003  0.198505703043937E+002 
     25.64000000 -0.845176367154723E+003  0.198505704635910E+002 
     25.66000000 -0.845176366999525E+003  0.198505706187894E+002 
     25.68000000 -0.845176366810899E+003  0.198505708074152E+002 
     25.70000000 -0.845176366565461E+003  0.198505710528537E+002 
     25.72000000 -0.845176366267086E+003  0.198505713512286E+002 
     25.74000000 -0.845176365947085E+003  0.198505716712291E+002 
     25.76000000 -0.845176365650229E+003  0.198505719680852E+002 
     25.78000000 -0.845176365409896E+003  0.198505722084188E+002 
     25.80000000 -0.845176365227124E+003  0.198505723911904E+002 
     25.82000000 -0.845176365072655E+003  0.198505725456597E+002 
     25.84000000 -0.845176364912608E+003  0.198505727057063E+002 
     25.86000000 -0.845176364733715E+003  0.198505728845999E+002 
     25.88000000 -0.845176364545972E+003  0.198505730723425E+002 
     25.90000000 -0.845176364367921E+003  0.198505732503930E+002 
     25.92000000 -0.845176364214163E+003  0.198505734041511E+002 
     25.94000000 -0.845176364090839E+003  0.198505735274750E+002 
     25.96000000 -0.845176363991659E+003  0.198505736266555E+002 
     25.98000000 -0.845176363895078E+003  0.198505737232365E+002 
     26.00000000 -0.845176363771525E+003  0.198505738467897E+002 
     26.02000000 -0.845176363599258E+003  0.198505740190569E+002 
     26.04000000 -0.845176363375828E+003  0.198505742424861E+002 
     26.06000000 -0.845176363118065E+003  0.198505745002493E+002 
     26.08000000 -0.845176362854535E+003  0.198505747637799E+002 
     26.10000000 -0.845176362614780E+003  0.198505750035347E+002 
     26.12000000 -0.845176362417555E+003  0.198505752007595E+002 
     26.14000000 -0.845176362264529E+003  0.198505753537850E+002 
     26.16000000 -0.845176362145659E+003  0.198505754726559E+002 
     26.18000000 -0.845176362051276E+003  0.198505755670387E+002 
     26.20000000 -0.845176361978287E+003  0.198505756400273E+002 
     26.22000000 -0.845176361925028E+003  0.198505756932862E+002 
     26.24000000 -0.845176361881911E+003  0.198505757364033E+002 
     26.26000000 -0.845176361829596E+003  0.198505757887182E+002 
     26.28000000 -0.845176361750061E+003  0.198505758682532E+002 
     26.30000000 -0.845176361642653E+003  0.198505759756617E+002 
     26.32000000 -0.845176361527567E+003  0.198505760907479E+002 
     26.34000000 -0.845176361428363E+003  0.198505761899512E+002 
     26.36000000 -0.845176361349145E+003  0.198505762691692E+002 
     26.38000000 -0.845176361271092E+003  0.198505763472228E+002 
     26.40000000 -0.845176361171905E+003  0.198505764464098E+002 
     26.42000000 -0.845176361046685E+003  0.198505765716297E+002 
     26.44000000 -0.845176360910238E+003  0.198505767080767E+002 
     26.46000000 -0.845176360782427E+003  0.198505768358877E+002 
     26.48000000 -0.845176360673222E+003  0.198505769450928E+002 
     26.50000000 -0.845176360580174E+003  0.198505770381402E+002 
     26.52000000 -0.845176360495644E+003  0.198505771226701E+002 
     26.54000000 -0.845176360411601E+003  0.198505772067137E+002 
     26.56000000 -0.845176360317742E+003  0.198505773005726E+002 
     26.58000000 -0.845176360202064E+003  0.198505774162508E+002 
     26.60000000 -0.845176360059619E+003  0.198505775586953E+002 
     26.62000000 -0.845176359899888E+003  0.198505777184260E+002 
     26.64000000 -0.845176359742690E+003  0.198505778756239E+002 
     26.66000000 -0.845176359608159E+003  0.198505780101558E+002 
     26.68000000 -0.845176359510738E+003  0.198505781075767E+002 
     26.70000000 -0.845176359455268E+003  0.198505781630463E+002 
     26.72000000 -0.845176359430362E+003  0.198505781879528E+002 
     26.74000000 -0.845176359406812E+003  0.198505782115020E+002 
     26.76000000 -0.845176359350818E+003  0.198505782674961E+002 
     26.78000000 -0.845176359243877E+003  0.198505783744374E+002 
     26.80000000 -0.845176359090573E+003  0.198505785277411E+002 
     26.82000000 -0.845176358909458E+003  0.198505787088563E+002 
     26.84000000 -0.845176358719536E+003  0.198505788987787E+002 
     26.86000000 -0.845176358533066E+003  0.198505790852484E+002 
     26.88000000 -0.845176358353621E+003  0.198505792646931E+002 
     26.90000000 -0.845176358175226E+003  0.198505794430888E+002 
     26.92000000 -0.845176357983600E+003  0.198505796347140E+002 
     26.94000000 -0.845176357762269E+003  0.198505798560457E+002 
     26.96000000 -0.845176357501128E+003  0.198505801171865E+002 
     26.98000000 -0.845176357200975E+003  0.198505804173399E+002 
     27.00000000 -0.845176356871317E+003  0.198505807469974E+002 
     27.02000000 -0.845176356525887E+003  0.198505810924276E+002 
     27.04000000 -0.845176356180349E+003  0.198505814379652E+002 
     27.06000000 -0.845176355850869E+003  0.198505817674458E+002 
     27.08000000 -0.845176355550477E+003  0.198505820678379E+002 
     27.10000000 -0.845176355283964E+003  0.198505823343508E+002 
     27.12000000 -0.845176355044148E+003  0.198505825741662E+002 
     27.14000000 -0.845176354812064E+003  0.198505828062503E+002 
     27.16000000 -0.845176354564006E+003  0.198505830543081E+002 
     27.18000000 -0.845176354284800E+003  0.198505833335139E+002 
     27.20000000 -0.845176353976611E+003  0.198505836417034E+002 
     27.22000000 -0.845176353650121E+003  0.198505839681935E+002 
     27.24000000 -0.845176353302337E+003  0.198505843159773E+002 
     27.26000000 -0.845176352905129E+003  0.198505847131851E+002 
     27.28000000 -0.845176352422044E+003  0.198505851962704E+002 
     27.30000000 -0.845176351842092E+003  0.198505857762227E+002 
     27.32000000 -0.845176351201572E+003  0.198505864167425E+002 
     27.34000000 -0.845176350574592E+003  0.198505870437222E+002 
     27.36000000 -0.845176350035927E+003  0.198505875823873E+002 
     27.38000000 -0.845176349618933E+003  0.198505879993818E+002 
     27.40000000 -0.845176349296965E+003  0.198505883213491E+002 
     27.42000000 -0.845176349002755E+003  0.198505886155597E+002 
     27.44000000 -0.845176348672380E+003  0.198505889459345E+002 
     27.46000000 -0.845176348282315E+003  0.198505893359997E+002 
     27.48000000 -0.845176347856164E+003  0.198505897621503E+002 
     27.50000000 -0.845176347442097E+003  0.198505901762176E+002 
     27.52000000 -0.845176347079933E+003  0.198505905383816E+002 
     27.54000000 -0.845176346778356E+003  0.198505908399589E+002 
     27.56000000 -0.845176346512871E+003  0.198505911054432E+002 
     27.58000000 -0.845176346242516E+003  0.198505913757988E+002 
     27.60000000 -0.845176345934984E+003  0.198505916833303E+002 
     27.62000000 -0.845176345588085E+003  0.198505920302292E+002 
     27.64000000 -0.845176345236276E+003  0.198505923820383E+002 
     27.66000000 -0.845176344933759E+003  0.198505926845555E+002 
     27.68000000 -0.845176344718124E+003  0.198505929001903E+002 
     27.70000000 -0.845176344579116E+003  0.198505930391980E+002 
     27.72000000 -0.845176344461543E+003  0.198505931567716E+002 
     27.74000000 -0.845176344303185E+003  0.198505933151297E+002 
     27.76000000 -0.845176344074517E+003  0.198505935437977E+002 
     27.78000000 -0.845176343788486E+003  0.198505938298283E+002 
     27.80000000 -0.845176343482038E+003  0.198505941362768E+002 
     27.82000000 -0.845176343192491E+003  0.198505944258230E+002 
     27.84000000 -0.845176342942197E+003  0.198505946761173E+002 
     27.86000000 -0.845176342730158E+003  0.198505948881563E+002 
     27.88000000 -0.845176342531654E+003  0.198505950866604E+002 
     27.90000000 -0.845176342311950E+003  0.198505953063644E+002 
     27.92000000 -0.845176342049290E+003  0.198505955690238E+002 
     27.94000000 -0.845176341748539E+003  0.198505958697753E+002 
     27.96000000 -0.845176341434668E+003  0.198505961836466E+002 
     27.98000000 -0.845176341137529E+003  0.198505964807856E+002 
     28.00000000 -0.845176340883818E+003  0.198505967344965E+002 
     28.02000000 -0.845176340693429E+003  0.198505969248853E+002 
     28.04000000 -0.845176340567695E+003  0.198505970506194E+002 
     28.06000000 -0.845176340474542E+003  0.198505971437722E+002 
     28.08000000 -0.845176340353029E+003  0.198505972652852E+002 
     28.10000000 -0.845176340145761E+003  0.198505974725538E+002 
     28.12000000 -0.845176339835574E+003  0.198505977827408E+002 
     28.14000000 -0.845176339453318E+003  0.198505981649960E+002 
     28.16000000 -0.845176339050413E+003  0.198505985679012E+002 
     28.18000000 -0.845176338663508E+003  0.198505989548067E+002 
     28.20000000 -0.845176338302346E+003  0.198505993159686E+002 
     28.22000000 -0.845176337963508E+003  0.198505996548068E+002 
     28.24000000 -0.845176337646286E+003  0.198505999720288E+002 
     28.26000000 -0.845176337352406E+003  0.198506002659086E+002 
     28.28000000 -0.845176337076789E+003  0.198506005415250E+002 
     28.30000000 -0.845176336806045E+003  0.198506008122699E+002 
     28.32000000 -0.845176336526814E+003  0.198506010915003E+002 
     28.34000000 -0.845176336234125E+003  0.198506013841892E+002 
     28.36000000 -0.845176335934528E+003  0.198506016837863E+002 
     28.38000000 -0.845176335644398E+003  0.198506019739168E+002 
     28.40000000 -0.845176335380986E+003  0.198506022373288E+002 
     28.42000000 -0.845176335146104E+003  0.198506024722105E+002 
     28.44000000 -0.845176334914836E+003  0.198506027034780E+002 
     28.46000000 -0.845176334645122E+003  0.198506029731924E+002 
     28.48000000 -0.845176334305308E+003  0.198506033130067E+002 
     28.50000000 -0.845176333895506E+003  0.198506037228083E+002 
     28.52000000 -0.845176333443343E+003  0.198506041749712E+002 
     28.54000000 -0.845176332981289E+003  0.198506046370250E+002 
     28.56000000 -0.845176332529651E+003  0.198506050886634E+002 
     28.58000000 -0.845176332099325E+003  0.198506055189894E+002 
     28.60000000 -0.845176331705989E+003  0.198506059123254E+002 
     28.62000000 -0.845176331375783E+003  0.198506062425315E+002 
     28.64000000 -0.845176331131574E+003  0.198506064867404E+002 
     28.66000000 -0.845176330970565E+003  0.198506066477489E+002 
     28.68000000 -0.845176330856267E+003  0.198506067620472E+002 
     28.70000000 -0.845176330734884E+003  0.198506068834305E+002 
     28.72000000 -0.845176330561355E+003  0.198506070569589E+002 
     28.74000000 -0.845176330313281E+003  0.198506073050337E+002 
     28.76000000 -0.845176329987876E+003  0.198506076304383E+002 
     28.78000000 -0.845176329594340E+003  0.198506080239747E+002 
     28.80000000 -0.845176329152290E+003  0.198506084660243E+002 
     28.82000000 -0.845176328693028E+003  0.198506089252867E+002 
     28.84000000 -0.845176328252718E+003  0.198506093655963E+002 
     28.86000000 -0.845176327855486E+003  0.198506097628283E+002 
     28.88000000 -0.845176327501105E+003  0.198506101172097E+002 
     28.90000000 -0.845176327172723E+003  0.198506104455918E+002 
     28.92000000 -0.845176326857557E+003  0.198506107607573E+002 
     28.94000000 -0.845176326557731E+003  0.198506110605838E+002 
     28.96000000 -0.845176326284293E+003  0.198506113340211E+002 
     28.98000000 -0.845176326049179E+003  0.198506115691354E+002 
     29.00000000 -0.845176325863367E+003  0.198506117549474E+002 
     29.02000000 -0.845176325731828E+003  0.198506118864867E+002 
     29.04000000 -0.845176325640392E+003  0.198506119779224E+002 
     29.06000000 -0.845176325546602E+003  0.198506120717125E+002 
     29.08000000 -0.845176325387094E+003  0.198506122312201E+002 
     29.10000000 -0.845176325101446E+003  0.198506125168688E+002 
     29.12000000 -0.845176324663926E+003  0.198506129543880E+002 
     29.14000000 -0.845176324107117E+003  0.198506135111970E+002 
     29.16000000 -0.845176323513729E+003  0.198506141045853E+002 
     29.18000000 -0.845176322967377E+003  0.198506146509371E+002 
     29.20000000 -0.845176322494684E+003  0.198506151236300E+002 
     29.22000000 -0.845176322054412E+003  0.198506155639026E+002 
     29.24000000 -0.845176321591070E+003  0.198506160272447E+002 
     29.26000000 -0.845176321101301E+003  0.198506165170132E+002 
     29.28000000 -0.845176320643146E+003  0.198506169751681E+002 
     29.30000000 -0.845176320279886E+003  0.198506173384281E+002 
     29.32000000 -0.845176320021981E+003  0.198506175963330E+002 
     29.34000000 -0.845176319826776E+003  0.198506177915386E+002 
     29.36000000 -0.845176319643995E+003  0.198506179743192E+002 
     29.38000000 -0.845176319447499E+003  0.198506181708152E+002 
     29.40000000 -0.845176319224903E+003  0.198506183934116E+002 
     29.42000000 -0.845176318954943E+003  0.198506186633716E+002 
     29.44000000 -0.845176318609999E+003  0.198506190083152E+002 
     29.46000000 -0.845176318180277E+003  0.198506194380369E+002 
     29.48000000 -0.845176317689681E+003  0.198506199286331E+002 
     29.50000000 -0.845176317188217E+003  0.198506204300976E+002 
     29.52000000 -0.845176316730738E+003  0.198506208875763E+002 
     29.54000000 -0.845176316357360E+003  0.198506212609548E+002 
     29.56000000 -0.845176316082507E+003  0.198506215358069E+002 
     29.58000000 -0.845176315893435E+003  0.198506217248791E+002 
     29.60000000 -0.845176315757487E+003  0.198506218608275E+002 
     29.62000000 -0.845176315635669E+003  0.198506219826450E+002 
     29.64000000 -0.845176315497166E+003  0.198506221211488E+002 
     29.66000000 -0.845176315328545E+003  0.198506222897691E+002 
     29.68000000 -0.845176315135157E+003  0.198506224831576E+002 
     29.70000000 -0.845176314936694E+003  0.198506226816208E+002 
     29.72000000 -0.845176314757716E+003  0.198506228605981E+002 
     29.74000000 -0.845176314612175E+003  0.198506230061398E+002 
     29.76000000 -0.845176314489975E+003  0.198506231283390E+002 
     29.78000000 -0.845176314362600E+003  0.198506232557142E+002 
     29.80000000 -0.845176314209298E+003  0.198506234090160E+002 
     29.82000000 -0.845176314036596E+003  0.198506235817180E+002 
     29.84000000 -0.845176313865879E+003  0.198506237524352E+002 
     29.86000000 -0.845176313703239E+003  0.198506239150751E+002 
     29.88000000 -0.845176313529962E+003  0.198506240883520E+002 
     29.90000000 -0.845176313325326E+003  0.198506242929881E+002 
     29.92000000 -0.845176313092465E+003  0.198506245258494E+002 
     29.94000000 -0.845176312857308E+003  0.198506247610068E+002 
     29.96000000 -0.845176312645756E+003  0.198506249725583E+002 
     29.98000000 -0.845176312466377E+003  0.198506251519369E+002 
     30.00000000 -0.845176312312610E+003  0.198506253057044E+002 
