# Real time calculation: 
# Eall: Total energy
# Eall0: Initial energy
# 1:Time[fs] 2:Eall[eV] 3:Eall-Eall0[eV] 
      0.00000000 -0.850763852755470E+003  0.000000000000000E+000 
      0.02000000 -0.850763852755510E+003 -0.397331208132456E-010 
      0.04000000 -0.850763852755045E+003  0.425850114798898E-009 
      0.06000000 -0.850763852749619E+003  0.585130625387471E-008 
      0.08000000 -0.850763852722298E+003  0.331729022116251E-007 
      0.10000000 -0.850763852630696E+003  0.124774857030156E-006 
      0.12000000 -0.850763852390912E+003  0.364558924053800E-006 
      0.14000000 -0.850763851860064E+003  0.895406855840886E-006 
      0.16000000 -0.850763850819348E+003  0.193612266488307E-005 
      0.18000000 -0.850763848959426E+003  0.379604474463860E-005 
      0.20000000 -0.850763845869677E+003  0.688579334035242E-005 
      0.22000000 -0.850763841032370E+003  0.117231007803214E-004 
      0.24000000 -0.850763833822668E+003  0.189328022918395E-004 
      0.26000000 -0.850763823515416E+003  0.292400546885641E-004 
      0.28000000 -0.850763809299087E+003  0.434563839546318E-004 
      0.30000000 -0.850763790296884E+003  0.624585863774615E-004 
      0.32000000 -0.850763765594939E+003  0.871605313730241E-004 
      0.34000000 -0.850763734277151E+003  0.118478319405861E-003 
      0.36000000 -0.850763695465331E+003  0.157290139936149E-003 
      0.38000000 -0.850763648362608E+003  0.204392862356833E-003 
      0.40000000 -0.850763592298421E+003  0.260457049593527E-003 
      0.42000000 -0.850763526773317E+003  0.325982153742051E-003 
      0.44000000 -0.850763451501747E+003  0.401253723400644E-003 
      0.46000000 -0.850763366450936E+003  0.486304534720352E-003 
      0.48000000 -0.850763271873394E+003  0.580882076661189E-003 
      0.50000000 -0.850763168330445E+003  0.684425025891028E-003 
      0.52000000 -0.850763056705290E+003  0.796050180872687E-003 
      0.54000000 -0.850762938205106E+003  0.914550364129164E-003 
      0.56000000 -0.850762814350861E+003  0.103840460919709E-002 
      0.58000000 -0.850762686953627E+003  0.116580184369359E-002 
      0.60000000 -0.850762558077572E+003  0.129467789873646E-002 
      0.62000000 -0.850762429989710E+003  0.142276576012781E-002 
      0.64000000 -0.850762305096534E+003  0.154765893630127E-002 
      0.66000000 -0.850762185868287E+003  0.166688718375310E-002 
      0.68000000 -0.850762074752584E+003  0.177800288636347E-002 
      0.70000000 -0.850761974079940E+003  0.187867553060699E-002 
      0.72000000 -0.850761885963122E+003  0.196679234819425E-002 
      0.74000000 -0.850761812192286E+003  0.204056318473203E-002 
      0.76000000 -0.850761754128402E+003  0.209862706849698E-002 
      0.78000000 -0.850761712598418E+003  0.214015705251039E-002 
      0.80000000 -0.850761687796171E+003  0.216495929966079E-002 
      0.82000000 -0.850761679192565E+003  0.217356290527231E-002 
      0.84000000 -0.850761685457578E+003  0.216729789254411E-002 
      0.86000000 -0.850761704396508E+003  0.214835896265098E-002 
      0.88000000 -0.850761732903238E+003  0.211985223278430E-002 
      0.90000000 -0.850761766933242E+003  0.208582222866880E-002 
      0.92000000 -0.850761801498411E+003  0.205125705905240E-002 
      0.94000000 -0.850761830684882E+003  0.202207058887593E-002 
      0.96000000 -0.850761847694335E+003  0.200506113519564E-002 
      0.98000000 -0.850761844909137E+003  0.200784633386734E-002 
      1.00000000 -0.850761813981332E+003  0.203877413812914E-002 
      1.02000000 -0.850761745944861E+003  0.210681060975480E-002 
      1.04000000 -0.850761631349884E+003  0.222140558678595E-002 
      1.06000000 -0.850761460417918E+003  0.239233755237747E-002 
      1.08000000 -0.850761223216058E+003  0.262953941279664E-002 
      1.10000000 -0.850760909848373E+003  0.294290709717971E-002 
      1.12000000 -0.850760510661693E+003  0.334209377708904E-002 
      1.14000000 -0.850760016462257E+003  0.383629321388957E-002 
      1.16000000 -0.850759418739696E+003  0.443401577483278E-002 
      1.18000000 -0.850758709894428E+003  0.514286104262984E-002 
      1.20000000 -0.850757883463838E+003  0.596929163296955E-002 
      1.22000000 -0.850756934341680E+003  0.691841379035203E-002 
      1.24000000 -0.850755858986209E+003  0.799376926165159E-002 
      1.26000000 -0.850754655612636E+003  0.919714283487329E-002 
      1.28000000 -0.850753324364095E+003  0.105283913750747E-001 
      1.30000000 -0.850751867456889E+003  0.119852985815378E-001 
      1.32000000 -0.850750289297745E+003  0.135634577251789E-001 
      1.34000000 -0.850748596569138E+003  0.152561863325472E-001 
      1.36000000 -0.850746798277266E+003  0.170544782040697E-001 
      1.38000000 -0.850744905758784E+003  0.189469966868761E-001 
      1.40000000 -0.850742932643425E+003  0.209201120453939E-001 
      1.42000000 -0.850740894770698E+003  0.229579847725190E-001 
      1.44000000 -0.850738810059034E+003  0.250426964367759E-001 
      1.46000000 -0.850736698325121E+003  0.271544303498818E-001 
      1.48000000 -0.850734581051895E+003  0.292717035752062E-001 
      1.50000000 -0.850732481106623E+003  0.313716488471206E-001 
      1.52000000 -0.850730422414180E+003  0.334303412905540E-001 
      1.54000000 -0.850728429588431E+003  0.354231670392689E-001 
      1.56000000 -0.850726527524294E+003  0.373252311768761E-001 
      1.58000000 -0.850724740958484E+003  0.391117969861957E-001 
      1.60000000 -0.850723094008749E+003  0.407587467216910E-001 
      1.62000000 -0.850721609700148E+003  0.422430553226229E-001 
      1.64000000 -0.850720309486326E+003  0.435432691446617E-001 
      1.66000000 -0.850719212774541E+003  0.446399809296130E-001 
      1.68000000 -0.850718336464559E+003  0.455162909109917E-001 
      1.70000000 -0.850717694511125E+003  0.461582443456747E-001 
      1.72000000 -0.850717297519456E+003  0.465552360139882E-001 
      1.74000000 -0.850717152384289E+003  0.467003711819630E-001 
      1.76000000 -0.850717261980271E+003  0.465907751997815E-001 
      1.78000000 -0.850717624910467E+003  0.462278450031517E-001 
      1.80000000 -0.850718235319428E+003  0.456174360424631E-001 
      1.82000000 -0.850719082778319E+003  0.447699771518187E-001 
      1.84000000 -0.850720152247029E+003  0.437005084418644E-001 
      1.86000000 -0.850721424116222E+003  0.424286392483235E-001 
      1.88000000 -0.850722874330373E+003  0.409784250970823E-001 
      1.90000000 -0.850724474590523E+003  0.393781649473314E-001 
      1.92000000 -0.850726192635124E+003  0.376601203469442E-001 
      1.94000000 -0.850727992597442E+003  0.358601580283174E-001 
      1.96000000 -0.850729835434113E+003  0.340173213571780E-001 
      1.98000000 -0.850731679417608E+003  0.321733378623987E-001 
      2.00000000 -0.850733480685914E+003  0.303720695562107E-001 
      2.02000000 -0.850735193842114E+003  0.286589133560932E-001 
      2.04000000 -0.850736772594628E+003  0.270801608422795E-001 
      2.06000000 -0.850738170428401E+003  0.256823270698325E-001 
      2.08000000 -0.850739341296875E+003  0.245114585953669E-001 
      2.10000000 -0.850740240323435E+003  0.236124320353019E-001 
      2.12000000 -0.850740824501464E+003  0.230282540067489E-001 
      2.14000000 -0.850741053381623E+003  0.227993738471892E-001 
      2.16000000 -0.850740889734250E+003  0.229630212206203E-001 
      2.18000000 -0.850740300174809E+003  0.235525806610030E-001 
      2.20000000 -0.850739255740790E+003  0.245970146801197E-001 
      2.22000000 -0.850737732409047E+003  0.261203464235867E-001 
      2.24000000 -0.850735711544838E+003  0.281412106323549E-001 
      2.26000000 -0.850733180275529E+003  0.306724799417841E-001 
      2.28000000 -0.850730131781120E+003  0.337209743504535E-001 
      2.30000000 -0.850726565495140E+003  0.372872603302762E-001 
      2.32000000 -0.850722487215277E+003  0.413655401938299E-001 
      2.34000000 -0.850717909124907E+003  0.459436305639355E-001 
      2.36000000 -0.850712849723972E+003  0.510030314986531E-001 
      2.38000000 -0.850707333670471E+003  0.565190849996556E-001 
      2.40000000 -0.850701391536203E+003  0.624612192676735E-001 
      2.42000000 -0.850695059480751E+003  0.687932747196148E-001 
      2.44000000 -0.850688378850359E+003  0.754739051119178E-001 
      2.46000000 -0.850681395707889E+003  0.824570475810503E-001 
      2.48000000 -0.850674160301783E+003  0.896924536872065E-001 
      2.50000000 -0.850666726484283E+003  0.971262711873388E-001 
      2.52000000 -0.850659151086817E+003  0.104701668653448E+000 
      2.54000000 -0.850651493258623E+003  0.112359496847878E+000 
      2.56000000 -0.850643813779109E+003  0.120038976361137E+000 
      2.58000000 -0.850636174359723E+003  0.127678395747388E+000 
      2.60000000 -0.850628636947778E+003  0.135215807692228E+000 
      2.62000000 -0.850621263040913E+003  0.142589714557900E+000 
      2.64000000 -0.850614113023795E+003  0.149739731675638E+000 
      2.66000000 -0.850607245535679E+003  0.156607219791381E+000 
      2.68000000 -0.850600716876550E+003  0.163135878920479E+000 
      2.70000000 -0.850594580463915E+003  0.169272291555137E+000 
      2.72000000 -0.850588886353250E+003  0.174966402219982E+000 
      2.74000000 -0.850583680825062E+003  0.180171930408141E+000 
      2.76000000 -0.850579006033819E+003  0.184846721651396E+000 
      2.78000000 -0.850574899718244E+003  0.188953037226844E+000 
      2.80000000 -0.850571394971318E+003  0.192457784152207E+000 
      2.82000000 -0.850568520060972E+003  0.195332694498701E+000 
      2.84000000 -0.850566298290446E+003  0.197554465024244E+000 
      2.86000000 -0.850564747889647E+003  0.199104865823143E+000 
      2.88000000 -0.850563881923977E+003  0.199970831493691E+000 
      2.90000000 -0.850563708199630E+003  0.200144555840562E+000 
      2.92000000 -0.850564229144953E+003  0.199623610517232E+000 
      2.94000000 -0.850565441650537E+003  0.198411104933232E+000 
      2.96000000 -0.850567336859699E+003  0.196515895771435E+000 
      2.98000000 -0.850569899905269E+003  0.193952850201129E+000 
      3.00000000 -0.850573109587802E+003  0.190743167668059E+000 
      3.02000000 -0.850576937998767E+003  0.186914756703329E+000 
      3.04000000 -0.850581350103489E+003  0.182502651981576E+000 
      3.06000000 -0.850586303308488E+003  0.177549446982559E+000 
      3.08000000 -0.850591747044986E+003  0.172105710484750E+000 
      3.10000000 -0.850597622408321E+003  0.166230347149307E+000 
      3.12000000 -0.850603861899332E+003  0.159990856138216E+000 
      3.14000000 -0.850610389319767E+003  0.153463435703660E+000 
      3.16000000 -0.850617119867124E+003  0.146732888346513E+000 
      3.18000000 -0.850623960471566E+003  0.139892283904511E+000 
      3.20000000 -0.850630810416400E+003  0.133042339070074E+000 
      3.22000000 -0.850637562271251E+003  0.126290484219197E+000 
      3.24000000 -0.850644103144649E+003  0.119749610821240E+000 
      3.26000000 -0.850650316243441E+003  0.113536512029269E+000 
      3.28000000 -0.850656082709940E+003  0.107770045530370E+000 
      3.30000000 -0.850661283690624E+003  0.102569064846516E+000 
      3.32000000 -0.850665802572270E+003  0.980501832000595E-001 
      3.34000000 -0.850669527307732E+003  0.943254477389875E-001 
      3.36000000 -0.850672352745367E+003  0.915000101035369E-001 
      3.38000000 -0.850674182870756E+003  0.896698847148406E-001 
      3.40000000 -0.850674932872383E+003  0.889198830879696E-001 
      3.42000000 -0.850674530951293E+003  0.893218041770847E-001 
      3.44000000 -0.850672919807588E+003  0.909329478827244E-001 
      3.46000000 -0.850670057753558E+003  0.937950019127635E-001 
      3.48000000 -0.850665919423159E+003  0.979333323110958E-001 
      3.50000000 -0.850660496069888E+003  0.103356685582777E+000 
      3.52000000 -0.850653795464073E+003  0.110057291397470E+000 
      3.54000000 -0.850645841418457E+003  0.118011337013159E+000 
      3.56000000 -0.850636672991075E+003  0.127179764395152E+000 
      3.58000000 -0.850626343426741E+003  0.137509328729717E+000 
      3.60000000 -0.850614918901317E+003  0.148933854153503E+000 
      3.62000000 -0.850602477131825E+003  0.161375623645944E+000 
      3.64000000 -0.850589105910951E+003  0.174746844519879E+000 
      3.66000000 -0.850574901615997E+003  0.188951139473129E+000 
      3.68000000 -0.850559967727291E+003  0.203885028179053E+000 
      3.70000000 -0.850544413371811E+003  0.219439383659524E+000 
      3.72000000 -0.850528351894982E+003  0.235500860488185E+000 
      3.74000000 -0.850511899452229E+003  0.251953303241129E+000 
      3.76000000 -0.850495173595918E+003  0.268679159552356E+000 
      3.78000000 -0.850478291826528E+003  0.285560928942396E+000 
      3.80000000 -0.850461370089377E+003  0.302482666093473E+000 
      3.82000000 -0.850444521214708E+003  0.319331540762064E+000 
      3.84000000 -0.850427853298563E+003  0.335999456907057E+000 
      3.86000000 -0.850411468032677E+003  0.352384722793465E+000 
      3.88000000 -0.850395459026812E+003  0.368393728658198E+000 
      3.90000000 -0.850379910195861E+003  0.383942559609298E+000 
      3.92000000 -0.850364894300879E+003  0.398958454591240E+000 
      3.94000000 -0.850350471750525E+003  0.413381004945058E+000 
      3.96000000 -0.850336689780053E+003  0.427162975417105E+000 
      3.98000000 -0.850323582124757E+003  0.440270630713779E+000 
      4.00000000 -0.850311169294986E+003  0.452683460484815E+000 
      4.02000000 -0.850299459540639E+003  0.464393214831355E+000 
      4.04000000 -0.850288450554203E+003  0.475402201267830E+000 
      4.06000000 -0.850278131905583E+003  0.485720849887331E+000 
      4.08000000 -0.850268488148620E+003  0.495364606850279E+000 
      4.10000000 -0.850259502476254E+003  0.504350279216123E+000 
      4.12000000 -0.850251160728720E+003  0.512692026750405E+000 
      4.14000000 -0.850243455494883E+003  0.520397260587928E+000 
      4.16000000 -0.850236390005642E+003  0.527462749828329E+000 
      4.18000000 -0.850229981479540E+003  0.533871275930163E+000 
      4.20000000 -0.850224263566110E+003  0.539589189360725E+000 
      4.22000000 -0.850219287553860E+003  0.544565201610087E+000 
      4.24000000 -0.850215122061466E+003  0.548730694004261E+000 
      4.26000000 -0.850211851008261E+003  0.552001747209593E+000 
      4.28000000 -0.850209569768393E+003  0.554282987077025E+000 
      4.30000000 -0.850208379550156E+003  0.555473205314603E+000 
      4.32000000 -0.850208380189291E+003  0.555472566179222E+000 
      4.34000000 -0.850209661693088E+003  0.554191062381957E+000 
      4.36000000 -0.850212295017960E+003  0.551557737510827E+000 
      4.38000000 -0.850216322680280E+003  0.547530075190564E+000 
      4.40000000 -0.850221749882040E+003  0.542102873430479E+000 
      4.42000000 -0.850228536867536E+003  0.535315887934881E+000 
      4.44000000 -0.850236593202468E+003  0.527259553001934E+000 
      4.46000000 -0.850245774582475E+003  0.518078172995816E+000 
      4.48000000 -0.850255882639413E+003  0.507970116057955E+000 
      4.50000000 -0.850266668020383E+003  0.497184735087732E+000 
      4.52000000 -0.850277836773636E+003  0.486015981834726E+000 
      4.54000000 -0.850289059821638E+003  0.474792933832355E+000 
      4.56000000 -0.850299985051570E+003  0.463867703900693E+000 
      4.58000000 -0.850310251317763E+003  0.453601437707644E+000 
      4.60000000 -0.850319503466533E+003  0.444349288937184E+000 
      4.62000000 -0.850327407381281E+003  0.436445374189739E+000 
      4.64000000 -0.850333664012112E+003  0.430188743358278E+000 
      4.66000000 -0.850338021412430E+003  0.425831343040842E+000 
      4.68000000 -0.850340283953632E+003  0.423568801838571E+000 
      4.70000000 -0.850340318110824E+003  0.423534644646609E+000 
      4.72000000 -0.850338054490976E+003  0.425798264494738E+000 
      4.74000000 -0.850333486086315E+003  0.430366669155529E+000 
      4.76000000 -0.850326663047685E+003  0.437189707785805E+000 
      4.78000000 -0.850317684552497E+003  0.446168202973388E+000 
      4.80000000 -0.850306688565096E+003  0.457164190374842E+000 
      4.82000000 -0.850293840432695E+003  0.470012322775338E+000 
      4.84000000 -0.850279321313134E+003  0.484531442336315E+000 
      4.86000000 -0.850263317387878E+003  0.500535367592434E+000 
      4.88000000 -0.850246010681063E+003  0.517842074406993E+000 
      4.90000000 -0.850227572102974E+003  0.536280652496020E+000 
      4.92000000 -0.850208157088039E+003  0.555695667431398E+000 
      4.94000000 -0.850187903922560E+003  0.575948832910762E+000 
      4.96000000 -0.850166934584166E+003  0.596918171304642E+000 
      4.98000000 -0.850145357680238E+003  0.618495075232763E+000 
      5.00000000 -0.850123272889941E+003  0.640579865529905E+000 
      5.02000000 -0.850100776196073E+003  0.663076559397570E+000 
      5.04000000 -0.850077965146180E+003  0.685887609290697E+000 
      5.06000000 -0.850054943407586E+003  0.708909347884367E+000 
      5.08000000 -0.850031823980706E+003  0.732028774764192E+000 
      5.10000000 -0.850008730592527E+003  0.755122162943331E+000 
      5.12000000 -0.849985796992061E+003  0.778055763409700E+000 
      5.14000000 -0.849963164091955E+003  0.800688663514989E+000 
      5.16000000 -0.849940975118050E+003  0.822877637420038E+000 
      5.18000000 -0.849919369140685E+003  0.844483614784954E+000 
      5.20000000 -0.849898473552411E+003  0.865379203059880E+000 
      5.22000000 -0.849878396199854E+003  0.885456555616238E+000 
      5.24000000 -0.849859217963280E+003  0.904634792190000E+000 
      5.26000000 -0.849840986591822E+003  0.922866163648048E+000 
      5.28000000 -0.849823712537786E+003  0.940140217684155E+000 
      5.30000000 -0.849807367402032E+003  0.956485353438727E+000 
      5.32000000 -0.849791885417637E+003  0.971967337833522E+000 
      5.34000000 -0.849777168163799E+003  0.986684591671225E+000 
      5.36000000 -0.849763092424119E+003  0.100076033135174E+001 
      5.38000000 -0.849749520804398E+003  0.101433195107248E+001 
      5.40000000 -0.849736314445775E+003  0.102753830969521E+001 
      5.42000000 -0.849723346947732E+003  0.104050580773826E+001 
      5.44000000 -0.849710518454028E+003  0.105333430144229E+001 
      5.46000000 -0.849697768754262E+003  0.106608400120862E+001 
      5.48000000 -0.849685088245711E+003  0.107876450975994E+001 
      5.50000000 -0.849672525696587E+003  0.109132705888330E+001 
      5.52000000 -0.849660191940084E+003  0.110366081538671E+001 
      5.54000000 -0.849648258894423E+003  0.111559386104780E+001 
      5.56000000 -0.849636953636774E+003  0.112689911869625E+001 
      5.58000000 -0.849626547623624E+003  0.113730513184635E+001 
      5.60000000 -0.849617341519986E+003  0.114651123548488E+001 
      5.62000000 -0.849609646445222E+003  0.115420631024844E+001 
      5.64000000 -0.849603762740969E+003  0.116009001450137E+001 
      5.66000000 -0.849599957605086E+003  0.116389515038494E+001 
      5.68000000 -0.849598443075093E+003  0.116540968037758E+001 
      5.70000000 -0.849599355874155E+003  0.116449688131582E+001 
      5.72000000 -0.849602740574692E+003  0.116111218077825E+001 
      5.74000000 -0.849608537387397E+003  0.115531536807362E+001 
      5.76000000 -0.849616575656136E+003  0.114727709933421E+001 
      5.78000000 -0.849626573845812E+003  0.113727890965811E+001 
      5.80000000 -0.849638146444873E+003  0.112570631059740E+001 
      5.82000000 -0.849650817777724E+003  0.111303497774638E+001 
      5.84000000 -0.849664042259182E+003  0.109981049628895E+001 
      5.86000000 -0.849677230142247E+003  0.108662261322372E+001 
      5.88000000 -0.849689777331228E+003  0.107407542424292E+001 
      5.90000000 -0.849701097396056E+003  0.106275535941475E+001 
      5.92000000 -0.849710653593138E+003  0.105319916233275E+001 
      5.94000000 -0.849717988534246E+003  0.104586422122454E+001 
      5.96000000 -0.849722749187329E+003  0.104110356814176E+001 
      5.98000000 -0.849724705167267E+003  0.103914758820368E+001 
      6.00000000 -0.849723758780138E+003  0.104009397533198E+001 
      6.02000000 -0.849719945982544E+003  0.104390677292636E+001 
      6.04000000 -0.849713428236118E+003  0.105042451935218E+001 
      6.06000000 -0.849704476084681E+003  0.105937667078944E+001 
      6.08000000 -0.849693446051076E+003  0.107040670439443E+001 
      6.10000000 -0.849680753046280E+003  0.108309970919051E+001 
      6.12000000 -0.849666840836530E+003  0.109701191894048E+001 
      6.14000000 -0.849652153182159E+003  0.111169957331170E+001 
      6.16000000 -0.849637108045045E+003  0.112674471042586E+001 
      6.18000000 -0.849622076797522E+003  0.114177595794878E+001 
      6.20000000 -0.849607369723713E+003  0.115648303175741E+001 
      6.22000000 -0.849593228377858E+003  0.117062437761214E+001 
      6.24000000 -0.849579824636722E+003  0.118402811874848E+001 
      6.26000000 -0.849567265630395E+003  0.119658712507499E+001 
      6.28000000 -0.849555603238037E+003  0.120824951743354E+001 
      6.30000000 -0.849544846537149E+003  0.121900621832186E+001 
      6.32000000 -0.849534975491316E+003  0.122887726415473E+001 
      6.34000000 -0.849525954245130E+003  0.123789851034079E+001 
      6.36000000 -0.849517742645713E+003  0.124611010975731E+001 
      6.38000000 -0.849510304968060E+003  0.125354778741065E+001 
      6.40000000 -0.849503615240109E+003  0.126023751536183E+001 
      6.42000000 -0.849497658995617E+003  0.126619375985312E+001 
      6.44000000 -0.849492431681289E+003  0.127142107418116E+001 
      6.46000000 -0.849487934291402E+003  0.127591846406888E+001 
      6.48000000 -0.849484167070977E+003  0.127968568449324E+001 
      6.50000000 -0.849481122282153E+003  0.128273047331740E+001 
      6.52000000 -0.849478777079713E+003  0.128507567575713E+001 
      6.54000000 -0.849477087493288E+003  0.128676526218249E+001 
      6.56000000 -0.849475984377811E+003  0.128786837765911E+001 
      6.58000000 -0.849475371982094E+003  0.128848077337676E+001 
      6.60000000 -0.849475129509572E+003  0.128872324589869E+001 
      6.62000000 -0.849475115726309E+003  0.128873702916111E+001 
      6.64000000 -0.849475176345795E+003  0.128867640967549E+001 
      6.66000000 -0.849475153628895E+003  0.128869912657514E+001 
      6.68000000 -0.849474897410286E+003  0.128895534518456E+001 
      6.70000000 -0.849474276605069E+003  0.128957615040128E+001 
      6.72000000 -0.849473190175015E+003  0.129066258045516E+001 
      6.74000000 -0.849471576552400E+003  0.129227620307067E+001 
      6.76000000 -0.849469420632752E+003  0.129443212271895E+001 
      6.78000000 -0.849466757649300E+003  0.129709510617055E+001 
      6.80000000 -0.849463673499663E+003  0.130017925580719E+001 
      6.82000000 -0.849460301380618E+003  0.130355137485264E+001 
      6.84000000 -0.849456814891883E+003  0.130703786358745E+001 
      6.86000000 -0.849453418060441E+003  0.131043469502924E+001 
      6.88000000 -0.849450332980355E+003  0.131351977511522E+001 
      6.90000000 -0.849447785944125E+003  0.131606681134553E+001 
      6.92000000 -0.849445993055560E+003  0.131785969991083E+001 
      6.94000000 -0.849445146335988E+003  0.131870641948207E+001 
      6.96000000 -0.849445401244637E+003  0.131845151083362E+001 
      6.98000000 -0.849446866357785E+003  0.131698639768512E+001 
      7.00000000 -0.849449595720830E+003  0.131425703464057E+001 
      7.02000000 -0.849453584133391E+003  0.131026862207930E+001 
      7.04000000 -0.849458765388462E+003  0.130508736700816E+001 
      7.06000000 -0.849465013306943E+003  0.129883944852751E+001 
      7.08000000 -0.849472145314013E+003  0.129170744145761E+001 
      7.10000000 -0.849479928286277E+003  0.128392446919343E+001 
      7.12000000 -0.849488086447729E+003  0.127576630774147E+001 
      7.14000000 -0.849496311168942E+003  0.126754158652812E+001 
      7.16000000 -0.849504272563212E+003  0.125958019225801E+001 
      7.18000000 -0.849511632738037E+003  0.125222001743306E+001 
      7.20000000 -0.849518060440301E+003  0.124579231516976E+001 
      7.22000000 -0.849523246624314E+003  0.124060613115674E+001 
      7.24000000 -0.849526920204153E+003  0.123693255131794E+001 
      7.26000000 -0.849528862990636E+003  0.123498976483445E+001 
      7.28000000 -0.849528922634032E+003  0.123493012143809E+001 
      7.30000000 -0.849527022358209E+003  0.123683039726150E+001 
      7.32000000 -0.849523166417478E+003  0.124068633799271E+001 
      7.34000000 -0.849517440534721E+003  0.124641222074906E+001 
      7.36000000 -0.849510007053521E+003  0.125384570194932E+001 
      7.38000000 -0.849501095090992E+003  0.126275766447805E+001 
      7.40000000 -0.849490986522863E+003  0.127286623260746E+001 
      7.42000000 -0.849479999080972E+003  0.128385367449844E+001 
      7.44000000 -0.849468468125671E+003  0.129538462979948E+001 
      7.46000000 -0.849456728730824E+003  0.130712402464657E+001 
      7.48000000 -0.849445099585909E+003  0.131875316956106E+001 
      7.50000000 -0.849433869912566E+003  0.132998284290490E+001 
      7.52000000 -0.849423290160994E+003  0.134056259447629E+001 
      7.54000000 -0.849413566762768E+003  0.135028599270197E+001 
      7.56000000 -0.849404860748757E+003  0.135899200671342E+001 
      7.58000000 -0.849397289656394E+003  0.136656309907597E+001 
      7.60000000 -0.849390931881365E+003  0.137292087410561E+001 
      7.62000000 -0.849385832494609E+003  0.137802026086147E+001 
      7.64000000 -0.849382009558306E+003  0.138184319716461E+001 
      7.66000000 -0.849379460103414E+003  0.138439265205613E+001 
      7.68000000 -0.849378165138887E+003  0.138568761658360E+001 
      7.70000000 -0.849378093317532E+003  0.138575943793845E+001 
      7.72000000 -0.849379203154821E+003  0.138464960064979E+001 
      7.74000000 -0.849381443943417E+003  0.138240881205371E+001 
      7.76000000 -0.849384755695948E+003  0.137909705952199E+001 
      7.78000000 -0.849389068572613E+003  0.137478418285774E+001 
      7.80000000 -0.849394302298808E+003  0.136955045666278E+001 
      7.82000000 -0.849400366036064E+003  0.136348671940637E+001 
      7.84000000 -0.849407159066346E+003  0.135669368912433E+001 
      7.86000000 -0.849414572499819E+003  0.134928025565185E+001 
      7.88000000 -0.849422492027569E+003  0.134136072790181E+001 
      7.90000000 -0.849430801553610E+003  0.133305120186064E+001 
      7.92000000 -0.849439387387199E+003  0.132446536827121E+001 
      7.94000000 -0.849448142572959E+003  0.131571018251144E+001 
      7.96000000 -0.849456970896630E+003  0.130688185884065E+001 
      7.98000000 -0.849465790142907E+003  0.129806261256345E+001 
      8.00000000 -0.849474534272758E+003  0.128931848271277E+001 
      8.02000000 -0.849483154306619E+003  0.128069844885197E+001 
      8.04000000 -0.849491617844723E+003  0.127223491074730E+001 
      8.06000000 -0.849499907297698E+003  0.126394545777204E+001 
      8.08000000 -0.849508017016673E+003  0.125583573879732E+001 
      8.10000000 -0.849515949604910E+003  0.124790315056078E+001 
      8.12000000 -0.849523711759067E+003  0.124014099640317E+001 
      8.14000000 -0.849531310027445E+003  0.123254272802508E+001 
      8.16000000 -0.849538746882998E+003  0.122510587247214E+001 
      8.18000000 -0.849546017484971E+003  0.121783527049968E+001 
      8.20000000 -0.849553107441989E+003  0.121074531348148E+001 
      8.22000000 -0.849559991798133E+003  0.120386095733760E+001 
      8.24000000 -0.849566635352657E+003  0.119721740281302E+001 
      8.26000000 -0.849572994290420E+003  0.119085846505006E+001 
      8.28000000 -0.849579018954644E+003  0.118483380082639E+001 
      8.30000000 -0.849584657463280E+003  0.117919529219062E+001 
      8.32000000 -0.849589859771055E+003  0.117399298441589E+001 
      8.34000000 -0.849594581723476E+003  0.116927103199428E+001 
      8.36000000 -0.849598788649233E+003  0.116506410623738E+001 
      8.38000000 -0.849602458098461E+003  0.116139465700944E+001 
      8.40000000 -0.849605581445538E+003  0.115827130993237E+001 
      8.42000000 -0.849608164221978E+003  0.115568853349278E+001 
      8.44000000 -0.849610225210587E+003  0.115362754488332E+001 
      8.46000000 -0.849611794487914E+003  0.115205826755621E+001 
      8.48000000 -0.849612910722113E+003  0.115094203335788E+001 
      8.50000000 -0.849613618102122E+003  0.115023465334858E+001 
      8.52000000 -0.849613963282395E+003  0.114988947307575E+001 
      8.54000000 -0.849613992676345E+003  0.114986007912550E+001 
      8.56000000 -0.849613750334915E+003  0.115010242055500E+001 
      8.58000000 -0.849613276524886E+003  0.115057623058403E+001 
      8.60000000 -0.849612606997196E+003  0.115124575827440E+001 
      8.62000000 -0.849611772831357E+003  0.115207992411382E+001 
      8.64000000 -0.849610800675077E+003  0.115305208039361E+001 
      8.66000000 -0.849609713176012E+003  0.115413957945879E+001 
      8.68000000 -0.849608529423983E+003  0.115532333148701E+001 
      8.70000000 -0.849607265276308E+003  0.115658747916201E+001 
      8.72000000 -0.849605933508637E+003  0.115791924683371E+001 
      8.74000000 -0.849604543804249E+003  0.115930895122182E+001 
      8.76000000 -0.849603102653489E+003  0.116075010198129E+001 
      8.78000000 -0.849601613268819E+003  0.116223948665188E+001 
      8.80000000 -0.849600075623087E+003  0.116377713238389E+001 
      8.82000000 -0.849598486698629E+003  0.116536605684113E+001 
      8.84000000 -0.849596841002705E+003  0.116701175276600E+001 
      8.86000000 -0.849595131365323E+003  0.116872139014709E+001 
      8.88000000 -0.849593349995989E+003  0.117050275948099E+001 
      8.90000000 -0.849591489742213E+003  0.117236301325796E+001 
      8.92000000 -0.849589545464527E+003  0.117430729094336E+001 
      8.94000000 -0.849587515422875E+003  0.117633733259526E+001 
      8.96000000 -0.849585402561050E+003  0.117845019442049E+001 
      8.98000000 -0.849583215574332E+003  0.118063718113830E+001 
      9.00000000 -0.849580969647378E+003  0.118288310809281E+001 
      9.02000000 -0.849578686761776E+003  0.118516599369480E+001 
      9.04000000 -0.849576395503491E+003  0.118745725197900E+001 
      9.06000000 -0.849574130343510E+003  0.118972241196072E+001 
      9.08000000 -0.849571930414055E+003  0.119192234141520E+001 
      9.10000000 -0.849569837853437E+003  0.119401490203371E+001 
      9.12000000 -0.849567895840467E+003  0.119595691500334E+001 
      9.14000000 -0.849566146470628E+003  0.119770628484206E+001 
      9.16000000 -0.849564628637825E+003  0.119922411764602E+001 
      9.18000000 -0.849563376079783E+003  0.120047667568728E+001 
      9.20000000 -0.849562415722662E+003  0.120143703280820E+001 
      9.22000000 -0.849561766424568E+003  0.120208633090224E+001 
      9.24000000 -0.849561438180038E+003  0.120241457543243E+001 
      9.26000000 -0.849561431810794E+003  0.120242094467673E+001 
      9.28000000 -0.849561739131753E+003  0.120211362371769E+001 
      9.30000000 -0.849562343546783E+003  0.120150920868757E+001 
      9.32000000 -0.849563220998968E+003  0.120063175650290E+001 
      9.34000000 -0.849564341179604E+003  0.119951157586658E+001 
      9.36000000 -0.849565668888318E+003  0.119818386715262E+001 
      9.38000000 -0.849567165437473E+003  0.119668731799749E+001 
      9.40000000 -0.849568790008685E+003  0.119506274678519E+001 
      9.42000000 -0.849570500895319E+003  0.119335186015138E+001 
      9.44000000 -0.849572256599526E+003  0.119159615594437E+001 
      9.46000000 -0.849574016789609E+003  0.118983596586183E+001 
      9.48000000 -0.849575743151606E+003  0.118810960386423E+001 
      9.50000000 -0.849577400179591E+003  0.118645257587968E+001 
      9.52000000 -0.849578955942575E+003  0.118489681289582E+001 
      9.54000000 -0.849580382843673E+003  0.118346991179755E+001 
      9.56000000 -0.849581658354208E+003  0.118219440126283E+001 
      9.58000000 -0.849582765672570E+003  0.118108708290012E+001 
      9.60000000 -0.849583694234466E+003  0.118015852100438E+001 
      9.62000000 -0.849584439993445E+003  0.117941276202562E+001 
      9.64000000 -0.849585005401947E+003  0.117884735352350E+001 
      9.66000000 -0.849585399051775E+003  0.117845370369535E+001 
      9.68000000 -0.849585634971609E+003  0.117821778386100E+001 
      9.70000000 -0.849585731621336E+003  0.117812113413415E+001 
      9.72000000 -0.849585710661185E+003  0.117814209428528E+001 
      9.74000000 -0.849585595600913E+003  0.117825715455708E+001 
      9.76000000 -0.849585410446182E+003  0.117844230928889E+001 
      9.78000000 -0.849585178454598E+003  0.117867430087229E+001 
      9.80000000 -0.849584921095225E+003  0.117893166024551E+001 
      9.82000000 -0.849584657276095E+003  0.117919547937596E+001 
      9.84000000 -0.849584402869713E+003  0.117944988575754E+001 
      9.86000000 -0.849584170532118E+003  0.117968222335223E+001 
      9.88000000 -0.849583969781784E+003  0.117988297368683E+001 
      9.90000000 -0.849583807284152E+003  0.118004547131870E+001 
      9.92000000 -0.849583687277134E+003  0.118016547833609E+001 
      9.94000000 -0.849583612071115E+003  0.118024068435500E+001 
      9.96000000 -0.849583582561560E+003  0.118027019391035E+001 
      9.98000000 -0.849583598701337E+003  0.118025405413377E+001 
     10.00000000 -0.849583659891363E+003  0.118019286410732E+001 
     10.02000000 -0.849583765261459E+003  0.118008749401129E+001 
     10.04000000 -0.849583913827313E+003  0.117993892815738E+001 
     10.06000000 -0.849584104523608E+003  0.117974823186277E+001 
     10.08000000 -0.849584336126402E+003  0.117951662906864E+001 
     10.10000000 -0.849584607089496E+003  0.117924566597440E+001 
     10.12000000 -0.849584915329096E+003  0.117893742637430E+001 
     10.14000000 -0.849585257997475E+003  0.117859475799543E+001 
     10.16000000 -0.849585631288906E+003  0.117822146656456E+001 
     10.18000000 -0.849586030317958E+003  0.117782243751213E+001 
     10.20000000 -0.849586449100833E+003  0.117740365463713E+001 
     10.22000000 -0.849586880657090E+003  0.117697209838060E+001 
     10.24000000 -0.849587317233018E+003  0.117653552245273E+001 
     10.26000000 -0.849587750630302E+003  0.117610212516804E+001 
     10.28000000 -0.849588172608555E+003  0.117568014691535E+001 
     10.30000000 -0.849588575320696E+003  0.117527743477412E+001 
     10.32000000 -0.849588951736410E+003  0.117490101906009E+001 
     10.34000000 -0.849589296011069E+003  0.117455674440176E+001 
     10.36000000 -0.849589603765625E+003  0.117424898984551E+001 
     10.38000000 -0.849589872254857E+003  0.117398050061301E+001 
     10.40000000 -0.849590100414604E+003  0.117375234086665E+001 
     10.42000000 -0.849590288791741E+003  0.117356396372904E+001 
     10.44000000 -0.849590439372361E+003  0.117341338310969E+001 
     10.46000000 -0.849590555332058E+003  0.117329742341288E+001 
     10.48000000 -0.849590640736743E+003  0.117321201872785E+001 
     10.50000000 -0.849590700222909E+003  0.117315253256135E+001 
     10.52000000 -0.849590738683144E+003  0.117311407232664E+001 
     10.54000000 -0.849590760976579E+003  0.117309177889167E+001 
     10.56000000 -0.849590771676322E+003  0.117308107914874E+001 
     10.58000000 -0.849590774858396E+003  0.117307789707429E+001 
     10.60000000 -0.849590773930954E+003  0.117307882451668E+001 
     10.62000000 -0.849590771499737E+003  0.117308125573317E+001 
     10.64000000 -0.849590769266310E+003  0.117308348916089E+001 
     10.66000000 -0.849590767958575E+003  0.117308479689555E+001 
     10.68000000 -0.849590767307740E+003  0.117308544773064E+001 
     10.70000000 -0.849590766715865E+003  0.117308603960498E+001 
     10.72000000 -0.849590766116894E+003  0.117308663857646E+001 
     10.74000000 -0.849590765503460E+003  0.117308725201050E+001 
     10.76000000 -0.849590764870341E+003  0.117308788512936E+001 
     10.78000000 -0.849590764217300E+003  0.117308853816998E+001 
     10.80000000 -0.849590763548569E+003  0.117308920690102E+001 
     10.82000000 -0.849590762869413E+003  0.117308988605703E+001 
     10.84000000 -0.849590762181441E+003  0.117309057402916E+001 
     10.86000000 -0.849590761478600E+003  0.117309127687075E+001 
     10.88000000 -0.849590760745340E+003  0.117309201013012E+001 
     10.90000000 -0.849590759957891E+003  0.117309279757928E+001 
     10.92000000 -0.849590759088975E+003  0.117309366649575E+001 
     10.94000000 -0.849590758115627E+003  0.117309463984371E+001 
     10.96000000 -0.849590757028805E+003  0.117309572666570E+001 
     10.98000000 -0.849590755842143E+003  0.117309691332755E+001 
     11.00000000 -0.849590754596506E+003  0.117309815896398E+001 
     11.02000000 -0.849590753357506E+003  0.117309939796411E+001 
     11.04000000 -0.849590752205154E+003  0.117310055031606E+001 
     11.06000000 -0.849590751217766E+003  0.117310153770422E+001 
     11.08000000 -0.849590750454507E+003  0.117310230096355E+001 
     11.10000000 -0.849590749941736E+003  0.117310281373456E+001 
     11.12000000 -0.849590749667065E+003  0.117310308840566E+001 
     11.14000000 -0.849590749582271E+003  0.117310317319991E+001 
     11.16000000 -0.849590749613290E+003  0.117310314218101E+001 
     11.18000000 -0.849590749673629E+003  0.117310308184157E+001 
     11.20000000 -0.849590749677311E+003  0.117310307815993E+001 
     11.22000000 -0.849590749548580E+003  0.117310320689070E+001 
     11.24000000 -0.849590749227360E+003  0.117310352811007E+001 
     11.26000000 -0.849590748670942E+003  0.117310408452805E+001 
     11.28000000 -0.849590747853287E+003  0.117310490218376E+001 
     11.30000000 -0.849590746763408E+003  0.117310599206298E+001 
     11.32000000 -0.849590745403891E+003  0.117310735157917E+001 
     11.34000000 -0.849590743790067E+003  0.117310896540378E+001 
     11.36000000 -0.849590741949862E+003  0.117311080560817E+001 
     11.38000000 -0.849590739923927E+003  0.117311283154393E+001 
     11.40000000 -0.849590737765271E+003  0.117311499019992E+001 
     11.42000000 -0.849590735537662E+003  0.117311721780882E+001 
     11.44000000 -0.849590733312210E+003  0.117311944326014E+001 
     11.46000000 -0.849590731162074E+003  0.117312159339651E+001 
     11.48000000 -0.849590729155748E+003  0.117312359972277E+001 
     11.50000000 -0.849590727349898E+003  0.117312540557300E+001 
     11.52000000 -0.849590725782842E+003  0.117312697262824E+001 
     11.54000000 -0.849590724469803E+003  0.117312828566780E+001 
     11.56000000 -0.849590723400766E+003  0.117312935470491E+001 
     11.58000000 -0.849590722541432E+003  0.117313021403893E+001 
     11.60000000 -0.849590721837272E+003  0.117313091819819E+001 
     11.62000000 -0.849590721220104E+003  0.117313153536647E+001 
     11.64000000 -0.849590720616058E+003  0.117313213941209E+001 
     11.66000000 -0.849590719953453E+003  0.117313280201718E+001 
     11.68000000 -0.849590719168959E+003  0.117313358651101E+001 
     11.70000000 -0.849590718210929E+003  0.117313454454133E+001 
     11.72000000 -0.849590717039596E+003  0.117313571587469E+001 
     11.74000000 -0.849590715624920E+003  0.117313713055071E+001 
     11.76000000 -0.849590713943814E+003  0.117313881165692E+001 
     11.78000000 -0.849590711978933E+003  0.117314077653786E+001 
     11.80000000 -0.849590709720985E+003  0.117314303448527E+001 
     11.82000000 -0.849590707175398E+003  0.117314558007244E+001 
     11.84000000 -0.849590704372217E+003  0.117314838325310E+001 
     11.86000000 -0.849590701376021E+003  0.117315137944915E+001 
     11.88000000 -0.849590698290991E+003  0.117315446447936E+001 
     11.90000000 -0.849590695256482E+003  0.117315749898819E+001 
     11.92000000 -0.849590692430743E+003  0.117316032472760E+001 
     11.94000000 -0.849590689964363E+003  0.117316279110761E+001 
     11.96000000 -0.849590687969443E+003  0.117316478602708E+001 
     11.98000000 -0.849590686493447E+003  0.117316626202377E+001 
     12.00000000 -0.849590685506466E+003  0.117316724900445E+001 
     12.02000000 -0.849590684906631E+003  0.117316784883990E+001 
     12.04000000 -0.849590684542343E+003  0.117316821312727E+001 
     12.06000000 -0.849590684244436E+003  0.117316851103442E+001 
     12.08000000 -0.849590683858437E+003  0.117316889703308E+001 
     12.10000000 -0.849590683268303E+003  0.117316948716728E+001 
     12.12000000 -0.849590682407158E+003  0.117317034831287E+001 
     12.14000000 -0.849590681255633E+003  0.117317149983710E+001 
     12.16000000 -0.849590679832085E+003  0.117317292338588E+001 
     12.18000000 -0.849590678179999E+003  0.117317457547164E+001 
     12.20000000 -0.849590676356829E+003  0.117317639864136E+001 
     12.22000000 -0.849590674426327E+003  0.117317832914377E+001 
     12.24000000 -0.849590672454427E+003  0.117318030104326E+001 
     12.26000000 -0.849590670507377E+003  0.117318224809350E+001 
     12.28000000 -0.849590668650304E+003  0.117318410516639E+001 
     12.30000000 -0.849590666944913E+003  0.117318581055718E+001 
     12.32000000 -0.849590665445753E+003  0.117318730971741E+001 
     12.34000000 -0.849590664195369E+003  0.117318856010152E+001 
     12.36000000 -0.849590663219264E+003  0.117318953620625E+001 
     12.38000000 -0.849590662521863E+003  0.117319023360778E+001 
     12.40000000 -0.849590662084515E+003  0.117319067095556E+001 
     12.42000000 -0.849590661866234E+003  0.117319088923618E+001 
     12.44000000 -0.849590661807366E+003  0.117319094810462E+001 
     12.46000000 -0.849590661835738E+003  0.117319091973227E+001 
     12.48000000 -0.849590661874343E+003  0.117319088112792E+001 
     12.50000000 -0.849590661849300E+003  0.117319090617042E+001 
     12.52000000 -0.849590661696933E+003  0.117319105853736E+001 
     12.54000000 -0.849590661369055E+003  0.117319138641527E+001 
     12.56000000 -0.849590660836000E+003  0.117319191947095E+001 
     12.58000000 -0.849590660087382E+003  0.117319266808838E+001 
     12.60000000 -0.849590659130983E+003  0.117319362448790E+001 
     12.62000000 -0.849590657990382E+003  0.117319476508881E+001 
     12.64000000 -0.849590656701909E+003  0.117319605356199E+001 
     12.66000000 -0.849590655311360E+003  0.117319744411092E+001 
     12.68000000 -0.849590653870710E+003  0.117319888476089E+001 
     12.70000000 -0.849590652434823E+003  0.117320032064704E+001 
     12.72000000 -0.849590651058004E+003  0.117320169746609E+001 
     12.74000000 -0.849590649790259E+003  0.117320296521096E+001 
     12.76000000 -0.849590648673274E+003  0.117320408219648E+001 
     12.78000000 -0.849590647736323E+003  0.117320501914755E+001 
     12.80000000 -0.849590646992815E+003  0.117320576265575E+001 
     12.82000000 -0.849590646438368E+003  0.117320631710254E+001 
     12.84000000 -0.849590646051320E+003  0.117320670415061E+001 
     12.86000000 -0.849590645796045E+003  0.117320695942585E+001 
     12.88000000 -0.849590645628695E+003  0.117320712677596E+001 
     12.90000000 -0.849590645504122E+003  0.117320725134886E+001 
     12.92000000 -0.849590645382372E+003  0.117320737309849E+001 
     12.94000000 -0.849590645233246E+003  0.117320752222473E+001 
     12.96000000 -0.849590645038118E+003  0.117320771735244E+001 
     12.98000000 -0.849590644789080E+003  0.117320796639036E+001 
     13.00000000 -0.849590644486309E+003  0.117320826916196E+001 
     13.02000000 -0.849590644134751E+003  0.117320862071926E+001 
     13.04000000 -0.849590643741098E+003  0.117320901437211E+001 
     13.06000000 -0.849590643311715E+003  0.117320944375518E+001 
     13.08000000 -0.849590642851769E+003  0.117320990370134E+001 
     13.10000000 -0.849590642365441E+003  0.117321039002962E+001 
     13.12000000 -0.849590641856899E+003  0.117321089857171E+001 
     13.14000000 -0.849590641331562E+003  0.117321142390872E+001 
     13.16000000 -0.849590640797144E+003  0.117321195832654E+001 
     13.18000000 -0.849590640264068E+003  0.117321249140233E+001 
     13.20000000 -0.849590639745041E+003  0.117321301042932E+001 
     13.22000000 -0.849590639253794E+003  0.117321350167619E+001 
     13.24000000 -0.849590638803219E+003  0.117321395225133E+001 
     13.26000000 -0.849590638403197E+003  0.117321435227385E+001 
     13.28000000 -0.849590638058395E+003  0.117321469707584E+001 
     13.30000000 -0.849590637766151E+003  0.117321498931942E+001 
     13.32000000 -0.849590637514603E+003  0.117321524086759E+001 
     13.34000000 -0.849590637281380E+003  0.117321547409037E+001 
     13.36000000 -0.849590637033395E+003  0.117321572207590E+001 
     13.38000000 -0.849590636728402E+003  0.117321602706878E+001 
     13.40000000 -0.849590636318805E+003  0.117321643666593E+001 
     13.42000000 -0.849590635757729E+003  0.117321699774148E+001 
     13.44000000 -0.849590635006666E+003  0.117321774880448E+001 
     13.46000000 -0.849590634043215E+003  0.117321871225523E+001 
     13.48000000 -0.849590632867041E+003  0.117321988842975E+001 
     13.50000000 -0.849590631502392E+003  0.117322125307809E+001 
     13.52000000 -0.849590629996290E+003  0.117322275918070E+001 
     13.54000000 -0.849590628412554E+003  0.117322434291698E+001 
     13.56000000 -0.849590626822937E+003  0.117322593253397E+001 
     13.58000000 -0.849590625297222E+003  0.117322745824859E+001 
     13.60000000 -0.849590623894236E+003  0.117322886123446E+001 
     13.62000000 -0.849590622655302E+003  0.117323010016895E+001 
     13.64000000 -0.849590621601007E+003  0.117323115446353E+001 
     13.66000000 -0.849590620731379E+003  0.117323202409161E+001 
     13.68000000 -0.849590620028779E+003  0.117323272669132E+001 
     13.70000000 -0.849590619462370E+003  0.117323329310040E+001 
     13.72000000 -0.849590618992896E+003  0.117323376257400E+001 
     13.74000000 -0.849590618576784E+003  0.117323417868631E+001 
     13.76000000 -0.849590618169015E+003  0.117323458645582E+001 
     13.78000000 -0.849590617724737E+003  0.117323503073360E+001 
     13.80000000 -0.849590617200086E+003  0.117323555538461E+001 
     13.82000000 -0.849590616553062E+003  0.117323620240842E+001 
     13.84000000 -0.849590615745481E+003  0.117323700998942E+001 
     13.86000000 -0.849590614746622E+003  0.117323800884827E+001 
     13.88000000 -0.849590613538504E+003  0.117323921696648E+001 
     13.90000000 -0.849590612121660E+003  0.117324063381071E+001 
     13.92000000 -0.849590610519541E+003  0.117324223592980E+001 
     13.94000000 -0.849590608779633E+003  0.117324397583717E+001 
     13.96000000 -0.849590606970064E+003  0.117324578540626E+001 
     13.98000000 -0.849590605171679E+003  0.117324758379131E+001 
     14.00000000 -0.849590603466795E+003  0.117324928867524E+001 
     14.02000000 -0.849590601926865E+003  0.117325082860561E+001 
     14.04000000 -0.849590600601629E+003  0.117325215384179E+001 
     14.06000000 -0.849590599512078E+003  0.117325324339270E+001 
     14.08000000 -0.849590598648748E+003  0.117325410672226E+001 
     14.10000000 -0.849590597975712E+003  0.117325477975879E+001 
     14.12000000 -0.849590597439371E+003  0.117325531609947E+001 
     14.14000000 -0.849590596980043E+003  0.117325577542797E+001 
     14.16000000 -0.849590596543618E+003  0.117325621185290E+001 
     14.18000000 -0.849590596090596E+003  0.117325666487438E+001 
     14.20000000 -0.849590595600650E+003  0.117325715482049E+001 
     14.22000000 -0.849590595072388E+003  0.117325768308229E+001 
     14.24000000 -0.849590594519345E+003  0.117325823612538E+001 
     14.26000000 -0.849590593963931E+003  0.117325879153969E+001 
     14.28000000 -0.849590593431083E+003  0.117325932438713E+001 
     14.30000000 -0.849590592942942E+003  0.117325981252892E+001 
     14.32000000 -0.849590592515204E+003  0.117326024026670E+001 
     14.34000000 -0.849590592155255E+003  0.117326060021581E+001 
     14.36000000 -0.849590591861754E+003  0.117326089371693E+001 
     14.38000000 -0.849590591625283E+003  0.117326113018777E+001 
     14.40000000 -0.849590591429797E+003  0.117326132567308E+001 
     14.42000000 -0.849590591254800E+003  0.117326150067099E+001 
     14.44000000 -0.849590591078241E+003  0.117326167722971E+001 
     14.46000000 -0.849590590880086E+003  0.117326187538497E+001 
     14.48000000 -0.849590590646193E+003  0.117326210927732E+001 
     14.50000000 -0.849590590371787E+003  0.117326238368334E+001 
     14.52000000 -0.849590590063551E+003  0.117326269191955E+001 
     14.54000000 -0.849590589739376E+003  0.117326301609483E+001 
     14.56000000 -0.849590589425175E+003  0.117326333029565E+001 
     14.58000000 -0.849590589148923E+003  0.117326360654718E+001 
     14.60000000 -0.849590588933075E+003  0.117326382239528E+001 
     14.62000000 -0.849590588787261E+003  0.117326396820965E+001 
     14.64000000 -0.849590588703331E+003  0.117326405213953E+001 
     14.66000000 -0.849590588654233E+003  0.117326410123701E+001 
     14.68000000 -0.849590588597107E+003  0.117326415836386E+001 
     14.70000000 -0.849590588479805E+003  0.117326427566512E+001 
     14.72000000 -0.849590588249263E+003  0.117326450620770E+001 
     14.74000000 -0.849590587860033E+003  0.117326489543761E+001 
     14.76000000 -0.849590587281625E+003  0.117326547384570E+001 
     14.78000000 -0.849590586503797E+003  0.117326625167345E+001 
     14.80000000 -0.849590585539184E+003  0.117326721628642E+001 
     14.82000000 -0.849590584422653E+003  0.117326833281766E+001 
     14.84000000 -0.849590583206900E+003  0.117326954857034E+001 
     14.86000000 -0.849590581954380E+003  0.117327080109065E+001 
     14.88000000 -0.849590580726746E+003  0.117327202872469E+001 
     14.90000000 -0.849590579574310E+003  0.117327318116066E+001 
     14.92000000 -0.849590578528583E+003  0.117327422688748E+001 
     14.94000000 -0.849590577600269E+003  0.117327515520148E+001 
     14.96000000 -0.849590576783239E+003  0.117327597223152E+001 
     14.98000000 -0.849590576062751E+003  0.117327669271955E+001 
     15.00000000 -0.849590575424444E+003  0.117327733102623E+001 
     15.02000000 -0.849590574860183E+003  0.117327789528750E+001 
     15.04000000 -0.849590574367983E+003  0.117327838748719E+001 
     15.06000000 -0.849590573945620E+003  0.117327880985065E+001 
     15.08000000 -0.849590573580129E+003  0.117327917534200E+001 
     15.10000000 -0.849590573237418E+003  0.117327951805244E+001 
     15.12000000 -0.849590572856708E+003  0.117327989876264E+001 
     15.14000000 -0.849590572353426E+003  0.117328040204439E+001 
     15.16000000 -0.849590571631549E+003  0.117328112392133E+001 
     15.18000000 -0.849590570603094E+003  0.117328215237691E+001 
     15.20000000 -0.849590569209721E+003  0.117328354574959E+001 
     15.22000000 -0.849590567440253E+003  0.117328531521743E+001 
     15.24000000 -0.849590565338872E+003  0.117328741659827E+001 
     15.26000000 -0.849590563001503E+003  0.117328975396745E+001 
     15.28000000 -0.849590560561325E+003  0.117329219414574E+001 
     15.30000000 -0.849590558167329E+003  0.117329458814110E+001 
     15.32000000 -0.849590555961145E+003  0.117329679432582E+001 
     15.34000000 -0.849590554057021E+003  0.117329869844979E+001 
     15.36000000 -0.849590552528073E+003  0.117330022739758E+001 
     15.38000000 -0.849590551399950E+003  0.117330135552065E+001 
     15.40000000 -0.849590550651724E+003  0.117330210374694E+001 
     15.42000000 -0.849590550223031E+003  0.117330253243986E+001 
     15.44000000 -0.849590550025915E+003  0.117330272955519E+001 
     15.46000000 -0.849590549959398E+003  0.117330279607230E+001 
     15.48000000 -0.849590549924431E+003  0.117330283103948E+001 
     15.50000000 -0.849590549836869E+003  0.117330291860181E+001 
     15.52000000 -0.849590549636591E+003  0.117330311887926E+001 
     15.54000000 -0.849590549291797E+003  0.117330346367361E+001 
     15.56000000 -0.849590548798543E+003  0.117330395692754E+001 
     15.58000000 -0.849590548176396E+003  0.117330457907435E+001 
     15.60000000 -0.849590547461441E+003  0.117330529402980E+001 
     15.62000000 -0.849590546697994E+003  0.117330605747678E+001 
     15.64000000 -0.849590545930319E+003  0.117330682515122E+001 
     15.66000000 -0.849590545195605E+003  0.117330755986516E+001 
     15.68000000 -0.849590544519381E+003  0.117330823608981E+001 
     15.70000000 -0.849590543914160E+003  0.117330884131012E+001 
     15.72000000 -0.849590543381398E+003  0.117330937407298E+001 
     15.74000000 -0.849590542915852E+003  0.117330983961851E+001 
     15.76000000 -0.849590542510729E+003  0.117331024474166E+001 
     15.78000000 -0.849590542161728E+003  0.117331059374202E+001 
     15.80000000 -0.849590541868570E+003  0.117331088690024E+001 
     15.82000000 -0.849590541633627E+003  0.117331112184392E+001 
     15.84000000 -0.849590541458363E+003  0.117331129710701E+001 
     15.86000000 -0.849590541339035E+003  0.117331141643534E+001 
     15.88000000 -0.849590541263206E+003  0.117331149226488E+001 
     15.90000000 -0.849590541208313E+003  0.117331154715721E+001 
     15.92000000 -0.849590541142873E+003  0.117331161259756E+001 
     15.94000000 -0.849590541030207E+003  0.117331172526377E+001 
     15.96000000 -0.849590540833863E+003  0.117331192160736E+001 
     15.98000000 -0.849590540523384E+003  0.117331223208670E+001 
     16.00000000 -0.849590540078947E+003  0.117331267652351E+001 
     16.02000000 -0.849590539493814E+003  0.117331326165635E+001 
     16.04000000 -0.849590538774292E+003  0.117331398117812E+001 
     16.06000000 -0.849590537937660E+003  0.117331481781041E+001 
     16.08000000 -0.849590537008996E+003  0.117331574647495E+001 
     16.10000000 -0.849590536017951E+003  0.117331673751991E+001 
     16.12000000 -0.849590534996207E+003  0.117331775926301E+001 
     16.14000000 -0.849590533975680E+003  0.117331877979053E+001 
     16.16000000 -0.849590532987202E+003  0.117331976826850E+001 
     16.18000000 -0.849590532059246E+003  0.117332069622432E+001 
     16.20000000 -0.849590531216361E+003  0.117332153910902E+001 
     16.22000000 -0.849590530477267E+003  0.117332227820326E+001 
     16.24000000 -0.849590529852882E+003  0.117332290258828E+001 
     16.26000000 -0.849590529344772E+003  0.117332341069813E+001 
     16.28000000 -0.849590528944601E+003  0.117332381086925E+001 
     16.30000000 -0.849590528634968E+003  0.117332412050279E+001 
     16.32000000 -0.849590528391636E+003  0.117332436383499E+001 
     16.34000000 -0.849590528186679E+003  0.117332456879138E+001 
     16.36000000 -0.849590527991701E+003  0.117332476376906E+001 
     16.38000000 -0.849590527780169E+003  0.117332497530181E+001 
     16.40000000 -0.849590527528094E+003  0.117332522737685E+001 
     16.42000000 -0.849590527212848E+003  0.117332554262243E+001 
     16.44000000 -0.849590526810588E+003  0.117332594488199E+001 
     16.46000000 -0.849590526293579E+003  0.117332646189188E+001 
     16.48000000 -0.849590525629002E+003  0.117332712646892E+001 
     16.50000000 -0.849590524780749E+003  0.117332797472185E+001 
     16.52000000 -0.849590523714821E+003  0.117332904064943E+001 
     16.54000000 -0.849590522407704E+003  0.117333034776596E+001 
     16.56000000 -0.849590520855651E+003  0.117333189981938E+001 
     16.58000000 -0.849590519082052E+003  0.117333367341889E+001 
     16.60000000 -0.849590517140306E+003  0.117333561516432E+001 
     16.62000000 -0.849590515110600E+003  0.117333764487096E+001 
     16.64000000 -0.849590513090660E+003  0.117333966481001E+001 
     16.66000000 -0.849590511182271E+003  0.117334157319934E+001 
     16.68000000 -0.849590509476448E+003  0.117334327902227E+001 
     16.70000000 -0.849590508040401E+003  0.117334471506948E+001 
     16.72000000 -0.849590506908777E+003  0.117334584669312E+001 
     16.74000000 -0.849590506080448E+003  0.117334667502254E+001 
     16.76000000 -0.849590505520781E+003  0.117334723468994E+001 
     16.78000000 -0.849590505168366E+003  0.117334758710474E+001 
     16.80000000 -0.849590504944655E+003  0.117334781081594E+001 
     16.82000000 -0.849590504764869E+003  0.117334799060116E+001 
     16.84000000 -0.849590504548730E+003  0.117334820674015E+001 
     16.86000000 -0.849590504229876E+003  0.117334852559429E+001 
     16.88000000 -0.849590503763090E+003  0.117334899238044E+001 
     16.90000000 -0.849590503128630E+003  0.117334962684007E+001 
     16.92000000 -0.849590502333103E+003  0.117335042236782E+001 
     16.94000000 -0.849590501406765E+003  0.117335134870561E+001 
     16.96000000 -0.849590500397672E+003  0.117335235779840E+001 
     16.98000000 -0.849590499363641E+003  0.117335339182937E+001 
     17.00000000 -0.849590498363505E+003  0.117335439196539E+001 
     17.02000000 -0.849590497449182E+003  0.117335530628821E+001 
     17.04000000 -0.849590496659629E+003  0.117335609584187E+001 
     17.06000000 -0.849590496017218E+003  0.117335673825200E+001 
     17.08000000 -0.849590495526651E+003  0.117335722881953E+001 
     17.10000000 -0.849590495176099E+003  0.117335757937123E+001 
     17.12000000 -0.849590494940225E+003  0.117335781524550E+001 
     17.14000000 -0.849590494784569E+003  0.117335797090150E+001 
     17.16000000 -0.849590494670685E+003  0.117335808478590E+001 
     17.18000000 -0.849590494561324E+003  0.117335819414634E+001 
     17.20000000 -0.849590494425055E+003  0.117335833041548E+001 
     17.22000000 -0.849590494239783E+003  0.117335851568792E+001 
     17.24000000 -0.849590493994884E+003  0.117335876058616E+001 
     17.26000000 -0.849590493691790E+003  0.117335906368084E+001 
     17.28000000 -0.849590493342941E+003  0.117335941252933E+001 
     17.30000000 -0.849590492969260E+003  0.117335978620995E+001 
     17.32000000 -0.849590492596404E+003  0.117336015906595E+001 
     17.34000000 -0.849590492250322E+003  0.117336050514839E+001 
     17.36000000 -0.849590491952860E+003  0.117336080261045E+001 
     17.38000000 -0.849590491718266E+003  0.117336103720494E+001 
     17.40000000 -0.849590491551143E+003  0.117336120432718E+001 
     17.42000000 -0.849590491446089E+003  0.117336130938107E+001 
     17.44000000 -0.849590491388900E+003  0.117336136657008E+001 
     17.46000000 -0.849590491358913E+003  0.117336139655738E+001 
     17.48000000 -0.849590491331850E+003  0.117336142362056E+001 
     17.50000000 -0.849590491282643E+003  0.117336147282757E+001 
     17.52000000 -0.849590491187962E+003  0.117336156750802E+001 
     17.54000000 -0.849590491028497E+003  0.117336172697318E+001 
     17.56000000 -0.849590490791268E+003  0.117336196420253E+001 
     17.58000000 -0.849590490472148E+003  0.117336228332291E+001 
     17.60000000 -0.849590490078397E+003  0.117336267707311E+001 
     17.62000000 -0.849590489630329E+003  0.117336312514119E+001 
     17.64000000 -0.849590489160726E+003  0.117336359474453E+001 
     17.66000000 -0.849590488710711E+003  0.117336404475934E+001 
     17.68000000 -0.849590488321848E+003  0.117336443362256E+001 
     17.70000000 -0.849590488025957E+003  0.117336472951385E+001 
     17.72000000 -0.849590487835740E+003  0.117336491973052E+001 
     17.74000000 -0.849590487739863E+003  0.117336501560721E+001 
     17.76000000 -0.849590487705147E+003  0.117336505032333E+001 
     17.78000000 -0.849590487685641E+003  0.117336506982948E+001 
     17.80000000 -0.849590487635297E+003  0.117336512017309E+001 
     17.82000000 -0.849590487519162E+003  0.117336523630894E+001 
     17.84000000 -0.849590487318395E+003  0.117336543707566E+001 
     17.86000000 -0.849590487027030E+003  0.117336572844009E+001 
     17.88000000 -0.849590486642025E+003  0.117336611344591E+001 
     17.90000000 -0.849590486151233E+003  0.117336660423744E+001 
     17.92000000 -0.849590485525097E+003  0.117336723037352E+001 
     17.94000000 -0.849590484716510E+003  0.117336803896089E+001 
     17.96000000 -0.849590483670228E+003  0.117336908524301E+001 
     17.98000000 -0.849590482339517E+003  0.117337041595318E+001 
     18.00000000 -0.849590480704938E+003  0.117337205053278E+001 
