# Real time calculation: 
# Eall: Total energy
# Eall0: Initial energy
# 1:Time[fs] 2:Eall[eV] 3:Eall-Eall0[eV] 
      0.00000000 -0.850763852755470E+003  0.000000000000000E+000 
      0.02000000 -0.850763852755518E+003 -0.473703873442588E-010 
      0.04000000 -0.850763852755564E+003 -0.939673806094277E-010 
      0.06000000 -0.850763852755611E+003 -0.140371025354824E-009 
      0.08000000 -0.850763852755657E+003 -0.186968018619993E-009 
      0.10000000 -0.850763852755703E+003 -0.232888292065958E-009 
      0.12000000 -0.850763852755750E+003 -0.279195262551468E-009 
      0.14000000 -0.850763852755796E+003 -0.325405558777092E-009 
      0.16000000 -0.850763852755841E+003 -0.370649112403854E-009 
      0.18000000 -0.850763852755885E+003 -0.414539226392208E-009 
      0.20000000 -0.850763852755928E+003 -0.457849294821244E-009 
      0.22000000 -0.850763852755970E+003 -0.499612575092101E-009 
      0.24000000 -0.850763852756009E+003 -0.538282279046598E-009 
      0.26000000 -0.850763852756044E+003 -0.573858406684735E-009 
      0.28000000 -0.850763852756076E+003 -0.605954260966968E-009 
      0.30000000 -0.850763852756104E+003 -0.633216402254888E-009 
      0.32000000 -0.850763852756125E+003 -0.654581413689748E-009 
      0.34000000 -0.850763852756140E+003 -0.669372575452343E-009 
      0.36000000 -0.850763852756147E+003 -0.676719819203697E-009 
      0.38000000 -0.850763852756146E+003 -0.675946425124607E-009 
      0.40000000 -0.850763852756137E+003 -0.666278999135983E-009 
      0.42000000 -0.850763852756117E+003 -0.646557450119189E-009 
      0.44000000 -0.850763852756088E+003 -0.617941869192862E-009 
      0.46000000 -0.850763852756049E+003 -0.578885468198820E-009 
      0.48000000 -0.850763852756001E+003 -0.530354989735926E-009 
      0.50000000 -0.850763852755943E+003 -0.472737130843726E-009 
      0.52000000 -0.850763852755878E+003 -0.407772028200171E-009 
      0.54000000 -0.850763852755806E+003 -0.335266333285489E-009 
      0.56000000 -0.850763852755728E+003 -0.257540228336950E-009 
      0.58000000 -0.850763852755647E+003 -0.176333850032506E-009 
      0.60000000 -0.850763852755565E+003 -0.940640548693139E-010 
      0.62000000 -0.850763852755482E+003 -0.114075626665766E-010 
      0.64000000 -0.850763852755404E+003  0.667052393215073E-010 
      0.66000000 -0.850763852755331E+003  0.139984328315279E-009 
      0.68000000 -0.850763852755266E+003  0.204949430958834E-009 
      0.70000000 -0.850763852755211E+003  0.259860410574220E-009 
      0.72000000 -0.850763852755169E+003  0.301817039364849E-009 
      0.74000000 -0.850763852755141E+003  0.329272529172542E-009 
      0.76000000 -0.850763852755129E+003  0.341066788878663E-009 
      0.78000000 -0.850763852755134E+003  0.336813121443669E-009 
      0.80000000 -0.850763852755155E+003  0.315158087229150E-009 
      0.82000000 -0.850763852755192E+003  0.278325194212492E-009 
      0.84000000 -0.850763852755245E+003  0.225057677015172E-009 
      0.86000000 -0.850763852755310E+003  0.160092574371617E-009 
      0.88000000 -0.850763852755385E+003  0.856533942592108E-010 
      0.90000000 -0.850763852755465E+003  0.522041003385709E-011 
      0.92000000 -0.850763852755546E+003 -0.752125741914966E-010 
      0.94000000 -0.850763852755621E+003 -0.150811845422538E-009 
      0.96000000 -0.850763852755684E+003 -0.213650114348596E-009 
      0.98000000 -0.850763852755728E+003 -0.257443554077064E-009 
      1.00000000 -0.850763852755743E+003 -0.272814761398976E-009 
      1.02000000 -0.850763852755721E+003 -0.250579681625140E-009 
      1.04000000 -0.850763852755653E+003 -0.182134305625681E-009 
      1.06000000 -0.850763852755528E+003 -0.574245103724280E-010 
      1.08000000 -0.850763852755337E+003  0.133990524202332E-009 
      1.10000000 -0.850763852755069E+003  0.401391527047679E-009 
      1.12000000 -0.850763852754716E+003  0.754735946931895E-009 
      1.14000000 -0.850763852754268E+003  0.120282114150463E-008 
      1.16000000 -0.850763852753716E+003  0.175473449119519E-008 
      1.18000000 -0.850763852753052E+003  0.241840328531424E-008 
      1.20000000 -0.850763852752272E+003  0.319866123685610E-008 
      1.22000000 -0.850763852751368E+003  0.410285558957213E-008 
      1.24000000 -0.850763852750338E+003  0.513282315440016E-008 
      1.26000000 -0.850763852749180E+003  0.629040074227802E-008 
      1.28000000 -0.850763852747894E+003  0.757665177006448E-008 
      1.30000000 -0.850763852746481E+003  0.898915938126237E-008 
      1.32000000 -0.850763852744948E+003  0.105221231202785E-007 
      1.34000000 -0.850763852743300E+003  0.121709026226384E-007 
      1.36000000 -0.850763852741546E+003  0.139247670454946E-007 
      1.38000000 -0.850763852739697E+003  0.157731788945195E-007 
      1.40000000 -0.850763852737768E+003  0.177021204020297E-007 
      1.42000000 -0.850763852735774E+003  0.196961236864434E-007 
      1.44000000 -0.850763852733733E+003  0.217370139869018E-007 
      1.46000000 -0.850763852731666E+003  0.238044897088290E-007 
      1.48000000 -0.850763852729593E+003  0.258775725378296E-007 
      1.50000000 -0.850763852727538E+003  0.279326739544913E-007 
      1.52000000 -0.850763852725525E+003  0.299458187423625E-007 
      1.54000000 -0.850763852723578E+003  0.318924516394318E-007 
      1.56000000 -0.850763852721723E+003  0.337470506410895E-007 
      1.58000000 -0.850763852719985E+003  0.354849638110645E-007 
      1.60000000 -0.850763852718389E+003  0.370811525160462E-007 
      1.62000000 -0.850763852716957E+003  0.385137683733005E-007 
      1.64000000 -0.850763852715711E+003  0.397590295148952E-007 
      1.66000000 -0.850763852714672E+003  0.407986645057118E-007 
      1.68000000 -0.850763852713855E+003  0.416149819561912E-007 
      1.70000000 -0.850763852713277E+003  0.421937707501302E-007 
      1.72000000 -0.850763852712946E+003  0.425245900674609E-007 
      1.74000000 -0.850763852712872E+003  0.425989325733134E-007 
      1.76000000 -0.850763852713055E+003  0.424150581310098E-007 
      1.78000000 -0.850763852713497E+003  0.419736434603692E-007 
      1.80000000 -0.850763852714191E+003  0.412800056456854E-007 
      1.82000000 -0.850763852715126E+003  0.403446821812860E-007 
      1.84000000 -0.850763852716287E+003  0.391839143428319E-007 
      1.86000000 -0.850763852717655E+003  0.378155868684020E-007 
      1.88000000 -0.850763852719205E+003  0.362654151111261E-007 
      1.90000000 -0.850763852720909E+003  0.345617246291509E-007 
      1.92000000 -0.850763852722734E+003  0.327364179282387E-007 
      1.94000000 -0.850763852724643E+003  0.308272946440052E-007 
      1.96000000 -0.850763852726597E+003  0.288735078517043E-007 
      1.98000000 -0.850763852728552E+003  0.269183676197649E-007 
      2.00000000 -0.850763852730464E+003  0.250063441077348E-007 
      2.02000000 -0.850763852732286E+003  0.231843243316588E-007 
      2.04000000 -0.850763852733970E+003  0.215003553987003E-007 
      2.06000000 -0.850763852735468E+003  0.200027744388025E-007 
      2.08000000 -0.850763852736730E+003  0.187401119304283E-007 
      2.10000000 -0.850763852737712E+003  0.177587715183231E-007 
      2.12000000 -0.850763852738366E+003  0.171042867788932E-007 
      2.14000000 -0.850763852738651E+003  0.168191943864887E-007 
      2.16000000 -0.850763852738527E+003  0.169433241361826E-007 
      2.18000000 -0.850763852737956E+003  0.175144756635905E-007 
      2.20000000 -0.850763852736907E+003  0.185631980348365E-007 
      2.22000000 -0.850763852735353E+003  0.201175267852875E-007 
      2.24000000 -0.850763852733272E+003  0.221980535322993E-007 
      2.26000000 -0.850763852730649E+003  0.248213095743125E-007 
      2.28000000 -0.850763852727473E+003  0.279970590115756E-007 
      2.30000000 -0.850763852723742E+003  0.317282987461450E-007 
      2.32000000 -0.850763852719457E+003  0.360130952928230E-007 
      2.34000000 -0.850763852714631E+003  0.408398477404234E-007 
      2.36000000 -0.850763852709277E+003  0.461938616014432E-007 
      2.38000000 -0.850763852703421E+003  0.520496148712727E-007 
      2.40000000 -0.850763852697091E+003  0.583797487343640E-007 
      2.42000000 -0.850763852690324E+003  0.651459801838021E-007 
      2.44000000 -0.850763852683164E+003  0.723067392878359E-007 
      2.46000000 -0.850763852675657E+003  0.798138822650422E-007 
      2.48000000 -0.850763852667858E+003  0.876125948100654E-007 
      2.50000000 -0.850763852659824E+003  0.956462258066122E-007 
      2.52000000 -0.850763852651620E+003  0.103850390197598E-006 
      2.54000000 -0.850763852643312E+003  0.112158962789261E-006 
      2.56000000 -0.850763852634969E+003  0.120501854743184E-006 
      2.58000000 -0.850763852626665E+003  0.128805883644633E-006 
      2.60000000 -0.850763852618473E+003  0.136997673730353E-006 
      2.62000000 -0.850763852610469E+003  0.145001335706336E-006 
      2.64000000 -0.850763852602730E+003  0.152740400233009E-006 
      2.66000000 -0.850763852595330E+003  0.160140041433222E-006 
      2.68000000 -0.850763852588344E+003  0.167126400172421E-006 
      2.70000000 -0.850763852581843E+003  0.173627357452731E-006 
      2.72000000 -0.850763852575896E+003  0.179574467898153E-006 
      2.74000000 -0.850763852570569E+003  0.184901606314924E-006 
      2.76000000 -0.850763852565921E+003  0.189549318033215E-006 
      2.78000000 -0.850763852562008E+003  0.193462305376371E-006 
      2.80000000 -0.850763852558880E+003  0.196590201054990E-006 
      2.82000000 -0.850763852556577E+003  0.198893851993820E-006 
      2.84000000 -0.850763852555133E+003  0.200337102019661E-006 
      2.86000000 -0.850763852554576E+003  0.200894622476425E-006 
      2.88000000 -0.850763852554921E+003  0.200549205345852E-006 
      2.90000000 -0.850763852556177E+003  0.199293020012890E-006 
      2.92000000 -0.850763852558342E+003  0.197128193311257E-006 
      2.94000000 -0.850763852561404E+003  0.194066809523440E-006 
      2.96000000 -0.850763852565339E+003  0.190131973797550E-006 
      2.98000000 -0.850763852570115E+003  0.185355878662130E-006 
      3.00000000 -0.850763852575688E+003  0.179782510905428E-006 
      3.02000000 -0.850763852582005E+003  0.173465911438721E-006 
      3.04000000 -0.850763852589000E+003  0.166470368644833E-006 
      3.06000000 -0.850763852596600E+003  0.158870708400915E-006 
      3.08000000 -0.850763852604721E+003  0.150749200502132E-006 
      3.10000000 -0.850763852613272E+003  0.142198942260753E-006 
      3.12000000 -0.850763852622149E+003  0.133321731672439E-006 
      3.14000000 -0.850763852631247E+003  0.124223523726025E-006 
      3.16000000 -0.850763852640451E+003  0.115019747487815E-006 
      3.18000000 -0.850763852649640E+003  0.105830665737108E-006 
      3.20000000 -0.850763852658692E+003  0.967780880413603E-007 
      3.22000000 -0.850763852667481E+003  0.879898177721415E-007 
      3.24000000 -0.850763852675877E+003  0.795936583010214E-007 
      3.26000000 -0.850763852683754E+003  0.717168329540101E-007 
      3.28000000 -0.850763852690983E+003  0.644878218224965E-007 
      3.30000000 -0.850763852697442E+003  0.580289178452368E-007 
      3.32000000 -0.850763852703010E+003  0.524606738243090E-007 
      3.34000000 -0.850763852707574E+003  0.478968753635993E-007 
      3.36000000 -0.850763852711025E+003  0.444456042856604E-007 
      3.38000000 -0.850763852713266E+003  0.422041148959380E-007 
      3.40000000 -0.850763852714210E+003  0.412605741194483E-007 
      3.42000000 -0.850763852713777E+003  0.416930947581793E-007 
      3.44000000 -0.850763852711906E+003  0.435649017780968E-007 
      3.46000000 -0.850763852708542E+003  0.469281992795391E-007 
      3.48000000 -0.850763852703651E+003  0.518200135040429E-007 
      3.50000000 -0.850763852697210E+003  0.582603560234045E-007 
      3.52000000 -0.850763852689216E+003  0.662545439219176E-007 
      3.54000000 -0.850763852679680E+003  0.757906862656164E-007 
      3.56000000 -0.850763852668630E+003  0.868404574963540E-007 
      3.58000000 -0.850763852656114E+003  0.993563905525264E-007 
      3.60000000 -0.850763852642196E+003  0.113274390399829E-006 
      3.62000000 -0.850763852626955E+003  0.128515087470895E-006 
      3.64000000 -0.850763852610492E+003  0.144978713929522E-006 
      3.66000000 -0.850763852592917E+003  0.162553417657022E-006 
      3.68000000 -0.850763852574361E+003  0.181109558470887E-006 
      3.70000000 -0.850763852554966E+003  0.200504928534824E-006 
      3.72000000 -0.850763852534889E+003  0.220581562108180E-006 
      3.74000000 -0.850763852514297E+003  0.241173469486729E-006 
      3.76000000 -0.850763852493367E+003  0.262103446752100E-006 
      3.78000000 -0.850763852472285E+003  0.283185492628273E-006 
      3.80000000 -0.850763852451242E+003  0.304228385429191E-006 
      3.82000000 -0.850763852430435E+003  0.325035973081547E-006 
      3.84000000 -0.850763852410058E+003  0.345412296860550E-006 
      3.86000000 -0.850763852390312E+003  0.365158981184914E-006 
      3.88000000 -0.850763852371388E+003  0.384082484186346E-006 
      3.90000000 -0.850763852353479E+003  0.401991874201572E-006 
      3.92000000 -0.850763852336765E+003  0.418705210273486E-006 
      3.94000000 -0.850763852321423E+003  0.434047705340212E-006 
      3.96000000 -0.850763852307613E+003  0.447858010062001E-006 
      3.98000000 -0.850763852295483E+003  0.459987342752888E-006 
      4.00000000 -0.850763852285169E+003  0.470301616214412E-006 
      4.02000000 -0.850763852276787E+003  0.478683757917848E-006 
      4.04000000 -0.850763852270434E+003  0.485036416883493E-006 
      4.06000000 -0.850763852266187E+003  0.489283123771776E-006 
      4.08000000 -0.850763852264106E+003  0.491364327238607E-006 
      4.10000000 -0.850763852264221E+003  0.491249284869342E-006 
      4.12000000 -0.850763852266546E+003  0.488924268919078E-006 
      4.14000000 -0.850763852271066E+003  0.484404070549577E-006 
      4.16000000 -0.850763852277748E+003  0.477722815774579E-006 
      4.18000000 -0.850763852286528E+003  0.468942666143191E-006 
      4.20000000 -0.850763852297326E+003  0.458144731359457E-006 
      4.22000000 -0.850763852310035E+003  0.445435159760732E-006 
      4.24000000 -0.850763852324530E+003  0.430940787975988E-006 
      4.26000000 -0.850763852340661E+003  0.414809720971369E-006 
      4.28000000 -0.850763852358263E+003  0.397207658428322E-006 
      4.30000000 -0.850763852377153E+003  0.378317894743590E-006 
      4.32000000 -0.850763852397132E+003  0.358338612149939E-006 
      4.34000000 -0.850763852417989E+003  0.337481527276522E-006 
      4.36000000 -0.850763852439501E+003  0.315969184269596E-006 
      4.38000000 -0.850763852461440E+003  0.294030314428052E-006 
      4.40000000 -0.850763852483568E+003  0.271902736431209E-006 
      4.42000000 -0.850763852505645E+003  0.249825429049508E-006 
      4.44000000 -0.850763852527431E+003  0.228039111190064E-006 
      4.46000000 -0.850763852548688E+003  0.206782568274797E-006 
      4.48000000 -0.850763852569181E+003  0.186289752012631E-006 
      4.50000000 -0.850763852588681E+003  0.166789200353938E-006 
      4.52000000 -0.850763852606971E+003  0.148499203777540E-006 
      4.54000000 -0.850763852623845E+003  0.131625291759955E-006 
      4.56000000 -0.850763852639108E+003  0.116362552957635E-006 
      4.58000000 -0.850763852652582E+003  0.102888384637470E-006 
      4.60000000 -0.850763852664107E+003  0.913639427906912E-007 
      4.62000000 -0.850763852673541E+003  0.819292117456131E-007 
      4.64000000 -0.850763852680764E+003  0.747063877667323E-007 
      4.66000000 -0.850763852685677E+003  0.697931118565338E-007 
      4.68000000 -0.850763852688205E+003  0.672657566803277E-007 
      4.70000000 -0.850763852688294E+003  0.671762363156731E-007 
      4.72000000 -0.850763852685917E+003  0.695538430633153E-007 
      4.74000000 -0.850763852681070E+003  0.744004137341923E-007 
      4.76000000 -0.850763852673775E+003  0.816957434079878E-007 
      4.78000000 -0.850763852664076E+003  0.913941051597757E-007 
      4.80000000 -0.850763852652045E+003  0.103425990196698E-006 
      4.82000000 -0.850763852637773E+003  0.117697914509444E-006 
      4.84000000 -0.850763852621374E+003  0.134095995819868E-006 
      4.86000000 -0.850763852602989E+003  0.152481603239293E-006 
      4.88000000 -0.850763852582771E+003  0.172699477906343E-006 
      4.90000000 -0.850763852560898E+003  0.194572415902645E-006 
      4.92000000 -0.850763852537562E+003  0.217908905519364E-006 
      4.94000000 -0.850763852512969E+003  0.242501290446266E-006 
      4.96000000 -0.850763852487343E+003  0.268127219885612E-006 
      4.98000000 -0.850763852460915E+003  0.294555449007754E-006 
      5.00000000 -0.850763852433926E+003  0.321544002140196E-006 
      5.02000000 -0.850763852406625E+003  0.348845006480591E-006 
      5.04000000 -0.850763852379265E+003  0.376205755513595E-006 
      5.06000000 -0.850763852352098E+003  0.403372962678307E-006 
      5.08000000 -0.850763852325380E+003  0.430091021231588E-006 
      5.10000000 -0.850763852299361E+003  0.456109158143292E-006 
      5.12000000 -0.850763852274289E+003  0.481181434096269E-006 
      5.14000000 -0.850763852250402E+003  0.505068870320081E-006 
      5.16000000 -0.850763852227926E+003  0.527544378978253E-006 
      5.18000000 -0.850763852207081E+003  0.548389572917705E-006 
      5.20000000 -0.850763852188067E+003  0.567403756374910E-006 
      5.22000000 -0.850763852171068E+003  0.584402088164968E-006 
      5.24000000 -0.850763852156254E+003  0.599216065052897E-006 
      5.26000000 -0.850763852143770E+003  0.611699998929047E-006 
      5.28000000 -0.850763852133742E+003  0.621728406604086E-006 
      5.30000000 -0.850763852126271E+003  0.629199973453654E-006 
      5.32000000 -0.850763852121434E+003  0.634036586675763E-006 
      5.34000000 -0.850763852119284E+003  0.636186428867113E-006 
      5.36000000 -0.850763852119846E+003  0.635624268045875E-006 
      5.38000000 -0.850763852123120E+003  0.632350200886307E-006 
      5.40000000 -0.850763852129079E+003  0.626391102832659E-006 
      5.42000000 -0.850763852137669E+003  0.617801788190287E-006 
      5.44000000 -0.850763852148807E+003  0.606663076640454E-006 
      5.46000000 -0.850763852162389E+003  0.593081019846256E-006 
      5.48000000 -0.850763852178284E+003  0.577186418081319E-006 
      5.50000000 -0.850763852196336E+003  0.559134433532761E-006 
      5.52000000 -0.850763852216369E+003  0.539101496724874E-006 
      5.54000000 -0.850763852238185E+003  0.517285596541905E-006 
      5.56000000 -0.850763852261569E+003  0.493901446515061E-006 
      5.58000000 -0.850763852286289E+003  0.469181451565110E-006 
      5.60000000 -0.850763852312100E+003  0.443370777615121E-006 
      5.62000000 -0.850763852338746E+003  0.416724838059716E-006 
      5.64000000 -0.850763852365960E+003  0.389510067159140E-006 
      5.66000000 -0.850763852393475E+003  0.361995316030137E-006 
      5.68000000 -0.850763852421016E+003  0.334454752873744E-006 
      5.70000000 -0.850763852448310E+003  0.307160999102841E-006 
      5.72000000 -0.850763852475088E+003  0.280382712485651E-006 
      5.74000000 -0.850763852501087E+003  0.254383620403144E-006 
      5.76000000 -0.850763852526052E+003  0.229418749552901E-006 
      5.78000000 -0.850763852549739E+003  0.205731719069833E-006 
      5.80000000 -0.850763852571922E+003  0.183548070002257E-006 
      5.82000000 -0.850763852592388E+003  0.163082709229899E-006 
      5.84000000 -0.850763852610946E+003  0.144524731605096E-006 
      5.86000000 -0.850763852627423E+003  0.128047184053046E-006 
      5.88000000 -0.850763852641673E+003  0.113797301471554E-006 
      5.90000000 -0.850763852653572E+003  0.101898536890495E-006 
      5.92000000 -0.850763852663021E+003  0.924492080321741E-007 
      5.94000000 -0.850763852669951E+003  0.855192103864887E-007 
      5.96000000 -0.850763852674319E+003  0.811517573476079E-007 
      5.98000000 -0.850763852676109E+003  0.793618334258142E-007 
      6.00000000 -0.850763852675334E+003  0.801361942475030E-007 
      6.02000000 -0.850763852672036E+003  0.834343332977820E-007 
      6.04000000 -0.850763852666283E+003  0.891876118521321E-007 
      6.06000000 -0.850763852658167E+003  0.973031259468025E-007 
      6.08000000 -0.850763852647810E+003  0.107660516128235E-006 
      6.10000000 -0.850763852635354E+003  0.120116221120498E-006 
      6.12000000 -0.850763852620965E+003  0.134505411310486E-006 
      6.14000000 -0.850763852604826E+003  0.150644018907376E-006 
      6.16000000 -0.850763852587141E+003  0.168329414662445E-006 
      6.18000000 -0.850763852568127E+003  0.187343501445391E-006 
      6.20000000 -0.850763852548016E+003  0.207454937752306E-006 
      6.22000000 -0.850763852527047E+003  0.228423874744411E-006 
      6.24000000 -0.850763852505469E+003  0.250001472876761E-006 
      6.26000000 -0.850763852483535E+003  0.271935895702350E-006 
      6.28000000 -0.850763852461497E+003  0.293973179940459E-006 
      6.30000000 -0.850763852439611E+003  0.315859942355925E-006 
      6.32000000 -0.850763852418122E+003  0.337348890191958E-006 
      6.34000000 -0.850763852397273E+003  0.358197854427545E-006 
      6.36000000 -0.850763852377294E+003  0.378175976930077E-006 
      6.38000000 -0.850763852358408E+003  0.397062647038493E-006 
      6.40000000 -0.850763852340816E+003  0.414654365435732E-006 
      6.42000000 -0.850763852324707E+003  0.430763680731876E-006 
      6.44000000 -0.850763852310251E+003  0.445219382812666E-006 
      6.46000000 -0.850763852297596E+003  0.457874623477334E-006 
      6.48000000 -0.850763852286869E+003  0.468601115983013E-006 
      6.50000000 -0.850763852278175E+003  0.477295225523102E-006 
      6.52000000 -0.850763852271595E+003  0.483875165673739E-006 
      6.54000000 -0.850763852267186E+003  0.488284285318631E-006 
      6.56000000 -0.850763852264981E+003  0.490490005232196E-006 
      6.58000000 -0.850763852264986E+003  0.490484591473642E-006 
      6.60000000 -0.850763852267189E+003  0.488281288416575E-006 
      6.62000000 -0.850763852271551E+003  0.483919249136247E-006 
      6.64000000 -0.850763852278012E+003  0.477458895045089E-006 
      6.66000000 -0.850763852286491E+003  0.468979015664908E-006 
      6.68000000 -0.850763852296889E+003  0.458581118968583E-006 
      6.70000000 -0.850763852309088E+003  0.446382374159097E-006 
      6.72000000 -0.850763852322954E+003  0.432516385063614E-006 
      6.74000000 -0.850763852338339E+003  0.417131836693837E-006 
      6.76000000 -0.850763852355081E+003  0.400389014972658E-006 
      6.78000000 -0.850763852373013E+003  0.382457486551919E-006 
      6.80000000 -0.850763852391953E+003  0.363517065555006E-006 
      6.82000000 -0.850763852411720E+003  0.343750756355885E-006 
      6.84000000 -0.850763852432122E+003  0.323348137178193E-006 
      6.86000000 -0.850763852452972E+003  0.302498689571307E-006 
      6.88000000 -0.850763852474079E+003  0.281391508387564E-006 
      6.90000000 -0.850763852495255E+003  0.260215398456522E-006 
      6.92000000 -0.850763852516318E+003  0.239152687432327E-006 
      6.94000000 -0.850763852537089E+003  0.218381739324468E-006 
      6.96000000 -0.850763852557399E+003  0.198071637413487E-006 
      6.98000000 -0.850763852577087E+003  0.178383924387654E-006 
      7.00000000 -0.850763852596003E+003  0.159467478607193E-006 
      7.02000000 -0.850763852614008E+003  0.141462477748940E-006 
      7.04000000 -0.850763852630977E+003  0.124493438259627E-006 
      7.06000000 -0.850763852646797E+003  0.108673952394622E-006 
      7.08000000 -0.850763852661371E+003  0.940992442999125E-007 
      7.10000000 -0.850763852674616E+003  0.808548706954973E-007 
      7.12000000 -0.850763852686464E+003  0.690062800553196E-007 
      7.14000000 -0.850763852696864E+003  0.586063531995373E-007 
      7.16000000 -0.850763852705779E+003  0.496915363241275E-007 
      7.18000000 -0.850763852713189E+003  0.422814543038470E-007 
      7.20000000 -0.850763852719089E+003  0.363820042685489E-007 
      7.22000000 -0.850763852723487E+003  0.319831320952051E-007 
      7.24000000 -0.850763852726410E+003  0.290604758703243E-007 
      7.26000000 -0.850763852727894E+003  0.275762359582908E-007 
      7.28000000 -0.850763852727992E+003  0.274784982815458E-007 
      7.30000000 -0.850763852726767E+003  0.287035545028242E-007 
      7.32000000 -0.850763852724294E+003  0.311765787449742E-007 
      7.34000000 -0.850763852720659E+003  0.348120142879964E-007 
      7.36000000 -0.850763852715955E+003  0.395152170314621E-007 
      7.38000000 -0.850763852710287E+003  0.451832288885925E-007 
      7.40000000 -0.850763852703764E+003  0.517068079457161E-007 
      7.42000000 -0.850763852696501E+003  0.589697517424497E-007 
      7.44000000 -0.850763852688617E+003  0.668539243332123E-007 
      7.46000000 -0.850763852680235E+003  0.752357760138693E-007 
      7.48000000 -0.850763852671478E+003  0.839925304743652E-007 
      7.50000000 -0.850763852662472E+003  0.929985111768477E-007 
      7.52000000 -0.850763852653340E+003  0.102130555114222E-006 
      7.54000000 -0.850763852644202E+003  0.111268012810150E-006 
      7.56000000 -0.850763852635177E+003  0.120293135016090E-006 
      7.58000000 -0.850763852626378E+003  0.129092619499455E-006 
      7.60000000 -0.850763852617912E+003  0.137557997740654E-006 
      7.62000000 -0.850763852609880E+003  0.145590468646082E-006 
      7.64000000 -0.850763852602376E+003  0.153094518046972E-006 
      7.66000000 -0.850763852595483E+003  0.159987489451121E-006 
      7.68000000 -0.850763852589278E+003  0.166192526821920E-006 
      7.70000000 -0.850763852583826E+003  0.171644181685425E-006 
      7.72000000 -0.850763852579185E+003  0.176285899599603E-006 
      7.74000000 -0.850763852575398E+003  0.180072533685087E-006 
      7.76000000 -0.850763852572501E+003  0.182969764579618E-006 
      7.78000000 -0.850763852570518E+003  0.184952746998404E-006 
      7.80000000 -0.850763852569462E+003  0.186009009961921E-006 
      7.82000000 -0.850763852569335E+003  0.186135459893853E-006 
      7.84000000 -0.850763852570132E+003  0.185338283946831E-006 
      7.86000000 -0.850763852571833E+003  0.183637203669872E-006 
      7.88000000 -0.850763852574412E+003  0.181058804484446E-006 
      7.90000000 -0.850763852577832E+003  0.177638275821151E-006 
      7.92000000 -0.850763852582049E+003  0.173421054582134E-006 
      7.94000000 -0.850763852587011E+003  0.168459344867732E-006 
      7.96000000 -0.850763852592660E+003  0.162810764536839E-006 
      7.98000000 -0.850763852598930E+003  0.156540278692098E-006 
      8.00000000 -0.850763852605752E+003  0.149718169520445E-006 
      8.02000000 -0.850763852613053E+003  0.142417426088096E-006 
      8.04000000 -0.850763852620755E+003  0.134715581151479E-006 
      8.06000000 -0.850763852628779E+003  0.126691617580921E-006 
      8.08000000 -0.850763852637045E+003  0.118425001618048E-006 
      8.10000000 -0.850763852645474E+003  0.109996746292646E-006 
      8.12000000 -0.850763852653985E+003  0.101485351103741E-006 
      8.14000000 -0.850763852662501E+003  0.929691222018423E-007 
      8.16000000 -0.850763852670947E+003  0.845233688354005E-007 
      8.18000000 -0.850763852679252E+003  0.762185665398729E-007 
      8.20000000 -0.850763852687347E+003  0.681230640169989E-007 
      8.22000000 -0.850763852695171E+003  0.602996995357048E-007 
      8.24000000 -0.850763852702666E+003  0.528042541439447E-007 
      8.26000000 -0.850763852709781E+003  0.456892219648370E-007 
      8.28000000 -0.850763852716470E+003  0.390004265975678E-007 
      8.30000000 -0.850763852722695E+003  0.327750876321932E-007 
      8.32000000 -0.850763852728425E+003  0.270453975972554E-007 
      8.34000000 -0.850763852733635E+003  0.218360084290254E-007 
      8.36000000 -0.850763852738306E+003  0.171645148428023E-007 
      8.38000000 -0.850763852742428E+003  0.130427110982925E-007 
      8.40000000 -0.850763852745997E+003  0.947378744607210E-008 
      8.42000000 -0.850763852749014E+003  0.645639044650270E-008 
      8.44000000 -0.850763852751490E+003  0.398017595377649E-008 
      8.46000000 -0.850763852753438E+003  0.203267298836813E-008 
      8.48000000 -0.850763852754879E+003  0.591646470503804E-009 
      8.50000000 -0.850763852755837E+003 -0.366008747929314E-009 
      8.52000000 -0.850763852756343E+003 -0.872485195473338E-009 
      8.54000000 -0.850763852756430E+003 -0.959298680851184E-009 
      8.56000000 -0.850763852756135E+003 -0.664538862458031E-009 
      8.58000000 -0.850763852755498E+003 -0.279388611071241E-010 
      8.60000000 -0.850763852754562E+003  0.908738042930679E-009 
      8.62000000 -0.850763852753369E+003  0.210169840992691E-008 
      8.64000000 -0.850763852751965E+003  0.350589203477458E-008 
      8.66000000 -0.850763852750392E+003  0.507858889460397E-008 
      8.68000000 -0.850763852748698E+003  0.677222525355106E-008 
      8.70000000 -0.850763852746926E+003  0.854484448282520E-008 
      8.72000000 -0.850763852745116E+003  0.103547799764154E-007 
      8.74000000 -0.850763852743310E+003  0.121602684540509E-007 
      8.76000000 -0.850763852741546E+003  0.139242836741952E-007 
      8.78000000 -0.850763852739860E+003  0.156102827666112E-007 
      8.80000000 -0.850763852738284E+003  0.171869432710960E-007 
      8.82000000 -0.850763852736845E+003  0.186250695611637E-007 
      8.84000000 -0.850763852735570E+003  0.199003963975830E-007 
      8.86000000 -0.850763852734480E+003  0.209903020035405E-007 
      8.88000000 -0.850763852733592E+003  0.218785451033753E-007 
      8.90000000 -0.850763852732919E+003  0.225513979521835E-007 
      8.92000000 -0.850763852732471E+003  0.229997731695359E-007 
      8.94000000 -0.850763852732253E+003  0.232178702998393E-007 
      8.96000000 -0.850763852732265E+003  0.232050126232744E-007 
      8.98000000 -0.850763852732509E+003  0.229619735339204E-007 
      9.00000000 -0.850763852732975E+003  0.224951335329298E-007 
      9.02000000 -0.850763852733658E+003  0.218126132581329E-007 
      9.04000000 -0.850763852734545E+003  0.209257235979365E-007 
      9.06000000 -0.850763852735621E+003  0.198492557141032E-007 
      9.08000000 -0.850763852736872E+003  0.185982907911752E-007 
      9.10000000 -0.850763852738279E+003  0.171915836355705E-007 
      9.12000000 -0.850763852739823E+003  0.156473090081477E-007 
      9.14000000 -0.850763852741483E+003  0.139870252688613E-007 
      9.16000000 -0.850763852743238E+003  0.122320007548865E-007 
      9.18000000 -0.850763852745069E+003  0.104019570152399E-007 
      9.20000000 -0.850763852746951E+003  0.851970917525478E-008 
      9.22000000 -0.850763852748865E+003  0.660575217802695E-008 
      9.24000000 -0.850763852750790E+003  0.468067764091220E-008 
      9.26000000 -0.850763852752707E+003  0.276314369606858E-008 
      9.28000000 -0.850763852754598E+003  0.872388521213452E-009 
      9.30000000 -0.850763852756446E+003 -0.975636630771959E-009 
      9.32000000 -0.850763852758236E+003 -0.276527052978608E-008 
      9.34000000 -0.850763852759953E+003 -0.448297877944483E-008 
      9.36000000 -0.850763852761588E+003 -0.611716046856188E-008 
      9.38000000 -0.850763852763129E+003 -0.765853486818813E-008 
      9.40000000 -0.850763852764569E+003 -0.909840129493382E-008 
      9.42000000 -0.850763852765902E+003 -0.104317326872849E-007 
      9.44000000 -0.850763852767125E+003 -0.116540820292865E-007 
      9.46000000 -0.850763852768234E+003 -0.127634191614812E-007 
      9.48000000 -0.850763852769230E+003 -0.137590673640496E-007 
      9.50000000 -0.850763852770113E+003 -0.146424767508901E-007 
      9.52000000 -0.850763852770887E+003 -0.154166442240591E-007 
      9.54000000 -0.850763852771556E+003 -0.160854367539521E-007 
      9.56000000 -0.850763852772124E+003 -0.166538814020832E-007 
      9.58000000 -0.850763852772599E+003 -0.171285520181247E-007 
      9.60000000 -0.850763852772987E+003 -0.175162158002685E-007 
      9.62000000 -0.850763852773296E+003 -0.178255734319045E-007 
      9.64000000 -0.850763852773534E+003 -0.180632954369647E-007 
      9.66000000 -0.850763852773709E+003 -0.182387592186583E-007 
      9.68000000 -0.850763852773832E+003 -0.183610521574144E-007 
      9.70000000 -0.850763852773907E+003 -0.184367481029053E-007 
      9.72000000 -0.850763852773948E+003 -0.184771579435377E-007 
      9.74000000 -0.850763852773959E+003 -0.184883721576846E-007 
      9.76000000 -0.850763852773949E+003 -0.184781246861366E-007 
      9.78000000 -0.850763852773925E+003 -0.184545361667244E-007 
      9.80000000 -0.850763852773894E+003 -0.184234070550410E-007 
      9.82000000 -0.850763852773862E+003 -0.183913112007588E-007 
      9.84000000 -0.850763852773834E+003 -0.183630823168720E-007 
      9.86000000 -0.850763852773814E+003 -0.183439408134145E-007 
      9.88000000 -0.850763852773807E+003 -0.183362068726236E-007 
      9.90000000 -0.850763852773815E+003 -0.183444241847139E-007 
      9.92000000 -0.850763852773841E+003 -0.183704295606233E-007 
      9.94000000 -0.850763852773886E+003 -0.184152864172106E-007 
      9.96000000 -0.850763852773951E+003 -0.184808315654134E-007 
      9.98000000 -0.850763852774037E+003 -0.185664849596726E-007 
     10.00000000 -0.850763852774142E+003 -0.186720532514684E-007 
     10.02000000 -0.850763852774267E+003 -0.187965696982019E-007 
     10.04000000 -0.850763852774410E+003 -0.189398409513533E-007 
     10.06000000 -0.850763852774568E+003 -0.190978066920074E-007 
     10.08000000 -0.850763852774741E+003 -0.192702735716445E-007 
     10.10000000 -0.850763852774925E+003 -0.194543413624679E-007 
     10.12000000 -0.850763852775119E+003 -0.196480765792799E-007 
     10.14000000 -0.850763852775318E+003 -0.198479989487247E-007 
     10.16000000 -0.850763852775523E+003 -0.200525616826440E-007 
     10.18000000 -0.850763852775728E+003 -0.202577044621226E-007 
     10.20000000 -0.850763852775933E+003 -0.204627505673413E-007 
     10.22000000 -0.850763852776136E+003 -0.206650897932832E-007 
     10.24000000 -0.850763852776332E+003 -0.208615318893720E-007 
     10.26000000 -0.850763852776521E+003 -0.210508200902293E-007 
     10.28000000 -0.850763852776702E+003 -0.212316009562166E-007 
     10.30000000 -0.850763852776874E+003 -0.214032944417745E-007 
     10.32000000 -0.850763852777034E+003 -0.215639670617055E-007 
     10.34000000 -0.850763852777184E+003 -0.217131354447099E-007 
     10.36000000 -0.850763852777322E+003 -0.218513796363473E-007 
     10.38000000 -0.850763852777448E+003 -0.219775395454988E-007 
     10.40000000 -0.850763852777563E+003 -0.220923885662437E-007 
     10.42000000 -0.850763852777667E+003 -0.221967967669208E-007 
     10.44000000 -0.850763852777761E+003 -0.222905707990105E-007 
     10.46000000 -0.850763852777845E+003 -0.223749674278912E-007 
     10.48000000 -0.850763852777922E+003 -0.224510500704216E-007 
     10.50000000 -0.850763852777991E+003 -0.225200754919804E-007 
     10.52000000 -0.850763852778054E+003 -0.225834938064658E-007 
     10.54000000 -0.850763852778111E+003 -0.226407249683184E-007 
     10.56000000 -0.850763852778165E+003 -0.226943791825553E-007 
     10.58000000 -0.850763852778215E+003 -0.227449398204758E-007 
     10.60000000 -0.850763852778264E+003 -0.227934702989387E-007 
     10.62000000 -0.850763852778311E+003 -0.228408406862830E-007 
     10.64000000 -0.850763852778358E+003 -0.228872443310284E-007 
     10.66000000 -0.850763852778404E+003 -0.229332612787342E-007 
     10.68000000 -0.850763852778450E+003 -0.229791815521802E-007 
     10.70000000 -0.850763852778496E+003 -0.230254885226657E-007 
     10.72000000 -0.850763852778542E+003 -0.230716021446314E-007 
     10.74000000 -0.850763852778588E+003 -0.231177157665972E-007 
     10.76000000 -0.850763852778635E+003 -0.231641194113426E-007 
     10.78000000 -0.850763852778681E+003 -0.232103297075682E-007 
     10.80000000 -0.850763852778727E+003 -0.232565400037938E-007 
     10.82000000 -0.850763852778773E+003 -0.233028469742793E-007 
     10.84000000 -0.850763852778819E+003 -0.233483805506857E-007 
     10.86000000 -0.850763852778865E+003 -0.233948808696910E-007 
     10.88000000 -0.850763852778911E+003 -0.234405111203573E-007 
     10.90000000 -0.850763852778957E+003 -0.234870114393626E-007 
     10.92000000 -0.850763852779004E+003 -0.235330283870685E-007 
     10.94000000 -0.850763852779050E+003 -0.235790453347743E-007 
     10.96000000 -0.850763852779096E+003 -0.236256423280395E-007 
     10.98000000 -0.850763852779142E+003 -0.236715626014854E-007 
     11.00000000 -0.850763852779188E+003 -0.237178695719710E-007 
     11.02000000 -0.850763852779234E+003 -0.237636931711570E-007 
     11.04000000 -0.850763852779280E+003 -0.238097101188629E-007 
     11.06000000 -0.850763852779326E+003 -0.238559204150885E-007 
     11.08000000 -0.850763852779373E+003 -0.239025174083537E-007 
     11.10000000 -0.850763852779419E+003 -0.239481476590200E-007 
     11.12000000 -0.850763852779465E+003 -0.239941646067258E-007 
     11.14000000 -0.850763852779511E+003 -0.240406649257311E-007 
     11.16000000 -0.850763852779557E+003 -0.240865851991771E-007 
     11.18000000 -0.850763852779603E+003 -0.241326021468829E-007 
     11.20000000 -0.850763852779650E+003 -0.241791024658882E-007 
     11.22000000 -0.850763852779695E+003 -0.242246360422946E-007 
     11.24000000 -0.850763852779742E+003 -0.242710396870400E-007 
     11.26000000 -0.850763852779788E+003 -0.243172499832657E-007 
     11.28000000 -0.850763852779834E+003 -0.243634602794913E-007 
     11.30000000 -0.850763852779880E+003 -0.244096705757169E-007 
     11.32000000 -0.850763852779926E+003 -0.244554941749030E-007 
     11.34000000 -0.850763852779972E+003 -0.245019944939083E-007 
     11.36000000 -0.850763852780018E+003 -0.245479147673542E-007 
     11.38000000 -0.850763852780065E+003 -0.245941250635799E-007 
     11.40000000 -0.850763852780111E+003 -0.246402386855456E-007 
     11.42000000 -0.850763852780156E+003 -0.246858689362119E-007 
     11.44000000 -0.850763852780203E+003 -0.247323692552172E-007 
     11.46000000 -0.850763852780249E+003 -0.247784828771829E-007 
     11.48000000 -0.850763852780295E+003 -0.248245964991487E-007 
     11.50000000 -0.850763852780341E+003 -0.248708067953743E-007 
     11.52000000 -0.850763852780387E+003 -0.249163403717807E-007 
     11.54000000 -0.850763852780434E+003 -0.249631307135656E-007 
     11.56000000 -0.850763852780480E+003 -0.250093410097913E-007 
     11.58000000 -0.850763852780526E+003 -0.250552612832372E-007 
     11.60000000 -0.850763852780572E+003 -0.251015682537227E-007 
     11.62000000 -0.850763852780618E+003 -0.251474885271687E-007 
     11.64000000 -0.850763852780664E+003 -0.251938921719141E-007 
     11.66000000 -0.850763852780711E+003 -0.252400057938798E-007 
     11.68000000 -0.850763852780756E+003 -0.252858293930659E-007 
     11.70000000 -0.850763852780802E+003 -0.253317496665119E-007 
     11.72000000 -0.850763852780848E+003 -0.253779599627375E-007 
     11.74000000 -0.850763852780895E+003 -0.254242669332230E-007 
     11.76000000 -0.850763852780941E+003 -0.254702838809289E-007 
     11.78000000 -0.850763852780987E+003 -0.255168808741940E-007 
     11.80000000 -0.850763852781033E+003 -0.255625111248603E-007 
     11.82000000 -0.850763852781079E+003 -0.256086247468261E-007 
     11.84000000 -0.850763852781125E+003 -0.256548350430517E-007 
     11.86000000 -0.850763852781172E+003 -0.257012386877971E-007 
     11.88000000 -0.850763852781218E+003 -0.257471589612431E-007 
     11.90000000 -0.850763852781264E+003 -0.257930792346890E-007 
     11.92000000 -0.850763852781310E+003 -0.258391928566548E-007 
     11.94000000 -0.850763852781356E+003 -0.258855965014002E-007 
     11.96000000 -0.850763852781402E+003 -0.259319034718857E-007 
     11.98000000 -0.850763852781448E+003 -0.259776303968119E-007 
     12.00000000 -0.850763852781495E+003 -0.260240340415573E-007 
     12.02000000 -0.850763852781541E+003 -0.260701476635230E-007 
     12.04000000 -0.850763852781587E+003 -0.261162612854887E-007 
     12.06000000 -0.850763852781633E+003 -0.261623749074545E-007 
     12.08000000 -0.850763852781679E+003 -0.262081985066406E-007 
     12.10000000 -0.850763852781725E+003 -0.262546021513860E-007 
     12.12000000 -0.850763852781771E+003 -0.263006190990918E-007 
     12.14000000 -0.850763852781817E+003 -0.263466360467977E-007 
     12.16000000 -0.850763852781864E+003 -0.263934263885826E-007 
     12.18000000 -0.850763852781910E+003 -0.264395400105483E-007 
     12.20000000 -0.850763852781956E+003 -0.264854602839943E-007 
     12.22000000 -0.850763852782002E+003 -0.265316705802199E-007 
     12.24000000 -0.850763852782048E+003 -0.265776875279258E-007 
     12.26000000 -0.850763852782094E+003 -0.266237044756316E-007 
     12.28000000 -0.850763852782140E+003 -0.266695280748177E-007 
     12.30000000 -0.850763852782187E+003 -0.267160283938230E-007 
     12.32000000 -0.850763852782233E+003 -0.267623353643085E-007 
     12.34000000 -0.850763852782279E+003 -0.268082556377545E-007 
     12.36000000 -0.850763852782325E+003 -0.268545626082400E-007 
     12.38000000 -0.850763852782371E+003 -0.269003862074261E-007 
     12.40000000 -0.850763852782417E+003 -0.269462098066121E-007 
     12.42000000 -0.850763852782463E+003 -0.269924201028378E-007 
     12.44000000 -0.850763852782509E+003 -0.270384370505436E-007 
     12.46000000 -0.850763852782555E+003 -0.270848406952890E-007 
     12.48000000 -0.850763852782602E+003 -0.271310509915146E-007 
     12.50000000 -0.850763852782648E+003 -0.271770679392205E-007 
     12.52000000 -0.850763852782694E+003 -0.272232782354461E-007 
     12.54000000 -0.850763852782740E+003 -0.272697785544514E-007 
     12.56000000 -0.850763852782786E+003 -0.273157955021572E-007 
     12.58000000 -0.850763852782832E+003 -0.273615224270834E-007 
     12.60000000 -0.850763852782878E+003 -0.274077327233091E-007 
     12.62000000 -0.850763852782924E+003 -0.274539430195347E-007 
     12.64000000 -0.850763852782971E+003 -0.275000566415004E-007 
     12.66000000 -0.850763852783016E+003 -0.275459769149464E-007 
     12.68000000 -0.850763852783063E+003 -0.275921872111720E-007 
     12.70000000 -0.850763852783109E+003 -0.276383975073976E-007 
     12.72000000 -0.850763852783155E+003 -0.276844144551035E-007 
     12.74000000 -0.850763852783201E+003 -0.277308180998489E-007 
     12.76000000 -0.850763852783248E+003 -0.277770283960745E-007 
     12.78000000 -0.850763852783293E+003 -0.278228519952606E-007 
     12.80000000 -0.850763852783339E+003 -0.278688689429664E-007 
     12.82000000 -0.850763852783386E+003 -0.279151759134519E-007 
     12.84000000 -0.850763852783432E+003 -0.279612895354177E-007 
     12.86000000 -0.850763852783478E+003 -0.280073064831235E-007 
     12.88000000 -0.850763852783524E+003 -0.280532267565695E-007 
     12.90000000 -0.850763852783570E+003 -0.280997270755748E-007 
     12.92000000 -0.850763852783616E+003 -0.281457440232806E-007 
     12.94000000 -0.850763852783663E+003 -0.281920509937661E-007 
     12.96000000 -0.850763852783709E+003 -0.282381646157319E-007 
     12.98000000 -0.850763852783754E+003 -0.282839882149180E-007 
     13.00000000 -0.850763852783801E+003 -0.283303918596634E-007 
     13.02000000 -0.850763852783847E+003 -0.283764088073692E-007 
     13.04000000 -0.850763852783893E+003 -0.284226191035948E-007 
     13.06000000 -0.850763852783939E+003 -0.284688293998204E-007 
     13.08000000 -0.850763852783985E+003 -0.285148463475263E-007 
     13.10000000 -0.850763852784031E+003 -0.285606699467124E-007 
     13.12000000 -0.850763852784078E+003 -0.286073636142374E-007 
     13.14000000 -0.850763852784124E+003 -0.286530905391636E-007 
     13.16000000 -0.850763852784170E+003 -0.286995908581689E-007 
     13.18000000 -0.850763852784216E+003 -0.287455111316149E-007 
     13.20000000 -0.850763852784262E+003 -0.287918181021004E-007 
     13.22000000 -0.850763852784308E+003 -0.288377383755464E-007 
     13.24000000 -0.850763852784355E+003 -0.288840453460319E-007 
     13.26000000 -0.850763852784401E+003 -0.289305456650371E-007 
     13.28000000 -0.850763852784447E+003 -0.289761759157035E-007 
     13.30000000 -0.850763852784493E+003 -0.290221928634093E-007 
     13.32000000 -0.850763852784539E+003 -0.290687898566745E-007 
     13.34000000 -0.850763852784585E+003 -0.291146134558606E-007 
     13.36000000 -0.850763852784631E+003 -0.291607270778263E-007 
     13.38000000 -0.850763852784678E+003 -0.292070340483118E-007 
     13.40000000 -0.850763852784723E+003 -0.292526642989781E-007 
     13.42000000 -0.850763852784769E+003 -0.292987779209438E-007 
     13.44000000 -0.850763852784816E+003 -0.293449882171695E-007 
     13.46000000 -0.850763852784862E+003 -0.293911018391352E-007 
     13.48000000 -0.850763852784908E+003 -0.294375054838806E-007 
     13.50000000 -0.850763852784954E+003 -0.294838124543661E-007 
     13.52000000 -0.850763852785000E+003 -0.295300227505917E-007 
     13.54000000 -0.850763852785046E+003 -0.295754596527383E-007 
     13.56000000 -0.850763852785092E+003 -0.296217666232238E-007 
     13.58000000 -0.850763852785139E+003 -0.296681702679692E-007 
     13.60000000 -0.850763852785185E+003 -0.297141872156750E-007 
     13.62000000 -0.850763852785231E+003 -0.297603008376408E-007 
     13.64000000 -0.850763852785277E+003 -0.298064144596065E-007 
     13.66000000 -0.850763852785323E+003 -0.298526247558321E-007 
     13.68000000 -0.850763852785369E+003 -0.298986417035380E-007 
     13.70000000 -0.850763852785415E+003 -0.299448519997636E-007 
     13.72000000 -0.850763852785462E+003 -0.299912556445090E-007 
     13.74000000 -0.850763852785507E+003 -0.300368858951753E-007 
     13.76000000 -0.850763852785554E+003 -0.300832895399207E-007 
     13.78000000 -0.850763852785600E+003 -0.301294998361463E-007 
     13.80000000 -0.850763852785646E+003 -0.301754201095923E-007 
     13.82000000 -0.850763852785692E+003 -0.302215337315580E-007 
     13.84000000 -0.850763852785739E+003 -0.302681307248232E-007 
     13.86000000 -0.850763852785784E+003 -0.303137609754895E-007 
     13.88000000 -0.850763852785831E+003 -0.303603579687547E-007 
     13.90000000 -0.850763852785877E+003 -0.304063749164605E-007 
     13.92000000 -0.850763852785923E+003 -0.304521985156466E-007 
     13.94000000 -0.850763852785969E+003 -0.304985054861321E-007 
     13.96000000 -0.850763852786015E+003 -0.305447157823577E-007 
     13.98000000 -0.850763852786061E+003 -0.305907327300636E-007 
     14.00000000 -0.850763852786107E+003 -0.306366530035096E-007 
     14.02000000 -0.850763852786154E+003 -0.306831533225148E-007 
     14.04000000 -0.850763852786200E+003 -0.307290735959608E-007 
     14.06000000 -0.850763852786245E+003 -0.307749938694068E-007 
     14.08000000 -0.850763852786292E+003 -0.308211074913725E-007 
     14.10000000 -0.850763852786338E+003 -0.308678011588976E-007 
     14.12000000 -0.850763852786384E+003 -0.309139147808633E-007 
     14.14000000 -0.850763852786430E+003 -0.309596417057895E-007 
     14.16000000 -0.850763852786476E+003 -0.310058520020151E-007 
     14.18000000 -0.850763852786522E+003 -0.310519656239808E-007 
     14.20000000 -0.850763852786569E+003 -0.310981759202065E-007 
     14.22000000 -0.850763852786615E+003 -0.311443862164321E-007 
     14.24000000 -0.850763852786661E+003 -0.311907898611775E-007 
     14.26000000 -0.850763852786707E+003 -0.312368068088833E-007 
     14.28000000 -0.850763852786753E+003 -0.312826304080694E-007 
     14.30000000 -0.850763852786799E+003 -0.313284540072555E-007 
     14.32000000 -0.850763852786845E+003 -0.313748576520009E-007 
     14.34000000 -0.850763852786891E+003 -0.314209712739666E-007 
     14.36000000 -0.850763852786937E+003 -0.314666981988928E-007 
     14.38000000 -0.850763852786984E+003 -0.315131018436382E-007 
     14.40000000 -0.850763852787030E+003 -0.315593121398639E-007 
     14.42000000 -0.850763852787076E+003 -0.316055224360895E-007 
     14.44000000 -0.850763852787122E+003 -0.316514427095354E-007 
     14.46000000 -0.850763852787168E+003 -0.316977496800209E-007 
     14.48000000 -0.850763852787215E+003 -0.317441533247663E-007 
     14.50000000 -0.850763852787261E+003 -0.317900735982123E-007 
     14.52000000 -0.850763852787307E+003 -0.318363805686978E-007 
     14.54000000 -0.850763852787353E+003 -0.318825908649234E-007 
     14.56000000 -0.850763852787399E+003 -0.319282211155897E-007 
     14.58000000 -0.850763852787445E+003 -0.319746247603351E-007 
     14.60000000 -0.850763852787491E+003 -0.320204483595212E-007 
     14.62000000 -0.850763852787537E+003 -0.320669486785265E-007 
     14.64000000 -0.850763852787583E+003 -0.321126756034527E-007 
     14.66000000 -0.850763852787629E+003 -0.321587892254184E-007 
     14.68000000 -0.850763852787676E+003 -0.322051928701638E-007 
     14.70000000 -0.850763852787722E+003 -0.322514998406493E-007 
     14.72000000 -0.850763852787768E+003 -0.322973234398354E-007 
     14.74000000 -0.850763852787814E+003 -0.323433403875413E-007 
     14.76000000 -0.850763852787860E+003 -0.323895506837669E-007 
     14.78000000 -0.850763852787906E+003 -0.324359543285123E-007 
     14.80000000 -0.850763852787952E+003 -0.324819712762181E-007 
     14.82000000 -0.850763852787999E+003 -0.325281815724438E-007 
     14.84000000 -0.850763852788044E+003 -0.325740051716298E-007 
     14.86000000 -0.850763852788091E+003 -0.326202154678555E-007 
     14.88000000 -0.850763852788137E+003 -0.326668124611206E-007 
     14.90000000 -0.850763852788183E+003 -0.327125393860468E-007 
     14.92000000 -0.850763852788230E+003 -0.327590397050521E-007 
     14.94000000 -0.850763852788275E+003 -0.328048633042382E-007 
     14.96000000 -0.850763852788322E+003 -0.328512669489836E-007 
     14.98000000 -0.850763852788368E+003 -0.328974772452092E-007 
     15.00000000 -0.850763852788414E+003 -0.329434941929151E-007 
     15.02000000 -0.850763852788460E+003 -0.329895111406209E-007 
     15.04000000 -0.850763852788506E+003 -0.330353347398070E-007 
     15.06000000 -0.850763852788552E+003 -0.330816417102925E-007 
     15.08000000 -0.850763852788598E+003 -0.331273686352187E-007 
     15.10000000 -0.850763852788644E+003 -0.331738689542240E-007 
     15.12000000 -0.850763852788690E+003 -0.332198859019298E-007 
     15.14000000 -0.850763852788737E+003 -0.332665795694549E-007 
     15.16000000 -0.850763852788783E+003 -0.333122098201212E-007 
     15.18000000 -0.850763852788829E+003 -0.333584201163468E-007 
     15.20000000 -0.850763852788875E+003 -0.334044370640527E-007 
     15.22000000 -0.850763852788921E+003 -0.334507440345382E-007 
     15.24000000 -0.850763852788967E+003 -0.334970510050237E-007 
     15.26000000 -0.850763852789014E+003 -0.335430679527295E-007 
     15.28000000 -0.850763852789060E+003 -0.335890849004354E-007 
     15.30000000 -0.850763852789105E+003 -0.336347151511017E-007 
     15.32000000 -0.850763852789152E+003 -0.336815054928866E-007 
     15.34000000 -0.850763852789198E+003 -0.337277157891123E-007 
     15.36000000 -0.850763852789244E+003 -0.337735393882983E-007 
     15.38000000 -0.850763852789290E+003 -0.338197496845240E-007 
     15.40000000 -0.850763852789336E+003 -0.338658633064897E-007 
     15.42000000 -0.850763852789383E+003 -0.339121702769752E-007 
     15.44000000 -0.850763852789429E+003 -0.339584772474607E-007 
     15.46000000 -0.850763852789475E+003 -0.340041074981270E-007 
     15.48000000 -0.850763852789521E+003 -0.340506078171323E-007 
     15.50000000 -0.850763852789567E+003 -0.340966247648382E-007 
     15.52000000 -0.850763852789614E+003 -0.341430284095836E-007 
     15.54000000 -0.850763852789659E+003 -0.341884653117301E-007 
     15.56000000 -0.850763852789706E+003 -0.342354490020348E-007 
     15.58000000 -0.850763852789752E+003 -0.342813692754808E-007 
     15.60000000 -0.850763852789798E+003 -0.343274828974465E-007 
     15.62000000 -0.850763852789844E+003 -0.343733064966326E-007 
     15.64000000 -0.850763852789890E+003 -0.344195167928582E-007 
     15.66000000 -0.850763852789936E+003 -0.344657270890838E-007 
     15.68000000 -0.850763852789982E+003 -0.345115506882699E-007 
     15.70000000 -0.850763852790029E+003 -0.345581476815351E-007 
     15.72000000 -0.850763852790074E+003 -0.346037779322014E-007 
     15.74000000 -0.850763852790121E+003 -0.346504715997264E-007 
     15.76000000 -0.850763852790167E+003 -0.346962951989125E-007 
     15.78000000 -0.850763852790213E+003 -0.347422154723585E-007 
     15.80000000 -0.850763852790259E+003 -0.347885224428440E-007 
     15.82000000 -0.850763852790305E+003 -0.348346360648097E-007 
     15.84000000 -0.850763852790352E+003 -0.348811363838150E-007 
     15.86000000 -0.850763852790397E+003 -0.349268633087412E-007 
     15.88000000 -0.850763852790444E+003 -0.349730736049668E-007 
     15.90000000 -0.850763852790490E+003 -0.350189938784128E-007 
     15.92000000 -0.850763852790536E+003 -0.350653008488983E-007 
     15.94000000 -0.850763852790582E+003 -0.351113177966042E-007 
     15.96000000 -0.850763852790628E+003 -0.351575280928298E-007 
     15.98000000 -0.850763852790674E+003 -0.352035450405356E-007 
     16.00000000 -0.850763852790720E+003 -0.352499486852810E-007 
     16.02000000 -0.850763852790767E+003 -0.352961589815067E-007 
     16.04000000 -0.850763852790813E+003 -0.353421759292125E-007 
     16.06000000 -0.850763852790859E+003 -0.353881928769184E-007 
     16.08000000 -0.850763852790904E+003 -0.354339198018446E-007 
     16.10000000 -0.850763852790951E+003 -0.354807101436295E-007 
     16.12000000 -0.850763852790996E+003 -0.355259536972563E-007 
     16.14000000 -0.850763852791043E+003 -0.355728407133011E-007 
     16.16000000 -0.850763852791089E+003 -0.356186643124872E-007 
     16.18000000 -0.850763852791136E+003 -0.356651646314925E-007 
     16.20000000 -0.850763852791181E+003 -0.357109882306785E-007 
     16.22000000 -0.850763852791227E+003 -0.357569085041245E-007 
     16.24000000 -0.850763852791273E+003 -0.358029254518303E-007 
     16.26000000 -0.850763852791320E+003 -0.358493290965757E-007 
     16.28000000 -0.850763852791366E+003 -0.358958294155810E-007 
     16.30000000 -0.850763852791413E+003 -0.359421363860665E-007 
     16.32000000 -0.850763852791458E+003 -0.359879599852526E-007 
     16.34000000 -0.850763852791505E+003 -0.360340736072184E-007 
     16.36000000 -0.850763852791551E+003 -0.360803805777039E-007 
     16.38000000 -0.850763852791597E+003 -0.361263975254097E-007 
     16.40000000 -0.850763852791643E+003 -0.361723177988557E-007 
     16.42000000 -0.850763852791689E+003 -0.362188181178610E-007 
     16.44000000 -0.850763852791735E+003 -0.362644483685273E-007 
     16.46000000 -0.850763852791782E+003 -0.363110453617924E-007 
     16.48000000 -0.850763852791827E+003 -0.363564822639390E-007 
     16.50000000 -0.850763852791873E+003 -0.364028859086844E-007 
     16.52000000 -0.850763852791920E+003 -0.364492895534298E-007 
     16.54000000 -0.850763852791966E+003 -0.364953065011356E-007 
     16.56000000 -0.850763852792012E+003 -0.365417101458810E-007 
     16.58000000 -0.850763852792058E+003 -0.365871470480275E-007 
     16.60000000 -0.850763852792104E+003 -0.366339373898125E-007 
     16.62000000 -0.850763852792150E+003 -0.366799543375183E-007 
     16.64000000 -0.850763852792196E+003 -0.367253912396649E-007 
     16.66000000 -0.850763852792243E+003 -0.367723749299696E-007 
     16.68000000 -0.850763852792289E+003 -0.368182952034156E-007 
     16.70000000 -0.850763852792335E+003 -0.368647955224208E-007 
     16.72000000 -0.850763852792380E+003 -0.369100390760476E-007 
     16.74000000 -0.850763852792427E+003 -0.369568294178325E-007 
     16.76000000 -0.850763852792474E+003 -0.370032330625779E-007 
     16.78000000 -0.850763852792519E+003 -0.370486699647245E-007 
     16.80000000 -0.850763852792566E+003 -0.370951702837297E-007 
     16.82000000 -0.850763852792612E+003 -0.371412839056955E-007 
     16.84000000 -0.850763852792657E+003 -0.371867208078420E-007 
     16.86000000 -0.850763852792704E+003 -0.372331244525874E-007 
     16.88000000 -0.850763852792750E+003 -0.372792380745532E-007 
     16.90000000 -0.850763852792796E+003 -0.373256417192986E-007 
     16.92000000 -0.850763852792842E+003 -0.373719486897841E-007 
     16.94000000 -0.850763852792888E+003 -0.374175789404504E-007 
     16.96000000 -0.850763852792934E+003 -0.374637892366760E-007 
     16.98000000 -0.850763852792981E+003 -0.375103862299412E-007 
     17.00000000 -0.850763852793027E+003 -0.375565965261668E-007 
     17.02000000 -0.850763852793073E+003 -0.376022267768331E-007 
     17.04000000 -0.850763852793119E+003 -0.376484370730587E-007 
     17.06000000 -0.850763852793165E+003 -0.376946473692843E-007 
     17.08000000 -0.850763852793211E+003 -0.377406643169902E-007 
     17.10000000 -0.850763852793258E+003 -0.377870679617356E-007 
     17.12000000 -0.850763852793304E+003 -0.378332782579612E-007 
     17.14000000 -0.850763852793350E+003 -0.378792952056671E-007 
     17.16000000 -0.850763852793396E+003 -0.379255055018927E-007 
     17.18000000 -0.850763852793442E+003 -0.379711357525590E-007 
     17.20000000 -0.850763852793488E+003 -0.380179260943439E-007 
     17.22000000 -0.850763852793535E+003 -0.380641363905696E-007 
     17.24000000 -0.850763852793580E+003 -0.381099599897556E-007 
     17.26000000 -0.850763852793627E+003 -0.381561702859813E-007 
     17.28000000 -0.850763852793673E+003 -0.382019938851673E-007 
     17.30000000 -0.850763852793718E+003 -0.382478174843534E-007 
     17.32000000 -0.850763852793765E+003 -0.382942211290988E-007 
     17.34000000 -0.850763852793811E+003 -0.383408181223640E-007 
     17.36000000 -0.850763852793857E+003 -0.383866417215501E-007 
     17.38000000 -0.850763852793903E+003 -0.384325619949960E-007 
     17.40000000 -0.850763852793950E+003 -0.384790623140013E-007 
     17.42000000 -0.850763852793996E+003 -0.385250792617072E-007 
     17.44000000 -0.850763852794042E+003 -0.385710962094130E-007 
     17.46000000 -0.850763852794088E+003 -0.386174998541584E-007 
     17.48000000 -0.850763852794134E+003 -0.386633234533445E-007 
     17.50000000 -0.850763852794180E+003 -0.387092437267905E-007 
     17.52000000 -0.850763852794226E+003 -0.387558407200556E-007 
     17.54000000 -0.850763852794272E+003 -0.388015676449818E-007 
     17.56000000 -0.850763852794319E+003 -0.388481646382470E-007 
     17.58000000 -0.850763852794364E+003 -0.388939882374331E-007 
     17.60000000 -0.850763852794411E+003 -0.389403918821785E-007 
     17.62000000 -0.850763852794457E+003 -0.389865055041442E-007 
     17.64000000 -0.850763852794503E+003 -0.390328124746297E-007 
     17.66000000 -0.850763852794549E+003 -0.390784427252960E-007 
     17.68000000 -0.850763852794595E+003 -0.391242663244821E-007 
     17.70000000 -0.850763852794641E+003 -0.391707666434874E-007 
     17.72000000 -0.850763852794688E+003 -0.392172669624927E-007 
     17.74000000 -0.850763852794734E+003 -0.392630905616787E-007 
     17.76000000 -0.850763852794780E+003 -0.393091075093846E-007 
     17.78000000 -0.850763852794826E+003 -0.393555111541300E-007 
     17.80000000 -0.850763852794872E+003 -0.394013347533161E-007 
     17.82000000 -0.850763852794918E+003 -0.394478350723213E-007 
     17.84000000 -0.850763852794964E+003 -0.394935619972475E-007 
     17.86000000 -0.850763852795010E+003 -0.395398689677331E-007 
     17.88000000 -0.850763852795056E+003 -0.395859825896988E-007 
     17.90000000 -0.850763852795103E+003 -0.396325795829640E-007 
     17.92000000 -0.850763852795149E+003 -0.396782098336303E-007 
     17.94000000 -0.850763852795195E+003 -0.397242267813361E-007 
     17.96000000 -0.850763852795241E+003 -0.397706304260815E-007 
     17.98000000 -0.850763852795287E+003 -0.398164540252676E-007 
     18.00000000 -0.850763852795333E+003 -0.398630510185328E-007 
