# Real time calculation: 
# Eall: Total energy
# Eall0: Initial total energy
# 1:Time[fs] 2:Eall[eV] 3:Eall-Eall0[eV] 
      0.00000000 -0.865026937618314E+003  0.000000000000000E+000 
      0.02000000 -0.865026937654989E+003 -0.366741538819252E-007 
      0.04000000 -0.865026937655006E+003 -0.366915552487047E-007 
      0.06000000 -0.865026937654970E+003 -0.366553990755072E-007 
      0.08000000 -0.865026937654768E+003 -0.364539299179043E-007 
      0.10000000 -0.865026937654177E+003 -0.358623801216604E-007 
      0.12000000 -0.865026937652810E+003 -0.344956961096486E-007 
      0.14000000 -0.865026937650069E+003 -0.317547874933538E-007 
      0.16000000 -0.865026937645091E+003 -0.267762564577321E-007 
      0.18000000 -0.865026937636694E+003 -0.183799036380922E-007 
      0.20000000 -0.865026937623333E+003 -0.501894087625416E-008 
      0.22000000 -0.865026937603050E+003  0.152643822647383E-007 
      0.24000000 -0.865026937573433E+003  0.448810251521881E-007 
      0.26000000 -0.865026937531587E+003  0.867270585895074E-007 
      0.28000000 -0.865026937474106E+003  0.144208220078229E-006 
      0.30000000 -0.865026937397058E+003  0.221256541790705E-006 
      0.32000000 -0.865026937295980E+003  0.322334410889026E-006 
      0.34000000 -0.865026937165882E+003  0.452432442691298E-006 
      0.36000000 -0.865026937001261E+003  0.617053432744507E-006 
      0.38000000 -0.865026936796124E+003  0.822190605116040E-006 
      0.40000000 -0.865026936544022E+003  0.107429271298587E-005 
      0.42000000 -0.865026936238088E+003  0.138022633568519E-005 
      0.44000000 -0.865026935871087E+003  0.174722773491502E-005 
      0.46000000 -0.865026935435462E+003  0.218285219743398E-005 
      0.48000000 -0.865026934923398E+003  0.269491622385091E-005 
      0.50000000 -0.865026934326882E+003  0.329143275687074E-005 
      0.52000000 -0.865026933637763E+003  0.398055153327615E-005 
      0.54000000 -0.865026932847823E+003  0.477049112192284E-005 
      0.56000000 -0.865026931948845E+003  0.566946931827244E-005 
      0.58000000 -0.865026930932680E+003  0.668563450566799E-005 
      0.60000000 -0.865026929791322E+003  0.782699285961622E-005 
      0.62000000 -0.865026928516974E+003  0.910134019243436E-005 
      0.64000000 -0.865026927102109E+003  0.105162054954824E-004 
      0.66000000 -0.865026925539528E+003  0.120787863607573E-004 
      0.68000000 -0.865026923822409E+003  0.137959052841277E-004 
      0.70000000 -0.865026921944350E+003  0.156739649051518E-004 
      0.72000000 -0.865026919899404E+003  0.177189100140927E-004 
      0.74000000 -0.865026917682100E+003  0.199362140175223E-004 
      0.76000000 -0.865026915287458E+003  0.223308566065675E-004 
      0.78000000 -0.865026912710990E+003  0.249073247236522E-004 
      0.80000000 -0.865026909948708E+003  0.276696064720197E-004 
      0.82000000 -0.865026906997114E+003  0.306212002031123E-004 
      0.84000000 -0.865026903853178E+003  0.337651364616290E-004 
      0.86000000 -0.865026900514316E+003  0.371039987704911E-004 
      0.88000000 -0.865026896978355E+003  0.406399596903409E-004 
      0.90000000 -0.865026893243489E+003  0.443748257730729E-004 
      0.92000000 -0.865026889308233E+003  0.483100815486219E-004 
      0.94000000 -0.865026885171362E+003  0.524469520732093E-004 
      0.96000000 -0.865026880831850E+003  0.567864639308007E-004 
      0.98000000 -0.865026876288800E+003  0.613295145485507E-004 
      1.00000000 -0.865026871541368E+003  0.660769466359827E-004 
      1.02000000 -0.865026866588716E+003  0.710295983589299E-004 
      1.04000000 -0.865026861429924E+003  0.761883905397177E-004 
      1.06000000 -0.865026856063928E+003  0.815543862085079E-004 
      1.08000000 -0.865026850489465E+003  0.871288493812484E-004 
      1.10000000 -0.865026844705010E+003  0.929133046110177E-004 
      1.12000000 -0.865026838708730E+003  0.989095841650634E-004 
      1.14000000 -0.865026832498429E+003  0.105119885642661E-003 
      1.16000000 -0.865026826071521E+003  0.111546792953429E-003 
      1.18000000 -0.865026819424992E+003  0.118193322334276E-003 
      1.20000000 -0.865026812555363E+003  0.125062950964982E-003 
      1.22000000 -0.865026805458685E+003  0.132159629922547E-003 
      1.24000000 -0.865026798130523E+003  0.139487791141742E-003 
      1.26000000 -0.865026790565957E+003  0.147052357855927E-003 
      1.28000000 -0.865026782759590E+003  0.154858724102105E-003 
      1.30000000 -0.865026774705580E+003  0.162912734032636E-003 
      1.32000000 -0.865026766397646E+003  0.171220668187487E-003 
      1.34000000 -0.865026757829117E+003  0.179789197767310E-003 
      1.36000000 -0.865026748992952E+003  0.188625362881733E-003 
      1.38000000 -0.865026739881810E+003  0.197736504297332E-003 
      1.40000000 -0.865026730488096E+003  0.207130218580774E-003 
      1.42000000 -0.865026720803988E+003  0.216814326099639E-003 
      1.44000000 -0.865026710821547E+003  0.226796767290936E-003 
      1.46000000 -0.865026700532758E+003  0.237085556644159E-003 
      1.48000000 -0.865026689929624E+003  0.247688690860737E-003 
      1.50000000 -0.865026679004249E+003  0.258614065424149E-003 
      1.52000000 -0.865026667748905E+003  0.269869409151450E-003 
      1.54000000 -0.865026656156123E+003  0.281462190999286E-003 
      1.56000000 -0.865026644218768E+003  0.293399546011406E-003 
      1.58000000 -0.865026631930110E+003  0.305688204456435E-003 
      1.60000000 -0.865026619283906E+003  0.318334408591335E-003 
      1.62000000 -0.865026606274487E+003  0.331343827298031E-003 
      1.64000000 -0.865026592896832E+003  0.344721482417626E-003 
      1.66000000 -0.865026579146621E+003  0.358471693259379E-003 
      1.68000000 -0.865026565020306E+003  0.372598007961976E-003 
      1.70000000 -0.865026550515196E+003  0.387103118226834E-003 
      1.72000000 -0.865026535629483E+003  0.401988831089220E-003 
      1.74000000 -0.865026520362300E+003  0.417256014587312E-003 
      1.76000000 -0.865026504713778E+003  0.432904536277376E-003 
      1.78000000 -0.865026488685072E+003  0.448933242062096E-003 
      1.80000000 -0.865026472278383E+003  0.465339930861923E-003 
      1.82000000 -0.865026455496967E+003  0.482121347267831E-003 
      1.84000000 -0.865026438345124E+003  0.499273190241996E-003 
      1.86000000 -0.865026420828215E+003  0.516790099390056E-003 
      1.88000000 -0.865026402952623E+003  0.534665690923935E-003 
      1.90000000 -0.865026384725710E+003  0.552892604258832E-003 
      1.92000000 -0.865026366155827E+003  0.571462487512088E-003 
      1.94000000 -0.865026347252245E+003  0.590366069718854E-003 
      1.96000000 -0.865026328025084E+003  0.609593230340886E-003 
      1.98000000 -0.865026308485293E+003  0.629133021308273E-003 
      2.00000000 -0.865026288644571E+003  0.648973743198759E-003 
      2.02000000 -0.865026268515252E+003  0.669103062503616E-003 
      2.04000000 -0.865026248110279E+003  0.689508035506188E-003 
      2.06000000 -0.865026227443071E+003  0.710175243625853E-003 
      2.08000000 -0.865026206527454E+003  0.731090860316616E-003 
      2.10000000 -0.865026185377612E+003  0.752240702691156E-003 
      2.12000000 -0.865026164007905E+003  0.773610409401469E-003 
      2.14000000 -0.865026142432884E+003  0.795185430584747E-003 
      2.16000000 -0.865026120667143E+003  0.816951171327974E-003 
      2.18000000 -0.865026098725234E+003  0.838893080028204E-003 
      2.20000000 -0.865026076621654E+003  0.860996659993469E-003 
      2.22000000 -0.865026054370697E+003  0.883247617161051E-003 
      2.24000000 -0.865026031986455E+003  0.905631859227413E-003 
      2.26000000 -0.865026009482735E+003  0.928135578981409E-003 
      2.28000000 -0.865025986873014E+003  0.950745300031211E-003 
      2.30000000 -0.865025964170422E+003  0.973447892562212E-003 
      2.32000000 -0.865025941387697E+003  0.996230617807187E-003 
      2.34000000 -0.865025918537153E+003  0.101908116130224E-002 
      2.36000000 -0.865025895630699E+003  0.104198761558210E-002 
      2.38000000 -0.865025872679826E+003  0.106493848810743E-002 
      2.40000000 -0.865025849695564E+003  0.108792275018199E-002 
      2.42000000 -0.865025826688534E+003  0.111092978001150E-002 
      2.44000000 -0.865025803668963E+003  0.113394935148941E-002 
      2.46000000 -0.865025780646738E+003  0.115697157619239E-002 
      2.48000000 -0.865025757631441E+003  0.117998687370128E-002 
      2.50000000 -0.865025734632356E+003  0.120298595797004E-002 
      2.52000000 -0.865025711658608E+003  0.122595970681551E-002 
      2.54000000 -0.865025688719175E+003  0.124889913977899E-002 
      2.56000000 -0.865025665822938E+003  0.127179537616963E-002 
      2.58000000 -0.865025642978817E+003  0.129463949730357E-002 
      2.60000000 -0.865025620195807E+003  0.131742250715757E-002 
      2.62000000 -0.865025597483050E+003  0.134013526460030E-002 
      2.64000000 -0.865025574849910E+003  0.136276840431284E-002 
      2.66000000 -0.865025552306038E+003  0.138531227627057E-002 
      2.68000000 -0.865025529861456E+003  0.140775685805961E-002 
      2.70000000 -0.865025507526544E+003  0.143009177063475E-002 
      2.72000000 -0.865025485312132E+003  0.145230618280526E-002 
      2.74000000 -0.865025463229557E+003  0.147438875767736E-002 
      2.76000000 -0.865025441290671E+003  0.149632764366350E-002 
      2.78000000 -0.865025419507896E+003  0.151811041812130E-002 
      2.80000000 -0.865025397894205E+003  0.153972410949190E-002 
      2.82000000 -0.865025376463168E+003  0.156115514615934E-002 
      2.84000000 -0.865025355228955E+003  0.158238935944741E-002 
      2.86000000 -0.865025334206284E+003  0.160341203031334E-002 
      2.88000000 -0.865025313410428E+003  0.162420788644759E-002 
      2.90000000 -0.865025292857167E+003  0.164476114751735E-002 
      2.92000000 -0.865025272562747E+003  0.166505556721992E-002 
      2.94000000 -0.865025252543858E+003  0.168507445619443E-002 
      2.96000000 -0.865025232817550E+003  0.170480076458171E-002 
      2.98000000 -0.865025213401162E+003  0.172421715220979E-002 
      3.00000000 -0.865025194312262E+003  0.174330605191554E-002 
      3.02000000 -0.865025175568578E+003  0.176204973615322E-002 
      3.04000000 -0.865025157187914E+003  0.178043040003769E-002 
      3.06000000 -0.865025139188063E+003  0.179843025125147E-002 
      3.08000000 -0.865025121586700E+003  0.181603161483961E-002 
      3.10000000 -0.865025104401254E+003  0.183321706004638E-002 
      3.12000000 -0.865025087648851E+003  0.184996946354015E-002 
      3.14000000 -0.865025071346174E+003  0.186627214050377E-002 
      3.16000000 -0.865025055509380E+003  0.188210893463824E-002 
      3.18000000 -0.865025040154009E+003  0.189746430526627E-002 
      3.20000000 -0.865025025294893E+003  0.191232342100960E-002 
      3.22000000 -0.865025010946056E+003  0.192667225868679E-002 
      3.24000000 -0.865024997120662E+003  0.194049765281044E-002 
      3.26000000 -0.865024983830929E+003  0.195378738578424E-002 
      3.28000000 -0.865024971088031E+003  0.196653028312718E-002 
      3.30000000 -0.865024958901941E+003  0.197871637298603E-002 
      3.32000000 -0.865024947281058E+003  0.199033725668777E-002 
      3.34000000 -0.865024936231732E+003  0.200138658196015E-002 
      3.36000000 -0.865024925757345E+003  0.201186096897436E-002 
      3.38000000 -0.865024915856885E+003  0.202176142942653E-002 
      3.40000000 -0.865024906522902E+003  0.203109541216506E-002 
      3.42000000 -0.865024897738627E+003  0.203987968688712E-002 
      3.44000000 -0.865024889474059E+003  0.204814425509582E-002 
      3.46000000 -0.865024881680959E+003  0.205593735512001E-002 
      3.48000000 -0.865024874286691E+003  0.206333162384158E-002 
      3.50000000 -0.865024867186696E+003  0.207043161833956E-002 
      3.52000000 -0.865024860236086E+003  0.207738222800087E-002 
      3.54000000 -0.865024853240200E+003  0.208437811437508E-002 
      3.56000000 -0.865024845944591E+003  0.209167372343748E-002 
      3.58000000 -0.865024838025144E+003  0.209959317004882E-002 
      3.60000000 -0.865024829078578E+003  0.210853973658799E-002 
      3.62000000 -0.865024818614452E+003  0.211900386278960E-002 
      3.64000000 -0.865024806049288E+003  0.213156902624588E-002 
      3.66000000 -0.865024790703853E+003  0.214691446166022E-002 
      3.68000000 -0.865024771804673E+003  0.216581364122452E-002 
      3.70000000 -0.865024748490550E+003  0.218912776389777E-002 
      3.72000000 -0.865024719825078E+003  0.221779323608944E-002 
      3.74000000 -0.865024684815901E+003  0.225280241366351E-002 
      3.76000000 -0.865024642441118E+003  0.229517719633111E-002 
      3.78000000 -0.865024591683007E+003  0.234593530786205E-002 
      3.80000000 -0.865024531569098E+003  0.240604921687162E-002 
      3.82000000 -0.865024461219741E+003  0.247639857308469E-002 
      3.84000000 -0.865024379901245E+003  0.255771706955539E-002 
      3.86000000 -0.865024287082941E+003  0.265053537353131E-002 
      3.88000000 -0.865024182496095E+003  0.275512221954003E-002 
      3.90000000 -0.865024066192125E+003  0.287142618905627E-002 
      3.92000000 -0.865023938596793E+003  0.299902152129223E-002 
      3.94000000 -0.865023800557096E+003  0.313706121864101E-002 
      3.96000000 -0.865023653376992E+003  0.328424132225065E-002 
      3.98000000 -0.865023498837825E+003  0.343878048978005E-002 
      4.00000000 -0.865023339199707E+003  0.359841860764000E-002 
      4.02000000 -0.865023177179728E+003  0.376043858610837E-002 
      4.04000000 -0.865023015903367E+003  0.392171494752314E-002 
      4.06000000 -0.865022858826366E+003  0.407879194836507E-002 
      4.08000000 -0.865022709624373E+003  0.422799394123941E-002 
      4.10000000 -0.865022572049240E+003  0.436556907391259E-002 
      4.12000000 -0.865022449751588E+003  0.448786672631225E-002 
      4.14000000 -0.865022346070501E+003  0.459154781300534E-002 
      4.16000000 -0.865022263792959E+003  0.467382535583707E-002 
      4.18000000 -0.865022204886771E+003  0.473273154299688E-002 
      4.20000000 -0.865022170212637E+003  0.476740567755520E-002 
      4.22000000 -0.865022159222157E+003  0.477839615720558E-002 
      4.24000000 -0.865022169650507E+003  0.476796780695730E-002 
      4.26000000 -0.865022197213563E+003  0.474040475118090E-002 
      4.28000000 -0.865022235320446E+003  0.470229786813949E-002 
      4.30000000 -0.865022274813656E+003  0.466280465803655E-002 
      4.32000000 -0.865022303749192E+003  0.463386912262626E-002 
      4.34000000 -0.865022307229382E+003  0.463038893231355E-002 
      4.36000000 -0.865022267301284E+003  0.467031703012447E-002 
      4.38000000 -0.865022162932364E+003  0.477468595021301E-002 
      4.40000000 -0.865021970074476E+003  0.496754383796578E-002 
      4.42000000 -0.865021661825454E+003  0.527579286033006E-002 
      4.44000000 -0.865021208695481E+003  0.572892283381182E-002 
      4.46000000 -0.865020578983120E+003  0.635863519437726E-002 
      4.48000000 -0.865019739262747E+003  0.719835556728467E-002 
      4.50000000 -0.865018654982038E+003  0.828263627636481E-002 
      4.52000000 -0.865017291164711E+003  0.964645360326129E-002 
      4.54000000 -0.865015613209549E+003  0.113244087652952E-001 
      4.56000000 -0.865013587773665E+003  0.133498446490594E-001 
      4.58000000 -0.865011183723519E+003  0.157538947951753E-001 
      4.60000000 -0.865008373133938E+003  0.185644843767381E-001 
      4.62000000 -0.865005132311647E+003  0.218053066669712E-001 
      4.64000000 -0.865001442817339E+003  0.254948009755555E-001 
      4.66000000 -0.864997292457547E+003  0.296451607674356E-001 
      4.68000000 -0.864992676215594E+003  0.342614027206335E-001 
      4.70000000 -0.864987597090691E+003  0.393405276237379E-001 
      4.72000000 -0.864982066812831E+003  0.448708054829972E-001 
      4.74000000 -0.864976106402972E+003  0.508312153427400E-001 
      4.76000000 -0.864969746549622E+003  0.571910686923432E-001 
      4.78000000 -0.864963027774812E+003  0.639098435026291E-001 
      4.80000000 -0.864956000367599E+003  0.709372507149417E-001 
      4.82000000 -0.864948724067544E+003  0.782135507706543E-001 
      4.84000000 -0.864941267485509E+003  0.856701328056095E-001 
      4.86000000 -0.864933707257244E+003  0.932303610700000E-001 
      4.88000000 -0.864926126931271E+003  0.100810687043339E+000 
      4.90000000 -0.864918615600413E+003  0.108322017901340E+000 
      4.92000000 -0.864911266294868E+003  0.115671323446097E+000 
      4.94000000 -0.864904174161676E+003  0.122763456638141E+000 
      4.96000000 -0.864897434463537E+003  0.129503154776920E+000 
      4.98000000 -0.864891140437285E+003  0.135797181029001E+000 
      5.00000000 -0.864885381057761E+003  0.141556560553008E+000 
      5.02000000 -0.864880238758568E+003  0.146698859746011E+000 
      5.04000000 -0.864875787165152E+003  0.151150453162792E+000 
      5.06000000 -0.864872088897363E+003  0.154848720950968E+000 
      5.08000000 -0.864869193499359E+003  0.157744118955475E+000 
      5.10000000 -0.864867135554592E+003  0.159802063722599E+000 
      5.12000000 -0.864865933039313E+003  0.161004579001440E+000 
      5.14000000 -0.864865585964709E+003  0.161351653605046E+000 
      5.16000000 -0.864866075351952E+003  0.160862266362226E+000 
      5.18000000 -0.864867362576139E+003  0.159575042175473E+000 
      5.20000000 -0.864869389108376E+003  0.157548509938800E+000 
      5.22000000 -0.864872076674359E+003  0.154860943955796E+000 
      5.24000000 -0.864875327840162E+003  0.151609778152488E+000 
      5.26000000 -0.864879027025926E+003  0.147910592388464E+000 
      5.28000000 -0.864883041937722E+003  0.143895680592756E+000 
      5.30000000 -0.864887225400636E+003  0.139712217678725E+000 
      5.32000000 -0.864891417567350E+003  0.135520050964720E+000 
      5.34000000 -0.864895448468923E+003  0.131489149391824E+000 
      5.36000000 -0.864899140868337E+003  0.127796749977550E+000 
      5.38000000 -0.864902313372032E+003  0.124624246282662E+000 
      5.40000000 -0.864904783749869E+003  0.122153868445786E+000 
      5.42000000 -0.864906372409934E+003  0.120565208380076E+000 
      5.44000000 -0.864906905971317E+003  0.120031646997096E+000 
      5.46000000 -0.864906220875038E+003  0.120716743276457E+000 
      5.48000000 -0.864904166970766E+003  0.122770647548110E+000 
      5.50000000 -0.864900611014542E+003  0.126326603771992E+000 
      5.52000000 -0.864895440010511E+003  0.131497607803622E+000 
      5.54000000 -0.864888564327904E+003  0.138373290410723E+000 
      5.56000000 -0.864879920523046E+003  0.147017095268629E+000 
      5.58000000 -0.864869473795660E+003  0.157463822654020E+000 
      5.60000000 -0.864857220008925E+003  0.169717609388986E+000 
      5.62000000 -0.864843187204540E+003  0.183750413774306E+000 
      5.64000000 -0.864827436547888E+003  0.199501070426767E+000 
      5.66000000 -0.864810062644128E+003  0.216874974185848E+000 
      5.68000000 -0.864791193174526E+003  0.235744443788851E+000 
      5.70000000 -0.864770987813435E+003  0.255949804879183E+000 
      5.72000000 -0.864749636401029E+003  0.277301217285308E+000 
      5.74000000 -0.864727356363875E+003  0.299581254439173E+000 
      5.76000000 -0.864704389395825E+003  0.322548222489025E+000 
      5.78000000 -0.864680997433131E+003  0.345940185183730E+000 
      5.80000000 -0.864657457983034E+003  0.369479635280707E+000 
      5.82000000 -0.864634058888069E+003  0.392878730245385E+000 
      5.84000000 -0.864611092634930E+003  0.415844983383961E+000 
      5.86000000 -0.864588850338292E+003  0.438087280022581E+000 
      5.88000000 -0.864567615550630E+003  0.459322067683942E+000 
      5.90000000 -0.864547658067559E+003  0.479279550755092E+000 
      5.92000000 -0.864529227905805E+003  0.497709712509407E+000 
      5.94000000 -0.864512549638967E+003  0.514387979347183E+000 
      5.96000000 -0.864497817274007E+003  0.529120344307029E+000 
      5.98000000 -0.864485189838439E+003  0.541747779874994E+000 
      6.00000000 -0.864474787833309E+003  0.552149785005206E+000 
      6.02000000 -0.864466690680354E+003  0.560246937960616E+000 
      6.04000000 -0.864460935257147E+003  0.566002361167296E+000 
      6.06000000 -0.864457515577877E+003  0.569422040437203E+000 
      6.08000000 -0.864456383633898E+003  0.570553984416225E+000 
      6.10000000 -0.864457451360875E+003  0.569486257439234E+000 
      6.12000000 -0.864460593657031E+003  0.566343961283511E+000 
      6.14000000 -0.864465652333220E+003  0.561285285094935E+000 
      6.16000000 -0.864472440836856E+003  0.554496781458178E+000 
      6.18000000 -0.864480749564222E+003  0.546188054092862E+000 
      6.20000000 -0.864490351551242E+003  0.536586067071911E+000 
      6.22000000 -0.864501008323608E+003  0.525929294706714E+000 
      6.24000000 -0.864512475689289E+003  0.514461929025784E+000 
      6.26000000 -0.864524509266066E+003  0.502428352248092E+000 
      6.28000000 -0.864536869561129E+003  0.490068057185576E+000 
      6.30000000 -0.864549326453740E+003  0.477611164574778E+000 
      6.32000000 -0.864561662968077E+003  0.465274650237504E+000 
      6.34000000 -0.864573678270766E+003  0.453259347548349E+000 
      6.36000000 -0.864585189873223E+003  0.441747745091812E+000 
      6.38000000 -0.864596035061770E+003  0.430902556544790E+000 
      6.40000000 -0.864606071620893E+003  0.420865997421834E+000 
      6.42000000 -0.864615177947011E+003  0.411759671302976E+000 
      6.44000000 -0.864623252674566E+003  0.403684943748796E+000 
      6.46000000 -0.864630213950903E+003  0.396723667411695E+000 
      6.48000000 -0.864635998498920E+003  0.390939119394358E+000 
      6.50000000 -0.864640560599002E+003  0.386377019312073E+000 
      6.52000000 -0.864643871104799E+003  0.383066513515392E+000 
      6.54000000 -0.864645916582865E+003  0.381021035449861E+000 
      6.56000000 -0.864646698635887E+003  0.380238982427556E+000 
      6.58000000 -0.864646233436078E+003  0.380704182236232E+000 
      6.60000000 -0.864644551462327E+003  0.382386155987640E+000 
      6.62000000 -0.864641697403848E+003  0.385240214466384E+000 
      6.64000000 -0.864637730167043E+003  0.389207451271556E+000 
      6.66000000 -0.864632722902933E+003  0.394214715381746E+000 
      6.68000000 -0.864626762960844E+003  0.400174657470515E+000 
      6.70000000 -0.864619951670638E+003  0.406985947676575E+000 
      6.72000000 -0.864612403860610E+003  0.414533757704596E+000 
      6.74000000 -0.864604247031764E+003  0.422690586550511E+000 
      6.76000000 -0.864595620128150E+003  0.431317490164170E+000 
      6.78000000 -0.864586671866605E+003  0.440265751709474E+000 
      6.80000000 -0.864577558618882E+003  0.449378999431945E+000 
      6.82000000 -0.864568441866553E+003  0.458495751761166E+000 
      6.84000000 -0.864559485278125E+003  0.467452340189359E+000 
      6.86000000 -0.864550851485186E+003  0.476086133128546E+000 
      6.88000000 -0.864542698654271E+003  0.484238964043603E+000 
      6.90000000 -0.864535176970772E+003  0.491760647542565E+000 
      6.92000000 -0.864528425160620E+003  0.498512457693971E+000 
      6.94000000 -0.864522567179422E+003  0.504370438892209E+000 
      6.96000000 -0.864517709198958E+003  0.509228419356317E+000 
      6.98000000 -0.864513937008825E+003  0.513000609489124E+000 
      7.00000000 -0.864511313937337E+003  0.515623680977268E+000 
      7.02000000 -0.864509879377327E+003  0.517058240987531E+000 
      7.04000000 -0.864509647976756E+003  0.517289641558252E+000 
      7.06000000 -0.864510609528242E+003  0.516328090072579E+000 
      7.08000000 -0.864512729564389E+003  0.514208053925426E+000 
      7.10000000 -0.864515950637304E+003  0.510986981010542E+000 
      7.12000000 -0.864520194234465E+003  0.506743383849267E+000 
      7.14000000 -0.864525363260286E+003  0.501574358028214E+000 
      7.16000000 -0.864531344991163E+003  0.495592627151655E+000 
      7.18000000 -0.864538014395981E+003  0.488923222333788E+000 
      7.20000000 -0.864545237704247E+003  0.481699914067716E+000 
      7.22000000 -0.864552876096950E+003  0.474061521364328E+000 
      7.24000000 -0.864560789394777E+003  0.466148223536962E+000 
      7.26000000 -0.864568839624055E+003  0.458097994258893E+000 
      7.28000000 -0.864576894348965E+003  0.450043269349415E+000 
      7.30000000 -0.864584829672105E+003  0.442107946209854E+000 
      7.32000000 -0.864592532822833E+003  0.434404795481635E+000 
      7.34000000 -0.864599904271139E+003  0.427033347175609E+000 
      7.36000000 -0.864606859326528E+003  0.420078291786045E+000 
      7.38000000 -0.864613329201515E+003  0.413608416799137E+000 
      7.40000000 -0.864619261540422E+003  0.407676077892827E+000 
      7.42000000 -0.864624620433974E+003  0.402317184340051E+000 
      7.44000000 -0.864629385956784E+003  0.397551661530308E+000 
      7.46000000 -0.864633553279835E+003  0.393384338479383E+000 
      7.48000000 -0.864637131421231E+003  0.389806197083620E+000 
      7.50000000 -0.864640141706281E+003  0.386795912033481E+000 
      7.52000000 -0.864642616012480E+003  0.384321605834381E+000 
      7.54000000 -0.864644594875707E+003  0.382342742607587E+000 
      7.56000000 -0.864646125531785E+003  0.380812086529558E+000 
      7.58000000 -0.864647259962519E+003  0.379677655795649E+000 
      7.60000000 -0.864648053007695E+003  0.378884610619392E+000 
      7.62000000 -0.864648560596173E+003  0.378377022141468E+000 
      7.64000000 -0.864648838138472E+003  0.378099479842094E+000 
      7.66000000 -0.864648939112860E+003  0.377998505454477E+000 
      7.68000000 -0.864648913866774E+003  0.378023751540405E+000 
      7.70000000 -0.864648808644670E+003  0.378128973644093E+000 
      7.72000000 -0.864648664844944E+003  0.378272773370759E+000 
      7.74000000 -0.864648518500270E+003  0.378419118044611E+000 
      7.76000000 -0.864648399969208E+003  0.378537649106206E+000 
      7.78000000 -0.864648333821978E+003  0.378603796336866E+000 
      7.80000000 -0.864648338899351E+003  0.378598718963167E+000 
      7.82000000 -0.864648428521563E+003  0.378509096751019E+000 
      7.84000000 -0.864648610822617E+003  0.378326795697666E+000 
      7.86000000 -0.864648889185490E+003  0.378048432824371E+000 
      7.88000000 -0.864649262754196E+003  0.377674864118189E+000 
      7.90000000 -0.864649726999771E+003  0.377210618543623E+000 
      7.92000000 -0.864650274319163E+003  0.376663299151862E+000 
      7.94000000 -0.864650894647552E+003  0.376042970762748E+000 
      7.96000000 -0.864651576066865E+003  0.375361551449612E+000 
      7.98000000 -0.864652305395268E+003  0.374632223046127E+000 
      8.00000000 -0.864653068744457E+003  0.373868873857480E+000 
      8.02000000 -0.864653852033895E+003  0.373085584419922E+000 
      8.04000000 -0.864654641452893E+003  0.372296165421681E+000 
      8.06000000 -0.864655423863475E+003  0.371513754839282E+000 
      8.08000000 -0.864656187139377E+003  0.370750478936975E+000 
      8.10000000 -0.864656920437911E+003  0.370017180403635E+000 
      8.12000000 -0.864657614403684E+003  0.369323214630805E+000 
      8.14000000 -0.864658261305105E+003  0.368676313209125E+000 
      8.16000000 -0.864658855106038E+003  0.368082512276464E+000 
      8.18000000 -0.864659391476972E+003  0.367546141342856E+000 
      8.20000000 -0.864659867751259E+003  0.367069867055909E+000 
      8.22000000 -0.864660282833310E+003  0.366654785004321E+000 
      8.24000000 -0.864660637066668E+003  0.366300551646925E+000 
      8.26000000 -0.864660932070286E+003  0.366005548027940E+000 
      8.28000000 -0.864661170551946E+003  0.365767066367856E+000 
      8.30000000 -0.864661356107491E+003  0.365581510823495E+000 
      8.32000000 -0.864661493014549E+003  0.365444603764868E+000 
      8.34000000 -0.864661586028502E+003  0.365351589812202E+000 
      8.36000000 -0.864661640187708E+003  0.365297430606144E+000 
      8.38000000 -0.864661660634220E+003  0.365276984094339E+000 
      8.40000000 -0.864661652454697E+003  0.365285163617041E+000 
      8.42000000 -0.864661620544936E+003  0.365317073378593E+000 
      8.44000000 -0.864661569500478E+003  0.365368117836769E+000 
      8.46000000 -0.864661503534078E+003  0.365434084236098E+000 
      8.48000000 -0.864661426419809E+003  0.365511198505511E+000 
      8.50000000 -0.864661341462542E+003  0.365596155772013E+000 
      8.52000000 -0.864661251490058E+003  0.365686128256079E+000 
      8.54000000 -0.864661158865244E+003  0.365778753070488E+000 
      8.56000000 -0.864661065514473E+003  0.365872103841786E+000 
      8.58000000 -0.864660972968120E+003  0.365964650194398E+000 
      8.60000000 -0.864660882409625E+003  0.366055208689212E+000 
      8.62000000 -0.864660794728683E+003  0.366142889631757E+000 
      8.64000000 -0.864660710575208E+003  0.366227043106409E+000 
      8.66000000 -0.864660630411021E+003  0.366307207293366E+000 
      8.68000000 -0.864660554556343E+003  0.366383061970934E+000 
      8.70000000 -0.864660483229411E+003  0.366454388903257E+000 
      8.72000000 -0.864660416577940E+003  0.366521040374675E+000 
      8.74000000 -0.864660354701791E+003  0.366582916523579E+000 
      8.76000000 -0.864660297667073E+003  0.366639951241885E+000 
      8.78000000 -0.864660245512444E+003  0.366692105870815E+000 
      8.80000000 -0.864660198248650E+003  0.366739369664637E+000 
      8.82000000 -0.864660155852937E+003  0.366781765377475E+000 
      8.84000000 -0.864660118260246E+003  0.366819358068883E+000 
      8.86000000 -0.864660085352972E+003  0.366852265341937E+000 
      8.88000000 -0.864660056951052E+003  0.366880667262889E+000 
      8.90000000 -0.864660032804283E+003  0.366904814031102E+000 
      8.92000000 -0.864660012588471E+003  0.366925029843610E+000 
      8.94000000 -0.864659995910784E+003  0.366941707530662E+000 
      8.96000000 -0.864659982320721E+003  0.366955297593728E+000 
      8.98000000 -0.864659971317853E+003  0.366966300461122E+000 
      9.00000000 -0.864659962359562E+003  0.366975258752315E+000 
      9.02000000 -0.864659954869127E+003  0.366982749186983E+000 
      9.04000000 -0.864659948243827E+003  0.366989374487277E+000 
      9.06000000 -0.864659941863290E+003  0.366995755024875E+000 
      9.08000000 -0.864659935097835E+003  0.367002520479644E+000 
      9.10000000 -0.864659927316720E+003  0.367010301594090E+000 
      9.12000000 -0.864659917896422E+003  0.367019721892828E+000 
      9.14000000 -0.864659906228832E+003  0.367031389481992E+000 
      9.16000000 -0.864659891729413E+003  0.367045888901139E+000 
      9.18000000 -0.864659873845328E+003  0.367063772986667E+000 
      9.20000000 -0.864659852063348E+003  0.367085554966366E+000 
      9.22000000 -0.864659825917761E+003  0.367111700553208E+000 
      9.24000000 -0.864659794998061E+003  0.367142620253170E+000 
      9.26000000 -0.864659758956301E+003  0.367178662013154E+000 
      9.28000000 -0.864659717514095E+003  0.367220104218970E+000 
      9.30000000 -0.864659670468970E+003  0.367267149344800E+000 
      9.32000000 -0.864659617700049E+003  0.367319918265372E+000 
      9.34000000 -0.864659559172734E+003  0.367378445580210E+000 
      9.36000000 -0.864659494942290E+003  0.367442676024314E+000 
      9.38000000 -0.864659425156144E+003  0.367512462169920E+000 
      9.40000000 -0.864659350054682E+003  0.367587563632131E+000 
      9.42000000 -0.864659269970600E+003  0.367667647714892E+000 
      9.44000000 -0.864659185326470E+003  0.367752291843896E+000 
      9.46000000 -0.864659096630750E+003  0.367840987564836E+000 
      9.48000000 -0.864659004472165E+003  0.367933146149548E+000 
      9.50000000 -0.864658909512443E+003  0.368028105871520E+000 
      9.52000000 -0.864658812477680E+003  0.368125140634555E+000 
      9.54000000 -0.864658714148388E+003  0.368223469926448E+000 
      9.56000000 -0.864658615348509E+003  0.368322269805243E+000 
      9.58000000 -0.864658516933447E+003  0.368420684867120E+000 
      9.60000000 -0.864658419777511E+003  0.368517840803606E+000 
      9.62000000 -0.864658324760962E+003  0.368612857352448E+000 
      9.64000000 -0.864658232756816E+003  0.368704861498096E+000 
      9.66000000 -0.864658144617795E+003  0.368793000519054E+000 
      9.68000000 -0.864658061163501E+003  0.368876454813073E+000 
      9.70000000 -0.864657983168074E+003  0.368954450240715E+000 
      9.72000000 -0.864657911348482E+003  0.369026269832027E+000 
      9.74000000 -0.864657846353702E+003  0.369091264612508E+000 
      9.76000000 -0.864657788754811E+003  0.369148863503524E+000 
      9.78000000 -0.864657739036282E+003  0.369198582032848E+000 
      9.80000000 -0.864657697588423E+003  0.369240029891305E+000 
      9.82000000 -0.864657664701119E+003  0.369272917194937E+000 
      9.84000000 -0.864657640559165E+003  0.369297059149739E+000 
      9.86000000 -0.864657625238868E+003  0.369312379446655E+000 
      9.88000000 -0.864657618706355E+003  0.369318911959574E+000 
      9.90000000 -0.864657620817459E+003  0.369316800855339E+000 
      9.92000000 -0.864657631319138E+003  0.369306299175924E+000 
      9.94000000 -0.864657649852629E+003  0.369287765685503E+000 
      9.96000000 -0.864657675958064E+003  0.369261660250381E+000 
      9.98000000 -0.864657709080705E+003  0.369228537609890E+000 
     10.00000000 -0.864657748578577E+003  0.369189039737865E+000 
     10.02000000 -0.864657793731406E+003  0.369143886908294E+000 
     10.04000000 -0.864657843750715E+003  0.369093867599728E+000 
     10.06000000 -0.864657897790828E+003  0.369039827486788E+000 
     10.08000000 -0.864657954960677E+003  0.368982657637491E+000 
     10.10000000 -0.864658014335984E+003  0.368923282330171E+000 
     10.12000000 -0.864658074971744E+003  0.368862646570897E+000 
     10.14000000 -0.864658135914676E+003  0.368801703638829E+000 
     10.16000000 -0.864658196215378E+003  0.368741402936587E+000 
     10.18000000 -0.864658254940013E+003  0.368682678301658E+000 
     10.20000000 -0.864658311181411E+003  0.368626436903832E+000 
     10.22000000 -0.864658364069355E+003  0.368573548958975E+000 
     10.24000000 -0.864658412780117E+003  0.368524838196938E+000 
     10.26000000 -0.864658456545157E+003  0.368481073157400E+000 
     10.28000000 -0.864658494658928E+003  0.368442959386511E+000 
     10.30000000 -0.864658526486087E+003  0.368411132227023E+000 
     10.32000000 -0.864658551467950E+003  0.368386150364609E+000 
     10.34000000 -0.864658569128391E+003  0.368368489923767E+000 
     10.36000000 -0.864658579079275E+003  0.368358539039664E+000 
     10.38000000 -0.864658581025349E+003  0.368356592965061E+000 
     10.40000000 -0.864658574768706E+003  0.368362849608215E+000 
     10.42000000 -0.864658560212688E+003  0.368377405626662E+000 
     10.44000000 -0.864658537365144E+003  0.368400253170161E+000 
     10.46000000 -0.864658506340885E+003  0.368431277429039E+000 
     10.48000000 -0.864658467363133E+003  0.368470255180882E+000 
     10.50000000 -0.864658420763739E+003  0.368516854575149E+000 
     10.52000000 -0.864658366981910E+003  0.368570636404436E+000 
     10.54000000 -0.864658306561204E+003  0.368631057110177E+000 
     10.56000000 -0.864658240144577E+003  0.368697473737776E+000 
     10.58000000 -0.864658168467278E+003  0.368769151036178E+000 
     10.60000000 -0.864658092347521E+003  0.368845270793794E+000 
     10.62000000 -0.864658012674838E+003  0.368924943476052E+000 
     10.64000000 -0.864657930396195E+003  0.369007222119423E+000 
     10.66000000 -0.864657846500029E+003  0.369091118285575E+000 
     10.68000000 -0.864657761998457E+003  0.369175619857652E+000 
     10.70000000 -0.864657677908065E+003  0.369259710249546E+000 
     10.72000000 -0.864657595229749E+003  0.369342388565770E+000 
     10.74000000 -0.864657514928190E+003  0.369422690124819E+000 
     10.76000000 -0.864657437911637E+003  0.369499706677243E+000 
     10.78000000 -0.864657365012650E+003  0.369572605664508E+000 
     10.80000000 -0.864657296970499E+003  0.369640647815070E+000 
     10.82000000 -0.864657234415931E+003  0.369703202383133E+000 
     10.84000000 -0.864657177858840E+003  0.369759759473945E+000 
     10.86000000 -0.864657127679328E+003  0.369809938986743E+000 
     10.88000000 -0.864657084122518E+003  0.369853495796789E+000 
     10.90000000 -0.864657047297279E+003  0.369890321035524E+000 
     10.92000000 -0.864657017178871E+003  0.369920439443729E+000 
     10.94000000 -0.864656993615368E+003  0.369944002946550E+000 
     10.96000000 -0.864656976337489E+003  0.369961280825400E+000 
     10.98000000 -0.864656964971421E+003  0.369972646893734E+000 
     11.00000000 -0.864656959054055E+003  0.369978564259540E+000 
     11.02000000 -0.864656958049969E+003  0.369979568345085E+000 
     11.04000000 -0.864656961369514E+003  0.369976248800614E+000 
     11.06000000 -0.864656968387279E+003  0.369969231035308E+000 
     11.08000000 -0.864656978460332E+003  0.369959157982106E+000 
     11.10000000 -0.864656990945607E+003  0.369946672707165E+000 
     11.12000000 -0.864657005215930E+003  0.369932402384358E+000 
     11.14000000 -0.864657020674271E+003  0.369916944043752E+000 
     11.16000000 -0.864657036765887E+003  0.369900852426903E+000 
     11.18000000 -0.864657052988148E+003  0.369884630166392E+000 
     11.20000000 -0.864657068897925E+003  0.369868720389669E+000 
     11.22000000 -0.864657084116553E+003  0.369853501761784E+000 
     11.24000000 -0.864657098332402E+003  0.369839285912409E+000 
     11.26000000 -0.864657111301241E+003  0.369826317073400E+000 
     11.28000000 -0.864657122844589E+003  0.369814773724968E+000 
     11.30000000 -0.864657132846331E+003  0.369804771982954E+000 
     11.32000000 -0.864657141247885E+003  0.369796370429446E+000 
     11.34000000 -0.864657148042242E+003  0.369789576072167E+000 
     11.36000000 -0.864657153267210E+003  0.369784351104812E+000 
     11.38000000 -0.864657156998159E+003  0.369780620155390E+000 
     11.40000000 -0.864657159340599E+003  0.369778277715645E+000 
     11.42000000 -0.864657160422824E+003  0.369777195490422E+000 
     11.44000000 -0.864657160388884E+003  0.369777229430821E+000 
     11.46000000 -0.864657159392073E+003  0.369778226241145E+000 
     11.48000000 -0.864657157589086E+003  0.369780029228176E+000 
     11.50000000 -0.864657155134939E+003  0.369782483375609E+000 
     11.52000000 -0.864657152178730E+003  0.369785439584763E+000 
     11.54000000 -0.864657148860248E+003  0.369788758066688E+000 
     11.56000000 -0.864657145307418E+003  0.369792310896492E+000 
     11.58000000 -0.864657141634537E+003  0.369795983777650E+000 
     11.60000000 -0.864657137941221E+003  0.369799677093812E+000 
     11.62000000 -0.864657134311985E+003  0.369803306328862E+000 
     11.64000000 -0.864657130816352E+003  0.369806801962211E+000 
     11.66000000 -0.864657127509381E+003  0.369810108933035E+000 
     11.68000000 -0.864657124432540E+003  0.369813185774843E+000 
     11.70000000 -0.864657121614801E+003  0.369816003513394E+000 
     11.72000000 -0.864657119073910E+003  0.369818544404224E+000 
     11.74000000 -0.864657116817734E+003  0.369820800580850E+000 
     11.76000000 -0.864657114845652E+003  0.369822772662280E+000 
     11.78000000 -0.864657113149943E+003  0.369824468371528E+000 
     11.80000000 -0.864657111717125E+003  0.369825901189821E+000 
     11.82000000 -0.864657110529239E+003  0.369827089075563E+000 
     11.84000000 -0.864657109565045E+003  0.369828053269442E+000 
     11.86000000 -0.864657108801111E+003  0.369828817203074E+000 
     11.88000000 -0.864657108212789E+003  0.369829405525594E+000 
     11.90000000 -0.864657107775049E+003  0.369829843265482E+000 
     11.92000000 -0.864657107463175E+003  0.369830155139545E+000 
     11.94000000 -0.864657107253294E+003  0.369830365020813E+000 
     11.96000000 -0.864657107122741E+003  0.369830495573117E+000 
     11.98000000 -0.864657107050265E+003  0.369830568049423E+000 
     12.00000000 -0.864657107016063E+003  0.369830602251810E+000 
     12.02000000 -0.864657106993532E+003  0.369830624782229E+000 
     12.04000000 -0.864657106966463E+003  0.369830651851699E+000 
     12.06000000 -0.864657106935363E+003  0.369830682951615E+000 
     12.08000000 -0.864657106901230E+003  0.369830717084783E+000 
     12.10000000 -0.864657106865387E+003  0.369830752926958E+000 
     12.12000000 -0.864657106829354E+003  0.369830788960161E+000 
     12.14000000 -0.864657106794683E+003  0.369830823631321E+000 
     12.16000000 -0.864657106762797E+003  0.369830855517779E+000 
     12.18000000 -0.864657106734837E+003  0.369830883477618E+000 
     12.20000000 -0.864657106711540E+003  0.369830906774472E+000 
     12.22000000 -0.864657106693154E+003  0.369830925160852E+000 
     12.24000000 -0.864657106679410E+003  0.369830938904839E+000 
     12.26000000 -0.864657106669549E+003  0.369830948765903E+000 
     12.28000000 -0.864657106662400E+003  0.369830955914868E+000 
     12.30000000 -0.864657106656506E+003  0.369830961808131E+000 
     12.32000000 -0.864657106650283E+003  0.369830968031246E+000 
     12.34000000 -0.864657106642184E+003  0.369830976130713E+000 
     12.36000000 -0.864657106630867E+003  0.369830987447015E+000 
     12.38000000 -0.864657106615338E+003  0.369831002976091E+000 
     12.40000000 -0.864657106595047E+003  0.369831023267148E+000 
     12.42000000 -0.864657106569942E+003  0.369831048372197E+000 
     12.44000000 -0.864657106540463E+003  0.369831077850885E+000 
     12.46000000 -0.864657106507485E+003  0.369831110829569E+000 
     12.48000000 -0.864657106472209E+003  0.369831146105910E+000 
     12.50000000 -0.864657106436030E+003  0.369831182284705E+000 
     12.52000000 -0.864657106400380E+003  0.369831217934788E+000 
     12.54000000 -0.864657106366577E+003  0.369831251737523E+000 
     12.56000000 -0.864657106335690E+003  0.369831282624273E+000 
     12.58000000 -0.864657106308440E+003  0.369831309874716E+000 
     12.60000000 -0.864657106285137E+003  0.369831333177273E+000 
     12.62000000 -0.864657106265677E+003  0.369831352637608E+000 
     12.64000000 -0.864657106249568E+003  0.369831368746440E+000 
     12.66000000 -0.864657106236012E+003  0.369831382302298E+000 
     12.68000000 -0.864657106224007E+003  0.369831394307308E+000 
     12.70000000 -0.864657106212467E+003  0.369831405847604E+000 
     12.72000000 -0.864657106200346E+003  0.369831417968720E+000 
     12.74000000 -0.864657106186747E+003  0.369831431567695E+000 
     12.76000000 -0.864657106171010E+003  0.369831447303944E+000 
     12.78000000 -0.864657106152771E+003  0.369831465543283E+000 
     12.80000000 -0.864657106131973E+003  0.369831486341300E+000 
     12.82000000 -0.864657106108858E+003  0.369831509456212E+000 
     12.84000000 -0.864657106083916E+003  0.369831534398365E+000 
     12.86000000 -0.864657106057812E+003  0.369831560502735E+000 
     12.88000000 -0.864657106031300E+003  0.369831587014491E+000 
     12.90000000 -0.864657106005133E+003  0.369831613181603E+000 
     12.92000000 -0.864657105979976E+003  0.369831638338179E+000 
     12.94000000 -0.864657105956338E+003  0.369831661976292E+000 
     12.96000000 -0.864657105934523E+003  0.369831683791419E+000 
     12.98000000 -0.864657105914610E+003  0.369831703704189E+000 
     13.00000000 -0.864657105896459E+003  0.369831721854878E+000 
     13.02000000 -0.864657105879745E+003  0.369831738569664E+000 
     13.04000000 -0.864657105864002E+003  0.369831754312391E+000 
     13.06000000 -0.864657105848698E+003  0.369831769616120E+000 
     13.08000000 -0.864657105833298E+003  0.369831785016329E+000 
     13.10000000 -0.864657105817332E+003  0.369831800982277E+000 
     13.12000000 -0.864657105800449E+003  0.369831817865083E+000 
     13.14000000 -0.864657105782456E+003  0.369831835858193E+000 
     13.16000000 -0.864657105763331E+003  0.369831854983745E+000 
     13.18000000 -0.864657105743217E+003  0.369831875097405E+000 
     13.20000000 -0.864657105722399E+003  0.369831895915046E+000 
     13.22000000 -0.864657105701258E+003  0.369831917056354E+000 
     13.24000000 -0.864657105680217E+003  0.369831938097893E+000 
     13.26000000 -0.864657105659686E+003  0.369831958628219E+000 
     13.28000000 -0.864657105640013E+003  0.369831978301624E+000 
     13.30000000 -0.864657105621436E+003  0.369831996878163E+000 
     13.32000000 -0.864657105604061E+003  0.369832014253525E+000 
     13.34000000 -0.864657105587846E+003  0.369832030468215E+000 
     13.36000000 -0.864657105572616E+003  0.369832045698084E+000 
     13.38000000 -0.864657105558083E+003  0.369832060231899E+000 
     13.40000000 -0.864657105543884E+003  0.369832074429964E+000 
     13.42000000 -0.864657105529632E+003  0.369832088682747E+000 
     13.44000000 -0.864657105514956E+003  0.369832103358673E+000 
     13.46000000 -0.864657105499553E+003  0.369832118761203E+000 
     13.48000000 -0.864657105483223E+003  0.369832135091226E+000 
     13.50000000 -0.864657105465891E+003  0.369832152423374E+000 
     13.52000000 -0.864657105447616E+003  0.369832170698192E+000 
     13.54000000 -0.864657105428586E+003  0.369832189728230E+000 
     13.56000000 -0.864657105409095E+003  0.369832209219211E+000 
     13.58000000 -0.864657105389508E+003  0.369832228806286E+000 
     13.60000000 -0.864657105370222E+003  0.369832248092221E+000 
     13.62000000 -0.864657105351622E+003  0.369832266692736E+000 
     13.64000000 -0.864657105334037E+003  0.369832284277590E+000 
     13.66000000 -0.864657105317711E+003  0.369832300603069E+000 
     13.68000000 -0.864657105302778E+003  0.369832315536729E+000 
     13.70000000 -0.864657105289246E+003  0.369832329068612E+000 
     13.72000000 -0.864657105277006E+003  0.369832341308346E+000 
     13.74000000 -0.864657105265841E+003  0.369832352473160E+000 
     13.76000000 -0.864657105255450E+003  0.369832362864676E+000 
     13.78000000 -0.864657105245474E+003  0.369832372840300E+000 
     13.80000000 -0.864657105235531E+003  0.369832382783634E+000 
     13.82000000 -0.864657105225243E+003  0.369832393071419E+000 
     13.84000000 -0.864657105214267E+003  0.369832404047137E+000 
     13.86000000 -0.864657105202318E+003  0.369832415996849E+000 
     13.88000000 -0.864657105189184E+003  0.369832429130724E+000 
     13.90000000 -0.864657105174742E+003  0.369832443572795E+000 
     13.92000000 -0.864657105158961E+003  0.369832459352935E+000 
     13.94000000 -0.864657105141906E+003  0.369832476408014E+000 
     13.96000000 -0.864657105123728E+003  0.369832494586449E+000 
     13.98000000 -0.864657105104654E+003  0.369832513660473E+000 
     14.00000000 -0.864657105084974E+003  0.369832533340549E+000 
     14.02000000 -0.864657105065018E+003  0.369832553295953E+000 
     14.04000000 -0.864657105045136E+003  0.369832573177982E+000 
     14.06000000 -0.864657105025672E+003  0.369832592642184E+000 
     14.08000000 -0.864657105006940E+003  0.369832611374078E+000 
     14.10000000 -0.864657104989206E+003  0.369832629107908E+000 
     14.12000000 -0.864657104972669E+003  0.369832645645780E+000 
     14.14000000 -0.864657104957445E+003  0.369832660869269E+000 
     14.16000000 -0.864657104943568E+003  0.369832674745893E+000 
     14.18000000 -0.864657104930986E+003  0.369832687328628E+000 
     14.20000000 -0.864657104919563E+003  0.369832698751561E+000 
     14.22000000 -0.864657104909094E+003  0.369832709219934E+000 
     14.24000000 -0.864657104899317E+003  0.369832718997665E+000 
     14.26000000 -0.864657104889925E+003  0.369832728389473E+000 
     14.28000000 -0.864657104880589E+003  0.369832737725306E+000 
     14.30000000 -0.864657104870974E+003  0.369832747340334E+000 
     14.32000000 -0.864657104860758E+003  0.369832757556677E+000 
     14.34000000 -0.864657104849649E+003  0.369832768664839E+000 
     14.36000000 -0.864657104837410E+003  0.369832780904284E+000 
     14.38000000 -0.864657104823867E+003  0.369832794447188E+000 
     14.40000000 -0.864657104808930E+003  0.369832809384134E+000 
     14.42000000 -0.864657104792602E+003  0.369832825712610E+000 
     14.44000000 -0.864657104774981E+003  0.369832843333234E+000 
     14.46000000 -0.864657104756265E+003  0.369832862048984E+000 
     14.48000000 -0.864657104736738E+003  0.369832881576605E+000 
     14.50000000 -0.864657104716752E+003  0.369832901562461E+000 
     14.52000000 -0.864657104696705E+003  0.369832921609029E+000 
     14.54000000 -0.864657104677011E+003  0.369832941303509E+000 
     14.56000000 -0.864657104658061E+003  0.369832960253017E+000 
     14.58000000 -0.864657104640196E+003  0.369832978118614E+000 
     14.60000000 -0.864657104623671E+003  0.369832994643725E+000 
     14.62000000 -0.864657104608637E+003  0.369833009677346E+000 
     14.64000000 -0.864657104595127E+003  0.369833023186994E+000 
     14.66000000 -0.864657104583055E+003  0.369833035259676E+000 
     14.68000000 -0.864657104572223E+003  0.369833046091253E+000 
     14.70000000 -0.864657104562348E+003  0.369833055966819E+000 
     14.72000000 -0.864657104553082E+003  0.369833065232563E+000 
     14.74000000 -0.864657104544050E+003  0.369833074264356E+000 
     14.76000000 -0.864657104534882E+003  0.369833083432266E+000 
     14.78000000 -0.864657104525242E+003  0.369833093072043E+000 
     14.80000000 -0.864657104514857E+003  0.369833103457179E+000 
     14.82000000 -0.864657104503532E+003  0.369833114781988E+000 
     14.84000000 -0.864657104491165E+003  0.369833127149816E+000 
     14.86000000 -0.864657104477742E+003  0.369833140572167E+000 
     14.88000000 -0.864657104463340E+003  0.369833154974602E+000 
     14.90000000 -0.864657104448107E+003  0.369833170207468E+000 
     14.92000000 -0.864657104432250E+003  0.369833186064174E+000 
     14.94000000 -0.864657104416014E+003  0.369833202300036E+000 
     14.96000000 -0.864657104399661E+003  0.369833218653357E+000 
     14.98000000 -0.864657104383449E+003  0.369833234865243E+000 
     15.00000000 -0.864657104367616E+003  0.369833250698554E+000 
     15.02000000 -0.864657104352362E+003  0.369833265952882E+000 
     15.04000000 -0.864657104337840E+003  0.369833280474612E+000 
     15.06000000 -0.864657104324149E+003  0.369833294165041E+000 
     15.08000000 -0.864657104311333E+003  0.369833306981341E+000 
     15.10000000 -0.864657104299379E+003  0.369833318935597E+000 
     15.12000000 -0.864657104288227E+003  0.369833330087553E+000 
     15.14000000 -0.864657104277779E+003  0.369833340535043E+000 
     15.16000000 -0.864657104267910E+003  0.369833350404615E+000 
     15.18000000 -0.864657104258475E+003  0.369833359839443E+000 
     15.20000000 -0.864657104249326E+003  0.369833368987921E+000 
     15.22000000 -0.864657104240320E+003  0.369833377994675E+000 
     15.24000000 -0.864657104231321E+003  0.369833386993696E+000 
     15.26000000 -0.864657104222211E+003  0.369833396103698E+000 
     15.28000000 -0.864657104212889E+003  0.369833405425417E+000 
     15.30000000 -0.864657104203273E+003  0.369833415041025E+000 
     15.32000000 -0.864657104193301E+003  0.369833425013748E+000 
     15.34000000 -0.864657104182928E+003  0.369833435386510E+000 
     15.36000000 -0.864657104172134E+003  0.369833446180384E+000 
     15.38000000 -0.864657104160922E+003  0.369833457392085E+000 
     15.40000000 -0.864657104149326E+003  0.369833468988646E+000 
     15.42000000 -0.864657104137410E+003  0.369833480904232E+000 
     15.44000000 -0.864657104125277E+003  0.369833493037431E+000 
     15.46000000 -0.864657104113063E+003  0.369833505251837E+000 
     15.48000000 -0.864657104100934E+003  0.369833517380590E+000 
     15.50000000 -0.864657104089079E+003  0.369833529235561E+000 
     15.52000000 -0.864657104077692E+003  0.369833540622339E+000 
     15.54000000 -0.864657104066956E+003  0.369833551358015E+000 
     15.56000000 -0.864657104057024E+003  0.369833561290426E+000 
     15.58000000 -0.864657104047999E+003  0.369833570315645E+000 
     15.60000000 -0.864657104039921E+003  0.369833578393842E+000 
     15.62000000 -0.864657104032757E+003  0.369833585557792E+000 
     15.64000000 -0.864657104026400E+003  0.369833591913931E+000 
     15.66000000 -0.864657104020677E+003  0.369833597637627E+000 
     15.68000000 -0.864657104015357E+003  0.369833602957612E+000 
     15.70000000 -0.864657104010178E+003  0.369833608136258E+000 
     15.72000000 -0.864657104004868E+003  0.369833613446769E+000 
     15.74000000 -0.864657103999168E+003  0.369833619145910E+000 
     15.76000000 -0.864657103992863E+003  0.369833625451488E+000 
     15.78000000 -0.864657103985793E+003  0.369833632521374E+000 
     15.80000000 -0.864657103977872E+003  0.369833640442089E+000 
     15.82000000 -0.864657103969094E+003  0.369833649219919E+000 
     15.84000000 -0.864657103959529E+003  0.369833658785450E+000 
     15.86000000 -0.864657103949310E+003  0.369833669004403E+000 
     15.88000000 -0.864657103938624E+003  0.369833679690389E+000 
     15.90000000 -0.864657103927686E+003  0.369833690628888E+000 
     15.92000000 -0.864657103916720E+003  0.369833701594166E+000 
     15.94000000 -0.864657103905942E+003  0.369833712372766E+000 
     15.96000000 -0.864657103895536E+003  0.369833722778106E+000 
     15.98000000 -0.864657103885652E+003  0.369833732661986E+000 
     16.00000000 -0.864657103876393E+003  0.369833741921060E+000 
     16.02000000 -0.864657103867817E+003  0.369833750497033E+000 
     16.04000000 -0.864657103859943E+003  0.369833758371732E+000 
     16.06000000 -0.864657103852754E+003  0.369833765560430E+000 
     16.08000000 -0.864657103846211E+003  0.369833772103247E+000 
     16.10000000 -0.864657103840257E+003  0.369833778057511E+000 
     16.12000000 -0.864657103834826E+003  0.369833783488478E+000 
     16.14000000 -0.864657103829848E+003  0.369833788466719E+000 
     16.16000000 -0.864657103825249E+003  0.369833793065127E+000 
     16.18000000 -0.864657103820957E+003  0.369833797357851E+000 
     16.20000000 -0.864657103816891E+003  0.369833801422907E+000 
     16.22000000 -0.864657103812970E+003  0.369833805343918E+000 
     16.24000000 -0.864657103809104E+003  0.369833809210502E+000 
     16.26000000 -0.864657103805191E+003  0.369833813123779E+000 
     16.28000000 -0.864657103801122E+003  0.369833817192605E+000 
     16.30000000 -0.864657103796781E+003  0.369833821533086E+000 
     16.32000000 -0.864657103792052E+003  0.369833826262778E+000 
     16.34000000 -0.864657103786819E+003  0.369833831494982E+000 
     16.36000000 -0.864657103780986E+003  0.369833837328307E+000 
     16.38000000 -0.864657103774476E+003  0.369833843838158E+000 
     16.40000000 -0.864657103767249E+003  0.369833851065332E+000 
     16.42000000 -0.864657103759306E+003  0.369833859008670E+000 
     16.44000000 -0.864657103750696E+003  0.369833867618479E+000 
     16.46000000 -0.864657103741518E+003  0.369833876796153E+000 
     16.48000000 -0.864657103731920E+003  0.369833886394554E+000 
     16.50000000 -0.864657103722087E+003  0.369833896227003E+000 
     16.52000000 -0.864657103712235E+003  0.369833906079657E+000 
     16.54000000 -0.864657103702589E+003  0.369833915724944E+000 
     16.56000000 -0.864657103693374E+003  0.369833924940708E+000 
     16.58000000 -0.864657103684787E+003  0.369833933527896E+000 
     16.60000000 -0.864657103676987E+003  0.369833941327189E+000 
     16.62000000 -0.864657103670081E+003  0.369833948233791E+000 
     16.64000000 -0.864657103664108E+003  0.369833954206714E+000 
     16.66000000 -0.864657103659040E+003  0.369833959274862E+000 
     16.68000000 -0.864657103654782E+003  0.369833963532493E+000 
     16.70000000 -0.864657103651182E+003  0.369833967132836E+000 
     16.72000000 -0.864657103648041E+003  0.369833970273782E+000 
     16.74000000 -0.864657103645137E+003  0.369833973177490E+000 
     16.76000000 -0.864657103642244E+003  0.369833976070564E+000 
     16.78000000 -0.864657103639153E+003  0.369833979161434E+000 
     16.80000000 -0.864657103635693E+003  0.369833982621115E+000 
     16.82000000 -0.864657103631744E+003  0.369833986570356E+000 
     16.84000000 -0.864657103627243E+003  0.369833991071122E+000 
     16.86000000 -0.864657103622184E+003  0.369833996130183E+000 
     16.88000000 -0.864657103616608E+003  0.369834001706258E+000 
     16.90000000 -0.864657103610586E+003  0.369834007728097E+000 
     16.92000000 -0.864657103604201E+003  0.369834014113722E+000 
     16.94000000 -0.864657103597523E+003  0.369834020791690E+000 
     16.96000000 -0.864657103590594E+003  0.369834027719948E+000 
     16.98000000 -0.864657103583418E+003  0.369834034896465E+000 
     17.00000000 -0.864657103575951E+003  0.369834042363681E+000 
     17.02000000 -0.864657103568114E+003  0.369834050200000E+000 
     17.04000000 -0.864657103559810E+003  0.369834058504222E+000 
     17.06000000 -0.864657103550941E+003  0.369834067373506E+000 
     17.08000000 -0.864657103541439E+003  0.369834076875522E+000 
     17.10000000 -0.864657103531288E+003  0.369834087026706E+000 
     17.12000000 -0.864657103520543E+003  0.369834097771470E+000 
     17.14000000 -0.864657103509337E+003  0.369834108976983E+000 
     17.16000000 -0.864657103497877E+003  0.369834120437427E+000 
     17.18000000 -0.864657103486424E+003  0.369834131890330E+000 
     17.20000000 -0.864657103475269E+003  0.369834143045669E+000 
     17.22000000 -0.864657103464691E+003  0.369834153623090E+000 
     17.24000000 -0.864657103454927E+003  0.369834163387577E+000 
     17.26000000 -0.864657103446130E+003  0.369834172184161E+000 
     17.28000000 -0.864657103438350E+003  0.369834179964506E+000 
     17.30000000 -0.864657103431519E+003  0.369834186795896E+000 
     17.32000000 -0.864657103425452E+003  0.369834192862109E+000 
     17.34000000 -0.864657103419873E+003  0.369834198440987E+000 
     17.36000000 -0.864657103414438E+003  0.369834203876497E+000 
     17.38000000 -0.864657103408781E+003  0.369834209533681E+000 
     17.40000000 -0.864657103402556E+003  0.369834215758247E+000 
     17.42000000 -0.864657103395485E+003  0.369834222829872E+000 
     17.44000000 -0.864657103387386E+003  0.369834230928759E+000 
     17.46000000 -0.864657103378202E+003  0.369834240112137E+000 
     17.48000000 -0.864657103368008E+003  0.369834250306244E+000 
     17.50000000 -0.864657103357000E+003  0.369834261314155E+000 
     17.52000000 -0.864657103345475E+003  0.369834272839467E+000 
     17.54000000 -0.864657103333794E+003  0.369834284520811E+000 
     17.56000000 -0.864657103322339E+003  0.369834295975164E+000 
     17.58000000 -0.864657103311473E+003  0.369834306841738E+000 
     17.60000000 -0.864657103301490E+003  0.369834316824902E+000 
     17.62000000 -0.864657103292590E+003  0.369834325724541E+000 
     17.64000000 -0.864657103284856E+003  0.369834333458385E+000 
     17.66000000 -0.864657103278249E+003  0.369834340065491E+000 
     17.68000000 -0.864657103272617E+003  0.369834345697250E+000 
     17.70000000 -0.864657103267719E+003  0.369834350595831E+000 
     17.72000000 -0.864657103263253E+003  0.369834355060925E+000 
     17.74000000 -0.864657103258903E+003  0.369834359411847E+000 
     17.76000000 -0.864657103254364E+003  0.369834363950703E+000 
     17.78000000 -0.864657103249387E+003  0.369834368927881E+000 
     17.80000000 -0.864657103243799E+003  0.369834374515653E+000 
     17.82000000 -0.864657103237518E+003  0.369834380796096E+000 
     17.84000000 -0.864657103230559E+003  0.369834387755483E+000 
     17.86000000 -0.864657103223019E+003  0.369834395295592E+000 
     17.88000000 -0.864657103215064E+003  0.369834403250530E+000 
     17.90000000 -0.864657103206902E+003  0.369834411412351E+000 
     17.92000000 -0.864657103198756E+003  0.369834419558801E+000 
     17.94000000 -0.864657103190832E+003  0.369834427481933E+000 
     17.96000000 -0.864657103183306E+003  0.369834435008218E+000 
     17.98000000 -0.864657103176295E+003  0.369834442019035E+000 
     18.00000000 -0.864657103169857E+003  0.369834448457154E+000 
     18.02000000 -0.864657103163987E+003  0.369834454327795E+000 
     18.04000000 -0.864657103158622E+003  0.369834459691863E+000 
     18.06000000 -0.864657103153660E+003  0.369834464653960E+000 
     18.08000000 -0.864657103148971E+003  0.369834469343435E+000 
     18.10000000 -0.864657103144416E+003  0.369834473897952E+000 
     18.12000000 -0.864657103139868E+003  0.369834478446283E+000 
     18.14000000 -0.864657103135222E+003  0.369834483092255E+000 
     18.16000000 -0.864657103130408E+003  0.369834487906439E+000 
     18.18000000 -0.864657103125395E+003  0.369834492919773E+000 
     18.20000000 -0.864657103120190E+003  0.369834498124715E+000 
     18.22000000 -0.864657103114834E+003  0.369834503480179E+000 
     18.24000000 -0.864657103109395E+003  0.369834508918977E+000 
     18.26000000 -0.864657103103954E+003  0.369834514360577E+000 
     18.28000000 -0.864657103098592E+003  0.369834519722905E+000 
     18.30000000 -0.864657103093380E+003  0.369834524934421E+000 
     18.32000000 -0.864657103088370E+003  0.369834529944275E+000 
     18.34000000 -0.864657103083582E+003  0.369834534732551E+000 
     18.36000000 -0.864657103079001E+003  0.369834539312977E+000 
     18.38000000 -0.864657103074580E+003  0.369834543734761E+000 
     18.40000000 -0.864657103070234E+003  0.369834548080269E+000 
     18.42000000 -0.864657103065857E+003  0.369834552457196E+000 
     18.44000000 -0.864657103061325E+003  0.369834556989285E+000 
     18.46000000 -0.864657103056510E+003  0.369834561804244E+000 
     18.48000000 -0.864657103051294E+003  0.369834567020690E+000 
     18.50000000 -0.864657103045580E+003  0.369834572734719E+000 
     18.52000000 -0.864657103039306E+003  0.369834579008008E+000 
     18.54000000 -0.864657103032456E+003  0.369834585858540E+000 
     18.56000000 -0.864657103025059E+003  0.369834593255571E+000 
     18.58000000 -0.864657103017197E+003  0.369834601117702E+000 
     18.60000000 -0.864657103008998E+003  0.369834609316355E+000 
     18.62000000 -0.864657103000630E+003  0.369834617684673E+000 
     18.64000000 -0.864657102992286E+003  0.369834626028241E+000 
     18.66000000 -0.864657102984171E+003  0.369834634143659E+000 
     18.68000000 -0.864657102976479E+003  0.369834641835063E+000 
     18.70000000 -0.864657102969381E+003  0.369834648933177E+000 
     18.72000000 -0.864657102963004E+003  0.369834655310101E+000 
     18.74000000 -0.864657102957419E+003  0.369834660894973E+000 
     18.76000000 -0.864657102952636E+003  0.369834665678802E+000 
     18.78000000 -0.864657102948597E+003  0.369834669717660E+000 
     18.80000000 -0.864657102945187E+003  0.369834673127844E+000 
     18.82000000 -0.864657102942241E+003  0.369834676073509E+000 
     18.84000000 -0.864657102939562E+003  0.369834678751869E+000 
     18.86000000 -0.864657102936939E+003  0.369834681375705E+000 
     18.88000000 -0.864657102934162E+003  0.369834684152383E+000 
     18.90000000 -0.864657102931046E+003  0.369834687268872E+000 
     18.92000000 -0.864657102927438E+003  0.369834690876368E+000 
     18.94000000 -0.864657102923233E+003  0.369834695081118E+000 
     18.96000000 -0.864657102918375E+003  0.369834699939773E+000 
     18.98000000 -0.864657102912855E+003  0.369834705459487E+000 
     19.00000000 -0.864657102906712E+003  0.369834711602169E+000 
     19.02000000 -0.864657102900023E+003  0.369834718291255E+000 
     19.04000000 -0.864657102892896E+003  0.369834725418661E+000 
     19.06000000 -0.864657102885460E+003  0.369834732854459E+000 
     19.08000000 -0.864657102877861E+003  0.369834740453732E+000 
     19.10000000 -0.864657102870247E+003  0.369834748067217E+000 
     19.12000000 -0.864657102862769E+003  0.369834755544971E+000 
     19.14000000 -0.864657102855567E+003  0.369834762747493E+000 
     19.16000000 -0.864657102848765E+003  0.369834769549108E+000 
     19.18000000 -0.864657102842467E+003  0.369834775847822E+000 
     19.20000000 -0.864657102836746E+003  0.369834781568618E+000 
     19.22000000 -0.864657102831645E+003  0.369834786669346E+000 
     19.24000000 -0.864657102827171E+003  0.369834791143527E+000 
     19.26000000 -0.864657102823294E+003  0.369834795019971E+000 
     19.28000000 -0.864657102819952E+003  0.369834798362387E+000 
     19.30000000 -0.864657102817052E+003  0.369834801262035E+000 
     19.32000000 -0.864657102814481E+003  0.369834803833667E+000 
     19.34000000 -0.864657102812110E+003  0.369834806204410E+000 
     19.36000000 -0.864657102809807E+003  0.369834808507288E+000 
     19.38000000 -0.864657102807444E+003  0.369834810870200E+000 
     19.40000000 -0.864657102804905E+003  0.369834813408962E+000 
     19.42000000 -0.864657102802094E+003  0.369834816220347E+000 
     19.44000000 -0.864657102798938E+003  0.369834819376761E+000 
     19.46000000 -0.864657102795390E+003  0.369834822924803E+000 
     19.48000000 -0.864657102791432E+003  0.369834826882357E+000 
     19.50000000 -0.864657102787076E+003  0.369834831238790E+000 
     19.52000000 -0.864657102782357E+003  0.369834835957750E+000 
     19.54000000 -0.864657102777337E+003  0.369834840977464E+000 
     19.56000000 -0.864657102772099E+003  0.369834846215083E+000 
     19.58000000 -0.864657102766743E+003  0.369834851571030E+000 
     19.60000000 -0.864657102761380E+003  0.369834856933938E+000 
     19.62000000 -0.864657102756127E+003  0.369834862187217E+000 
     19.64000000 -0.864657102751097E+003  0.369834867216985E+000 
     19.66000000 -0.864657102746395E+003  0.369834871919125E+000 
     19.68000000 -0.864657102742107E+003  0.369834876207498E+000 
     19.70000000 -0.864657102738291E+003  0.369834880023038E+000 
     19.72000000 -0.864657102734977E+003  0.369834883337322E+000 
     19.74000000 -0.864657102732155E+003  0.369834886159147E+000 
     19.76000000 -0.864657102729780E+003  0.369834888534046E+000 
     19.78000000 -0.864657102727770E+003  0.369834890544291E+000 
     19.80000000 -0.864657102726012E+003  0.369834892302409E+000 
     19.82000000 -0.864657102724371E+003  0.369834893943358E+000 
     19.84000000 -0.864657102722702E+003  0.369834895612536E+000 
     19.86000000 -0.864657102720860E+003  0.369834897454180E+000 
     19.88000000 -0.864657102718716E+003  0.369834899598029E+000 
     19.90000000 -0.864657102716166E+003  0.369834902147909E+000 
     19.92000000 -0.864657102713142E+003  0.369834905172653E+000 
     19.94000000 -0.864657102709614E+003  0.369834908700007E+000 
     19.96000000 -0.864657102705598E+003  0.369834912716049E+000 
     19.98000000 -0.864657102701146E+003  0.369834917167995E+000 
     20.00000000 -0.864657102696344E+003  0.369834921970579E+000 
     20.02000000 -0.864657102691299E+003  0.369834927015042E+000 
     20.04000000 -0.864657102686135E+003  0.369834932179188E+000 
     20.06000000 -0.864657102680976E+003  0.369834937338113E+000 
     20.08000000 -0.864657102675941E+003  0.369834942373875E+000 
     20.10000000 -0.864657102671132E+003  0.369834947182646E+000 
     20.12000000 -0.864657102666633E+003  0.369834951681093E+000 
     20.14000000 -0.864657102662506E+003  0.369834955808310E+000 
     20.16000000 -0.864657102658785E+003  0.369834959529109E+000 
     20.18000000 -0.864657102655481E+003  0.369834962833436E+000 
     20.20000000 -0.864657102652579E+003  0.369834965735210E+000 
     20.22000000 -0.864657102650043E+003  0.369834968271363E+000 
     20.24000000 -0.864657102647818E+003  0.369834970496321E+000 
     20.26000000 -0.864657102645833E+003  0.369834972481720E+000 
     20.28000000 -0.864657102644007E+003  0.369834974307704E+000 
     20.30000000 -0.864657102642254E+003  0.369834976060795E+000 
     20.32000000 -0.864657102640489E+003  0.369834977825680E+000 
     20.34000000 -0.864657102638635E+003  0.369834979679119E+000 
     20.36000000 -0.864657102636629E+003  0.369834981685110E+000 
     20.38000000 -0.864657102634425E+003  0.369834983889476E+000 
     20.40000000 -0.864657102631997E+003  0.369834986317063E+000 
     20.42000000 -0.864657102629345E+003  0.369834988969128E+000 
     20.44000000 -0.864657102626489E+003  0.369834991825273E+000 
     20.46000000 -0.864657102623470E+003  0.369834994844797E+000 
     20.48000000 -0.864657102620343E+003  0.369834997971629E+000 
     20.50000000 -0.864657102617174E+003  0.369835001140031E+000 
     20.52000000 -0.864657102614035E+003  0.369835004279238E+000 
     20.54000000 -0.864657102610993E+003  0.369835007321190E+000 
     20.56000000 -0.864657102608108E+003  0.369835010206530E+000 
     20.58000000 -0.864657102605425E+003  0.369835012889047E+000 
     20.60000000 -0.864657102602974E+003  0.369835015340416E+000 
     20.62000000 -0.864657102600763E+003  0.369835017551453E+000 
     20.64000000 -0.864657102598782E+003  0.369835019532502E+000 
     20.66000000 -0.864657102597002E+003  0.369835021312856E+000 
     20.68000000 -0.864657102595377E+003  0.369835022937080E+000 
     20.70000000 -0.864657102593854E+003  0.369835024460666E+000 
     20.72000000 -0.864657102592369E+003  0.369835025945293E+000 
     20.74000000 -0.864657102590859E+003  0.369835027454958E+000 
     20.76000000 -0.864657102589266E+003  0.369835029048730E+000 
     20.78000000 -0.864657102587535E+003  0.369835030779489E+000 
     20.80000000 -0.864657102585625E+003  0.369835032689096E+000 
     20.82000000 -0.864657102583507E+003  0.369835034807035E+000 
     20.84000000 -0.864657102581166E+003  0.369835037148196E+000 
     20.86000000 -0.864657102578601E+003  0.369835039713254E+000 
     20.88000000 -0.864657102575826E+003  0.369835042487902E+000 
     20.90000000 -0.864657102572871E+003  0.369835045443137E+000 
     20.92000000 -0.864657102569778E+003  0.369835048536907E+000 
     20.94000000 -0.864657102566600E+003  0.369835051714203E+000 
     20.96000000 -0.864657102563404E+003  0.369835054910061E+000 
     20.98000000 -0.864657102560262E+003  0.369835058052651E+000 
     21.00000000 -0.864657102557246E+003  0.369835061068501E+000 
     21.02000000 -0.864657102554427E+003  0.369835063887426E+000 
     21.04000000 -0.864657102551864E+003  0.369835066450067E+000 
     21.06000000 -0.864657102549599E+003  0.369835068715339E+000 
     21.08000000 -0.864657102547649E+003  0.369835070665742E+000 
     21.10000000 -0.864657102546002E+003  0.369835072312878E+000 
     21.12000000 -0.864657102544614E+003  0.369835073700154E+000 
     21.14000000 -0.864657102543413E+003  0.369835074901331E+000 
     21.16000000 -0.864657102542297E+003  0.369835076017146E+000 
     21.18000000 -0.864657102541148E+003  0.369835077166699E+000 
     21.20000000 -0.864657102539837E+003  0.369835078477602E+000 
     21.22000000 -0.864657102538241E+003  0.369835080073501E+000 
     21.24000000 -0.864657102536255E+003  0.369835082059673E+000 
     21.26000000 -0.864657102533802E+003  0.369835084512686E+000 
     21.28000000 -0.864657102530846E+003  0.369835087468115E+000 
     21.30000000 -0.864657102527399E+003  0.369835090915712E+000 
     21.32000000 -0.864657102523519E+003  0.369835094795347E+000 
     21.34000000 -0.864657102519311E+003  0.369835099003191E+000 
     21.36000000 -0.864657102514914E+003  0.369835103400130E+000 
     21.38000000 -0.864657102510489E+003  0.369835107825491E+000 
     21.40000000 -0.864657102506199E+003  0.369835112115121E+000 
     21.42000000 -0.864657102502194E+003  0.369835116120722E+000 
     21.44000000 -0.864657102498586E+003  0.369835119728702E+000 
     21.46000000 -0.864657102495441E+003  0.369835122873322E+000 
     21.48000000 -0.864657102492768E+003  0.369835125546076E+000 
     21.50000000 -0.864657102490518E+003  0.369835127796459E+000 
     21.52000000 -0.864657102488589E+003  0.369835129725497E+000 
     21.54000000 -0.864657102486842E+003  0.369835131472015E+000 
     21.56000000 -0.864657102485122E+003  0.369835133192236E+000 
     21.58000000 -0.864657102483275E+003  0.369835135039778E+000 
     21.60000000 -0.864657102481172E+003  0.369835137142153E+000 
     21.62000000 -0.864657102478729E+003  0.369835139584918E+000 
     21.64000000 -0.864657102475914E+003  0.369835142400653E+000 
     21.66000000 -0.864657102472749E+003  0.369835145565188E+000 
     21.68000000 -0.864657102469311E+003  0.369835149003795E+000 
     21.70000000 -0.864657102465712E+003  0.369835152602204E+000 
     21.72000000 -0.864657102462090E+003  0.369835156224299E+000 
     21.74000000 -0.864657102458582E+003  0.369835159732801E+000 
     21.76000000 -0.864657102455309E+003  0.369835163005611E+000 
     21.78000000 -0.864657102452361E+003  0.369835165953403E+000 
     21.80000000 -0.864657102449788E+003  0.369835168526002E+000 
     21.82000000 -0.864657102447596E+003  0.369835170718671E+000 
     21.84000000 -0.864657102445750E+003  0.369835172564375E+000 
     21.86000000 -0.864657102444187E+003  0.369835174127792E+000 
     21.88000000 -0.864657102442821E+003  0.369835175493025E+000 
     21.90000000 -0.864657102441564E+003  0.369835176750178E+000 
     21.92000000 -0.864657102440331E+003  0.369835177983354E+000 
     21.94000000 -0.864657102439051E+003  0.369835179263322E+000 
     21.96000000 -0.864657102437672E+003  0.369835180642283E+000 
     21.98000000 -0.864657102436160E+003  0.369835182154462E+000 
     22.00000000 -0.864657102434496E+003  0.369835183818903E+000 
     22.02000000 -0.864657102432671E+003  0.369835185643339E+000 
     22.04000000 -0.864657102430683E+003  0.369835187631059E+000 
     22.06000000 -0.864657102428531E+003  0.369835189783801E+000 
     22.08000000 -0.864657102426211E+003  0.369835192103500E+000 
     22.10000000 -0.864657102423724E+003  0.369835194590735E+000 
     22.12000000 -0.864657102421073E+003  0.369835197241447E+000 
     22.14000000 -0.864657102418272E+003  0.369835200042294E+000 
     22.16000000 -0.864657102415350E+003  0.369835202964563E+000 
     22.18000000 -0.864657102412352E+003  0.369835205962045E+000 
     22.20000000 -0.864657102409344E+003  0.369835208970742E+000 
     22.22000000 -0.864657102406403E+003  0.369835211911573E+000 
     22.24000000 -0.864657102403617E+003  0.369835214697435E+000 
     22.26000000 -0.864657102401070E+003  0.369835217244028E+000 
     22.28000000 -0.864657102398834E+003  0.369835219480394E+000 
     22.30000000 -0.864657102396952E+003  0.369835221361868E+000 
     22.32000000 -0.864657102395436E+003  0.369835222878494E+000 
     22.34000000 -0.864657102394252E+003  0.369835224062464E+000 
     22.36000000 -0.864657102393327E+003  0.369835224987540E+000 
     22.38000000 -0.864657102392550E+003  0.369835225764801E+000 
     22.40000000 -0.864657102391781E+003  0.369835226532974E+000 
     22.42000000 -0.864657102390873E+003  0.369835227441519E+000 
     22.44000000 -0.864657102389680E+003  0.369835228634093E+000 
     22.46000000 -0.864657102388085E+003  0.369835230229025E+000 
     22.48000000 -0.864657102386009E+003  0.369835232305394E+000 
     22.50000000 -0.864657102383425E+003  0.369835234889691E+000 
     22.52000000 -0.864657102380364E+003  0.369835237950881E+000 
     22.54000000 -0.864657102376910E+003  0.369835241403989E+000 
     22.56000000 -0.864657102373195E+003  0.369835245118891E+000 
     22.58000000 -0.864657102369379E+003  0.369835248935687E+000 
     22.60000000 -0.864657102365629E+003  0.369835252685199E+000 
     22.62000000 -0.864657102362106E+003  0.369835256208589E+000 
     22.64000000 -0.864657102358937E+003  0.369835259376991E+000 
     22.66000000 -0.864657102356209E+003  0.369835262105718E+000 
     22.68000000 -0.864657102353951E+003  0.369835264363159E+000 
     22.70000000 -0.864657102352141E+003  0.369835266173481E+000 
     22.72000000 -0.864657102350704E+003  0.369835267610351E+000 
     22.74000000 -0.864657102349526E+003  0.369835268788327E+000 
     22.76000000 -0.864657102348469E+003  0.369835269845363E+000 
     22.78000000 -0.864657102347385E+003  0.369835270929081E+000 
     22.80000000 -0.864657102346136E+003  0.369835272178113E+000 
     22.82000000 -0.864657102344607E+003  0.369835273707693E+000 
     22.84000000 -0.864657102342716E+003  0.369835275598642E+000 
     22.86000000 -0.864657102340424E+003  0.369835277890015E+000 
     22.88000000 -0.864657102337738E+003  0.369835280576786E+000 
     22.90000000 -0.864657102334701E+003  0.369835283613518E+000 
     22.92000000 -0.864657102331395E+003  0.369835286919874E+000 
     22.94000000 -0.864657102327923E+003  0.369835290391640E+000 
     22.96000000 -0.864657102324402E+003  0.369835293912323E+000 
     22.98000000 -0.864657102320948E+003  0.369835297366398E+000 
     23.00000000 -0.864657102317664E+003  0.369835300650036E+000 
     23.02000000 -0.864657102314632E+003  0.369835303681934E+000 
     23.04000000 -0.864657102311905E+003  0.369835306409695E+000 
     23.06000000 -0.864657102309500E+003  0.369835308814177E+000 
     23.08000000 -0.864657102307406E+003  0.369835310908722E+000 
     23.10000000 -0.864657102305577E+003  0.369835312737219E+000 
     23.12000000 -0.864657102303947E+003  0.369835314367727E+000 
     23.14000000 -0.864657102302430E+003  0.369835315884352E+000 
     23.16000000 -0.864657102300935E+003  0.369835317379323E+000 
     23.18000000 -0.864657102299371E+003  0.369835318942933E+000 
     23.20000000 -0.864657102297660E+003  0.369835320654164E+000 
     23.22000000 -0.864657102295740E+003  0.369835322574695E+000 
     23.24000000 -0.864657102293571E+003  0.369835324743002E+000 
     23.26000000 -0.864657102291142E+003  0.369835327172232E+000 
     23.28000000 -0.864657102288465E+003  0.369835329849433E+000 
     23.30000000 -0.864657102285577E+003  0.369835332736996E+000 
     23.32000000 -0.864657102282535E+003  0.369835335779335E+000 
     23.34000000 -0.864657102279407E+003  0.369835338907521E+000 
     23.36000000 -0.864657102276267E+003  0.369835342046921E+000 
     23.38000000 -0.864657102273190E+003  0.369835345124836E+000 
     23.40000000 -0.864657102270237E+003  0.369835348077654E+000 
     23.42000000 -0.864657102267458E+003  0.369835350856363E+000 
     23.44000000 -0.864657102264882E+003  0.369835353431862E+000 
     23.46000000 -0.864657102262519E+003  0.369835355795547E+000 
     23.48000000 -0.864657102260353E+003  0.369835357961051E+000 
     23.50000000 -0.864657102258356E+003  0.369835359958534E+000 
     23.52000000 -0.864657102256480E+003  0.369835361834015E+000 
     23.54000000 -0.864657102254675E+003  0.369835363639600E+000 
     23.56000000 -0.864657102252884E+003  0.369835365429911E+000 
     23.58000000 -0.864657102251058E+003  0.369835367256087E+000 
     23.60000000 -0.864657102249153E+003  0.369835369161827E+000 
     23.62000000 -0.864657102247134E+003  0.369835371180096E+000 
     23.64000000 -0.864657102244980E+003  0.369835373334772E+000 
     23.66000000 -0.864657102242676E+003  0.369835375638712E+000 
     23.68000000 -0.864657102240217E+003  0.369835378097719E+000 
     23.70000000 -0.864657102237604E+003  0.369835380710437E+000 
     23.72000000 -0.864657102234845E+003  0.369835383469134E+000 
     23.74000000 -0.864657102231954E+003  0.369835386360081E+000 
     23.76000000 -0.864657102228953E+003  0.369835389361817E+000 
     23.78000000 -0.864657102225869E+003  0.369835392445146E+000 
     23.80000000 -0.864657102222744E+003  0.369835395570818E+000 
     23.82000000 -0.864657102219622E+003  0.369835398692430E+000 
     23.84000000 -0.864657102216556E+003  0.369835401758164E+000 
     23.86000000 -0.864657102213599E+003  0.369835404715816E+000 
     23.88000000 -0.864657102210796E+003  0.369835407517920E+000 
     23.90000000 -0.864657102208185E+003  0.369835410128995E+000 
     23.92000000 -0.864657102205784E+003  0.369835412529900E+000 
     23.94000000 -0.864657102203594E+003  0.369835414720249E+000 
     23.96000000 -0.864657102201595E+003  0.369835416719182E+000 
     23.98000000 -0.864657102199753E+003  0.369835418561020E+000 
     24.00000000 -0.864657102198024E+003  0.369835420289943E+000 
     24.02000000 -0.864657102196360E+003  0.369835421954190E+000 
     24.04000000 -0.864657102194715E+003  0.369835423599199E+000 
     24.06000000 -0.864657102193049E+003  0.369835425265477E+000 
     24.08000000 -0.864657102191330E+003  0.369835426984539E+000 
     24.10000000 -0.864657102189531E+003  0.369835428783260E+000 
     24.12000000 -0.864657102187629E+003  0.369835430685326E+000 
     24.14000000 -0.864657102185598E+003  0.369835432716549E+000 
     24.16000000 -0.864657102183408E+003  0.369835434906221E+000 
     24.18000000 -0.864657102181027E+003  0.369835437287695E+000 
     24.20000000 -0.864657102178418E+003  0.369835439896160E+000 
     24.22000000 -0.864657102175553E+003  0.369835442761488E+000 
     24.24000000 -0.864657102172411E+003  0.369835445903208E+000 
     24.26000000 -0.864657102168994E+003  0.369835449320740E+000 
     24.28000000 -0.864657102165322E+003  0.369835452992428E+000 
     24.30000000 -0.864657102161442E+003  0.369835456872740E+000 
     24.32000000 -0.864657102157417E+003  0.369835460897386E+000 
     24.34000000 -0.864657102153324E+003  0.369835464990671E+000 
     24.36000000 -0.864657102149236E+003  0.369835469078058E+000 
     24.38000000 -0.864657102145217E+003  0.369835473096904E+000 
     24.40000000 -0.864657102141306E+003  0.369835477007861E+000 
     24.42000000 -0.864657102137513E+003  0.369835480801166E+000 
     24.44000000 -0.864657102133818E+003  0.369835484496539E+000 
     24.46000000 -0.864657102130174E+003  0.369835488139999E+000 
     24.48000000 -0.864657102126522E+003  0.369835491792642E+000 
     24.50000000 -0.864657102122797E+003  0.369835495517695E+000 
     24.52000000 -0.864657102118947E+003  0.369835499367554E+000 
     24.54000000 -0.864657102114944E+003  0.369835503370545E+000 
     24.56000000 -0.864657102110791E+003  0.369835507523091E+000 
     24.58000000 -0.864657102106527E+003  0.369835511787586E+000 
     24.60000000 -0.864657102102219E+003  0.369835516095391E+000 
     24.62000000 -0.864657102097957E+003  0.369835520357276E+000 
     24.64000000 -0.864657102093840E+003  0.369835524474149E+000 
     24.66000000 -0.864657102089961E+003  0.369835528353591E+000 
     24.68000000 -0.864657102086393E+003  0.369835531921644E+000 
     24.70000000 -0.864657102083180E+003  0.369835535134710E+000 
     24.72000000 -0.864657102080329E+003  0.369835537984957E+000 
     24.74000000 -0.864657102077811E+003  0.369835540503128E+000 
     24.76000000 -0.864657102075561E+003  0.369835542753125E+000 
     24.78000000 -0.864657102073487E+003  0.369835544826981E+000 
     24.80000000 -0.864657102071481E+003  0.369835546832972E+000 
     24.82000000 -0.864657102069427E+003  0.369835548887494E+000 
     24.84000000 -0.864657102067211E+003  0.369835551103171E+000 
     24.86000000 -0.864657102064731E+003  0.369835553583736E+000 
     24.88000000 -0.864657102061896E+003  0.369835556418225E+000 
     24.90000000 -0.864657102058636E+003  0.369835559678661E+000 
     24.92000000 -0.864657102054892E+003  0.369835563422468E+000 
     24.94000000 -0.864657102050626E+003  0.369835567688704E+000 
     24.96000000 -0.864657102045811E+003  0.369835572503082E+000 
     24.98000000 -0.864657102040441E+003  0.369835577873337E+000 
     25.00000000 -0.864657102034526E+003  0.369835583788835E+000 
     25.02000000 -0.864657102028101E+003  0.369835590213033E+000 
     25.04000000 -0.864657102021232E+003  0.369835597082319E+000 
     25.06000000 -0.864657102014016E+003  0.369835604298762E+000 
     25.08000000 -0.864657102006583E+003  0.369835611730983E+000 
     25.10000000 -0.864657101999098E+003  0.369835619216857E+000 
     25.12000000 -0.864657101991743E+003  0.369835626571835E+000 
     25.14000000 -0.864657101984712E+003  0.369835633602761E+000 
     25.16000000 -0.864657101978191E+003  0.369835640123633E+000 
     25.18000000 -0.864657101972340E+003  0.369835645974552E+000 
     25.20000000 -0.864657101967277E+003  0.369835651037867E+000 
     25.22000000 -0.864657101963062E+003  0.369835655252768E+000 
     25.24000000 -0.864657101959692E+003  0.369835658622156E+000 
     25.26000000 -0.864657101957100E+003  0.369835661214476E+000 
     25.28000000 -0.864657101955154E+003  0.369835663160626E+000 
     25.30000000 -0.864657101953674E+003  0.369835664640225E+000 
     25.32000000 -0.864657101952444E+003  0.369835665869922E+000 
     25.34000000 -0.864657101951230E+003  0.369835667084344E+000 
     25.36000000 -0.864657101949796E+003  0.369835668518410E+000 
     25.38000000 -0.864657101947923E+003  0.369835670391280E+000 
     25.40000000 -0.864657101945423E+003  0.369835672891663E+000 
     25.42000000 -0.864657101942148E+003  0.369835676166697E+000 
     25.44000000 -0.864657101938000E+003  0.369835680314506E+000 
     25.46000000 -0.864657101932932E+003  0.369835685382074E+000 
     25.48000000 -0.864657101926949E+003  0.369835691365051E+000 
     25.50000000 -0.864657101920103E+003  0.369835698211619E+000 
     25.52000000 -0.864657101912485E+003  0.369835705829164E+000 
     25.54000000 -0.864657101904221E+003  0.369835714093363E+000 
     25.56000000 -0.864657101895459E+003  0.369835722855048E+000 
     25.58000000 -0.864657101886363E+003  0.369835731951515E+000 
     25.60000000 -0.864657101877102E+003  0.369835741212426E+000 
     25.62000000 -0.864657101867847E+003  0.369835750467246E+000 
     25.64000000 -0.864657101858764E+003  0.369835759549987E+000 
     25.66000000 -0.864657101850011E+003  0.369835768303841E+000 
     25.68000000 -0.864657101841732E+003  0.369835776582251E+000 
     25.70000000 -0.864657101834060E+003  0.369835784254127E+000 
     25.72000000 -0.864657101827108E+003  0.369835791206553E+000 
     25.74000000 -0.864657101820964E+003  0.369835797350009E+000 
     25.76000000 -0.864657101815687E+003  0.369835802627360E+000 
     25.78000000 -0.864657101811295E+003  0.369835807019562E+000 
     25.80000000 -0.864657101807759E+003  0.369835810555906E+000 
     25.82000000 -0.864657101804995E+003  0.369835813319630E+000 
     25.84000000 -0.864657101802864E+003  0.369835815450717E+000 
     25.86000000 -0.864657101801171E+003  0.369835817143774E+000 
     25.88000000 -0.864657101799675E+003  0.369835818639034E+000 
     25.90000000 -0.864657101798107E+003  0.369835820207671E+000 
     25.92000000 -0.864657101796184E+003  0.369835822130329E+000 
     25.94000000 -0.864657101793642E+003  0.369835824672088E+000 
     25.96000000 -0.864657101790256E+003  0.369835828058007E+000 
     25.98000000 -0.864657101785868E+003  0.369835832446825E+000 
     26.00000000 -0.864657101780398E+003  0.369835837915978E+000 
     26.02000000 -0.864657101773865E+003  0.369835844449612E+000 
     26.04000000 -0.864657101766375E+003  0.369835851939257E+000 
     26.06000000 -0.864657101758120E+003  0.369835860194272E+000 
     26.08000000 -0.864657101749354E+003  0.369835868960887E+000 
     26.10000000 -0.864657101740367E+003  0.369835877947049E+000 
     26.12000000 -0.864657101731463E+003  0.369835886851619E+000 
     26.14000000 -0.864657101722920E+003  0.369835895394433E+000 
     26.16000000 -0.864657101714975E+003  0.369835903339704E+000 
     26.18000000 -0.864657101707799E+003  0.369835910515544E+000 
     26.20000000 -0.864657101701490E+003  0.369835916824216E+000 
     26.22000000 -0.864657101696072E+003  0.369835922242132E+000 
     26.24000000 -0.864657101691497E+003  0.369835926817338E+000 
     26.26000000 -0.864657101687661E+003  0.369835930653566E+000 
     26.28000000 -0.864657101684416E+003  0.369835933898341E+000 
     26.30000000 -0.864657101681591E+003  0.369835936722872E+000 
     26.32000000 -0.864657101679009E+003  0.369835939305332E+000 
     26.34000000 -0.864657101676498E+003  0.369835941816929E+000 
     26.36000000 -0.864657101673908E+003  0.369835944406736E+000 
     26.38000000 -0.864657101671119E+003  0.369835947195112E+000 
     26.40000000 -0.864657101668049E+003  0.369835950265003E+000 
     26.42000000 -0.864657101664655E+003  0.369835953659719E+000 
     26.44000000 -0.864657101660931E+003  0.369835957383225E+000 
     26.46000000 -0.864657101656911E+003  0.369835961403811E+000 
     26.48000000 -0.864657101652656E+003  0.369835965658349E+000 
     26.50000000 -0.864657101648253E+003  0.369835970061088E+000 
     26.52000000 -0.864657101643801E+003  0.369835974513227E+000 
     26.54000000 -0.864657101639402E+003  0.369835978912390E+000 
     26.56000000 -0.864657101635151E+003  0.369835983163157E+000 
     26.58000000 -0.864657101631130E+003  0.369835987184033E+000 
     26.60000000 -0.864657101627397E+003  0.369835990917206E+000 
     26.62000000 -0.864657101623984E+003  0.369835994330001E+000 
     26.64000000 -0.864657101620897E+003  0.369835997417196E+000 
     26.66000000 -0.864657101618112E+003  0.369836000201995E+000 
     26.68000000 -0.864657101615584E+003  0.369836002730607E+000 
     26.70000000 -0.864657101613246E+003  0.369836005068577E+000 
     26.72000000 -0.864657101611019E+003  0.369836007295469E+000 
     26.74000000 -0.864657101608817E+003  0.369836009497419E+000 
     26.76000000 -0.864657101606553E+003  0.369836011761240E+000 
     26.78000000 -0.864657101604146E+003  0.369836014168815E+000 
     26.80000000 -0.864657101601525E+003  0.369836016789751E+000 
     26.82000000 -0.864657101598636E+003  0.369836019678571E+000 
     26.84000000 -0.864657101595446E+003  0.369836022868435E+000 
     26.86000000 -0.864657101591943E+003  0.369836026371524E+000 
     26.88000000 -0.864657101588139E+003  0.369836030175656E+000 
     26.90000000 -0.864657101584068E+003  0.369836034246319E+000 
     26.92000000 -0.864657101579785E+003  0.369836038529666E+000 
     26.94000000 -0.864657101575359E+003  0.369836042955123E+000 
     26.96000000 -0.864657101570871E+003  0.369836047442936E+000 
     26.98000000 -0.864657101566405E+003  0.369836051908996E+000 
     27.00000000 -0.864657101562043E+003  0.369836056271326E+000 
     27.02000000 -0.864657101557858E+003  0.369836060456354E+000 
     27.04000000 -0.864657101553911E+003  0.369836064403178E+000 
     27.06000000 -0.864657101550246E+003  0.369836068068292E+000 
     27.08000000 -0.864657101546886E+003  0.369836071428109E+000 
     27.10000000 -0.864657101543835E+003  0.369836074479729E+000 
     27.12000000 -0.864657101541073E+003  0.369836077241036E+000 
     27.14000000 -0.864657101538564E+003  0.369836079750797E+000 
     27.16000000 -0.864657101536250E+003  0.369836082064405E+000 
     27.18000000 -0.864657101534063E+003  0.369836084251563E+000 
     27.20000000 -0.864657101531923E+003  0.369836086391158E+000 
     27.22000000 -0.864657101529749E+003  0.369836088565942E+000 
     27.24000000 -0.864657101527458E+003  0.369836090856735E+000 
     27.26000000 -0.864657101524979E+003  0.369836093335270E+000 
     27.28000000 -0.864657101522255E+003  0.369836096059551E+000 
     27.30000000 -0.864657101519246E+003  0.369836099068440E+000 
     27.32000000 -0.864657101515936E+003  0.369836102377987E+000 
     27.34000000 -0.864657101512334E+003  0.369836105980457E+000 
     27.36000000 -0.864657101508473E+003  0.369836109841240E+000 
     27.38000000 -0.864657101504410E+003  0.369836113904072E+000 
     27.40000000 -0.864657101500223E+003  0.369836118091035E+000 
     27.42000000 -0.864657101496005E+003  0.369836122309706E+000 
     27.44000000 -0.864657101491855E+003  0.369836126459545E+000 
     27.46000000 -0.864657101487878E+003  0.369836130436338E+000 
     27.48000000 -0.864657101484169E+003  0.369836134144956E+000 
     27.50000000 -0.864657101480811E+003  0.369836137503033E+000 
     27.52000000 -0.864657101477863E+003  0.369836140451501E+000 
     27.54000000 -0.864657101475356E+003  0.369836142958361E+000 
     27.56000000 -0.864657101473292E+003  0.369836145022647E+000 
     27.58000000 -0.864657101471639E+003  0.369836146675486E+000 
     27.60000000 -0.864657101470337E+003  0.369836147977592E+000 
     27.62000000 -0.864657101469300E+003  0.369836149014037E+000 
     27.64000000 -0.864657101468428E+003  0.369836149886812E+000 
     27.66000000 -0.864657101467609E+003  0.369836150705256E+000 
     27.68000000 -0.864657101466735E+003  0.369836151579288E+000 
     27.70000000 -0.864657101465707E+003  0.369836152607032E+000 
     27.72000000 -0.864657101464443E+003  0.369836153870952E+000 
     27.74000000 -0.864657101462886E+003  0.369836155428181E+000 
     27.76000000 -0.864657101461004E+003  0.369836157310622E+000 
     27.78000000 -0.864657101458794E+003  0.369836159520789E+000 
     27.80000000 -0.864657101456281E+003  0.369836162033739E+000 
     27.82000000 -0.864657101453516E+003  0.369836164798817E+000 
     27.84000000 -0.864657101450570E+003  0.369836167744385E+000 
     27.86000000 -0.864657101447532E+003  0.369836170782567E+000 
     27.88000000 -0.864657101444496E+003  0.369836173818332E+000 
     27.90000000 -0.864657101441558E+003  0.369836176756069E+000 
     27.92000000 -0.864657101438807E+003  0.369836179507805E+000 
     27.94000000 -0.864657101436310E+003  0.369836182004128E+000 
     27.96000000 -0.864657101434115E+003  0.369836184199214E+000 
     27.98000000 -0.864657101432239E+003  0.369836186075661E+000 
     28.00000000 -0.864657101430665E+003  0.369836187648938E+000 
     28.02000000 -0.864657101429352E+003  0.369836188962451E+000 
     28.04000000 -0.864657101428229E+003  0.369836190085033E+000 
     28.06000000 -0.864657101427214E+003  0.369836191100596E+000 
     28.08000000 -0.864657101426215E+003  0.369836192098854E+000 
     28.10000000 -0.864657101425152E+003  0.369836193162658E+000 
     28.12000000 -0.864657101423956E+003  0.369836194358518E+000 
     28.14000000 -0.864657101422585E+003  0.369836195729359E+000 
     28.16000000 -0.864657101421024E+003  0.369836197290069E+000 
     28.18000000 -0.864657101419287E+003  0.369836199027885E+000 
     28.20000000 -0.864657101417408E+003  0.369836200906363E+000 
     28.22000000 -0.864657101415442E+003  0.369836202872040E+000 
     28.24000000 -0.864657101413451E+003  0.369836204863530E+000 
     28.26000000 -0.864657101411495E+003  0.369836206819444E+000 
     28.28000000 -0.864657101409626E+003  0.369836208688060E+000 
     28.30000000 -0.864657101407885E+003  0.369836210429744E+000 
     28.32000000 -0.864657101406291E+003  0.369836212023612E+000 
     28.34000000 -0.864657101404849E+003  0.369836213465606E+000 
     28.36000000 -0.864657101403547E+003  0.369836214767228E+000 
     28.38000000 -0.864657101402361E+003  0.369836215953034E+000 
     28.40000000 -0.864657101401260E+003  0.369836217054541E+000 
     28.42000000 -0.864657101400206E+003  0.369836218108870E+000 
     28.44000000 -0.864657101399162E+003  0.369836219152276E+000 
     28.46000000 -0.864657101398095E+003  0.369836220219753E+000 
     28.48000000 -0.864657101396974E+003  0.369836221340304E+000 
     28.50000000 -0.864657101395776E+003  0.369836222538292E+000 
     28.52000000 -0.864657101394482E+003  0.369836223832180E+000 
     28.54000000 -0.864657101393082E+003  0.369836225232410E+000 
     28.56000000 -0.864657101391571E+003  0.369836226743815E+000 
     28.58000000 -0.864657101389951E+003  0.369836228363689E+000 
     28.60000000 -0.864657101388234E+003  0.369836230080721E+000 
     28.62000000 -0.864657101386437E+003  0.369836231876928E+000 
     28.64000000 -0.864657101384589E+003  0.369836233725824E+000 
     28.66000000 -0.864657101382719E+003  0.369836235595117E+000 
     28.68000000 -0.864657101380867E+003  0.369836237447589E+000 
     28.70000000 -0.864657101379068E+003  0.369836239245924E+000 
     28.72000000 -0.864657101377359E+003  0.369836240955512E+000 
     28.74000000 -0.864657101375766E+003  0.369836242548413E+000 
     28.76000000 -0.864657101374305E+003  0.369836244009065E+000 
     28.78000000 -0.864657101372979E+003  0.369836245335436E+000 
     28.80000000 -0.864657101371772E+003  0.369836246541930E+000 
     28.82000000 -0.864657101370656E+003  0.369836247658131E+000 
     28.84000000 -0.864657101369591E+003  0.369836248723772E+000 
     28.86000000 -0.864657101368528E+003  0.369836249786705E+000 
     28.88000000 -0.864657101367420E+003  0.369836250894012E+000 
     28.90000000 -0.864657101366227E+003  0.369836252087746E+000 
     28.92000000 -0.864657101364917E+003  0.369836253397489E+000 
     28.94000000 -0.864657101363479E+003  0.369836254835808E+000 
     28.96000000 -0.864657101361915E+003  0.369836256399418E+000 
     28.98000000 -0.864657101360248E+003  0.369836258066662E+000 
     29.00000000 -0.864657101358510E+003  0.369836259804092E+000 
     29.02000000 -0.864657101356743E+003  0.369836261571007E+000 
     29.04000000 -0.864657101354989E+003  0.369836263325162E+000 
     29.06000000 -0.864657101353283E+003  0.369836265030979E+000 
     29.08000000 -0.864657101351650E+003  0.369836266663904E+000 
     29.10000000 -0.864657101350100E+003  0.369836268214463E+000 
     29.12000000 -0.864657101348625E+003  0.369836269689808E+000 
     29.14000000 -0.864657101347201E+003  0.369836271113144E+000 
     29.16000000 -0.864657101345796E+003  0.369836272518304E+000 
     29.18000000 -0.864657101344366E+003  0.369836273948213E+000 
     29.20000000 -0.864657101342868E+003  0.369836275446181E+000 
     29.22000000 -0.864657101341264E+003  0.369836277050200E+000 
     29.24000000 -0.864657101339525E+003  0.369836278789757E+000 
     29.26000000 -0.864657101337635E+003  0.369836280679158E+000 
     29.28000000 -0.864657101335597E+003  0.369836282717342E+000 
     29.30000000 -0.864657101333429E+003  0.369836284885455E+000 
     29.32000000 -0.864657101331164E+003  0.369836287150340E+000 
     29.34000000 -0.864657101328848E+003  0.369836289466075E+000 
     29.36000000 -0.864657101326535E+003  0.369836291779780E+000 
     29.38000000 -0.864657101324278E+003  0.369836294036834E+000 
     29.40000000 -0.864657101322128E+003  0.369836296186290E+000 
     29.42000000 -0.864657101320127E+003  0.369836298187157E+000 
     29.44000000 -0.864657101318301E+003  0.369836300013624E+000 
     29.46000000 -0.864657101316659E+003  0.369836301655733E+000 
     29.48000000 -0.864657101315192E+003  0.369836303122281E+000 
     29.50000000 -0.864657101313877E+003  0.369836304437921E+000 
     29.52000000 -0.864657101312675E+003  0.369836305639292E+000 
     29.54000000 -0.864657101311546E+003  0.369836306768834E+000 
     29.56000000 -0.864657101310446E+003  0.369836307868794E+000 
     29.58000000 -0.864657101309339E+003  0.369836308975327E+000 
     29.60000000 -0.864657101308202E+003  0.369836310112313E+000 
     29.62000000 -0.864657101307024E+003  0.369836311290289E+000 
     29.64000000 -0.864657101305810E+003  0.369836312504905E+000 
     29.66000000 -0.864657101304574E+003  0.369836313739918E+000 
     29.68000000 -0.864657101303343E+003  0.369836314971258E+000 
     29.70000000 -0.864657101302142E+003  0.369836316172339E+000 
     29.72000000 -0.864657101300995E+003  0.369836317319476E+000 
     29.74000000 -0.864657101299918E+003  0.369836318396621E+000 
     29.76000000 -0.864657101298916E+003  0.369836319398069E+000 
     29.78000000 -0.864657101297985E+003  0.369836320329139E+000 
     29.80000000 -0.864657101297108E+003  0.369836321206362E+000 
     29.82000000 -0.864657101296261E+003  0.369836322053615E+000 
     29.84000000 -0.864657101295415E+003  0.369836322899514E+000 
     29.86000000 -0.864657101294542E+003  0.369836323772870E+000 
     29.88000000 -0.864657101293613E+003  0.369836324701136E+000 
     29.90000000 -0.864657101292608E+003  0.369836325706162E+000 
     29.92000000 -0.864657101291509E+003  0.369836326805831E+000 
     29.94000000 -0.864657101290301E+003  0.369836328013003E+000 
     29.96000000 -0.864657101288979E+003  0.369836329335893E+000 
     29.98000000 -0.864657101287534E+003  0.369836330780013E+000 
     30.00000000 -0.864657101285966E+003  0.369836332348553E+000 
