# Real time calculation: 
# Eall: Total energy
# Eall0: Initial total energy
# 1:Time[fs] 2:Eall[eV] 3:Eall-Eall0[eV] 
      0.00000000 -0.865026937618314E+003  0.000000000000000E+000 
      0.02000000 -0.865026937654989E+003 -0.366741538819252E-007 
      0.04000000 -0.865026937655006E+003 -0.366915552487047E-007 
      0.06000000 -0.865026937654970E+003 -0.366553990755072E-007 
      0.08000000 -0.865026937654768E+003 -0.364539299179043E-007 
      0.10000000 -0.865026937654177E+003 -0.358623801216604E-007 
      0.12000000 -0.865026937652810E+003 -0.344956961096486E-007 
      0.14000000 -0.865026937650069E+003 -0.317547874933538E-007 
      0.16000000 -0.865026937645091E+003 -0.267762564577321E-007 
      0.18000000 -0.865026937636694E+003 -0.183799036380922E-007 
      0.20000000 -0.865026937623333E+003 -0.501894087625416E-008 
      0.22000000 -0.865026937603050E+003  0.152643822647383E-007 
      0.24000000 -0.865026937573433E+003  0.448810251521881E-007 
      0.26000000 -0.865026937531587E+003  0.867270585895074E-007 
      0.28000000 -0.865026937474106E+003  0.144208220078229E-006 
      0.30000000 -0.865026937397058E+003  0.221256541790705E-006 
      0.32000000 -0.865026937295980E+003  0.322334410889026E-006 
      0.34000000 -0.865026937165882E+003  0.452432442691298E-006 
      0.36000000 -0.865026937001261E+003  0.617053432744507E-006 
      0.38000000 -0.865026936796124E+003  0.822190605116040E-006 
      0.40000000 -0.865026936544022E+003  0.107429271298587E-005 
      0.42000000 -0.865026936238088E+003  0.138022633568519E-005 
      0.44000000 -0.865026935871087E+003  0.174722773491502E-005 
      0.46000000 -0.865026935435462E+003  0.218285219743398E-005 
      0.48000000 -0.865026934923398E+003  0.269491622385091E-005 
      0.50000000 -0.865026934326882E+003  0.329143275687074E-005 
      0.52000000 -0.865026933637763E+003  0.398055153327615E-005 
      0.54000000 -0.865026932847823E+003  0.477049112192284E-005 
      0.56000000 -0.865026931948845E+003  0.566946931827244E-005 
      0.58000000 -0.865026930932680E+003  0.668563450566799E-005 
      0.60000000 -0.865026929791322E+003  0.782699285961622E-005 
      0.62000000 -0.865026928516974E+003  0.910134019243436E-005 
      0.64000000 -0.865026927102109E+003  0.105162054954824E-004 
      0.66000000 -0.865026925539528E+003  0.120787863607573E-004 
      0.68000000 -0.865026923822409E+003  0.137959052841277E-004 
      0.70000000 -0.865026921944350E+003  0.156739649051518E-004 
      0.72000000 -0.865026919899404E+003  0.177189100140927E-004 
      0.74000000 -0.865026917682100E+003  0.199362140175223E-004 
      0.76000000 -0.865026915287458E+003  0.223308566065675E-004 
      0.78000000 -0.865026912710990E+003  0.249073247236522E-004 
      0.80000000 -0.865026909948708E+003  0.276696064720197E-004 
      0.82000000 -0.865026906997114E+003  0.306212002031123E-004 
      0.84000000 -0.865026903853178E+003  0.337651364616290E-004 
      0.86000000 -0.865026900514316E+003  0.371039987704911E-004 
      0.88000000 -0.865026896978355E+003  0.406399596903409E-004 
      0.90000000 -0.865026893243489E+003  0.443748257730729E-004 
      0.92000000 -0.865026889308233E+003  0.483100815486219E-004 
      0.94000000 -0.865026885171362E+003  0.524469520732093E-004 
      0.96000000 -0.865026880831850E+003  0.567864639308007E-004 
      0.98000000 -0.865026876288800E+003  0.613295145485507E-004 
      1.00000000 -0.865026871541368E+003  0.660769466359827E-004 
      1.02000000 -0.865026866588716E+003  0.710295983589299E-004 
      1.04000000 -0.865026861429924E+003  0.761883905397177E-004 
      1.06000000 -0.865026856063928E+003  0.815543862085079E-004 
      1.08000000 -0.865026850489465E+003  0.871288493812484E-004 
      1.10000000 -0.865026844705010E+003  0.929133046110177E-004 
      1.12000000 -0.865026838708730E+003  0.989095841650634E-004 
      1.14000000 -0.865026832498429E+003  0.105119885642661E-003 
      1.16000000 -0.865026826071521E+003  0.111546792953429E-003 
      1.18000000 -0.865026819424992E+003  0.118193322334276E-003 
      1.20000000 -0.865026812555363E+003  0.125062950964982E-003 
      1.22000000 -0.865026805458685E+003  0.132159629922547E-003 
      1.24000000 -0.865026798130523E+003  0.139487791141742E-003 
      1.26000000 -0.865026790565957E+003  0.147052357855927E-003 
      1.28000000 -0.865026782759590E+003  0.154858724102105E-003 
      1.30000000 -0.865026774705580E+003  0.162912734032636E-003 
      1.32000000 -0.865026766397646E+003  0.171220668187487E-003 
      1.34000000 -0.865026757829117E+003  0.179789197767310E-003 
      1.36000000 -0.865026748992952E+003  0.188625362881733E-003 
      1.38000000 -0.865026739881810E+003  0.197736504297332E-003 
      1.40000000 -0.865026730488096E+003  0.207130218580774E-003 
      1.42000000 -0.865026720803988E+003  0.216814326099639E-003 
      1.44000000 -0.865026710821547E+003  0.226796767290936E-003 
      1.46000000 -0.865026700532758E+003  0.237085556644159E-003 
      1.48000000 -0.865026689929624E+003  0.247688690860737E-003 
      1.50000000 -0.865026679004249E+003  0.258614065424149E-003 
      1.52000000 -0.865026667748905E+003  0.269869409151450E-003 
      1.54000000 -0.865026656156123E+003  0.281462190999286E-003 
      1.56000000 -0.865026644218768E+003  0.293399546011406E-003 
      1.58000000 -0.865026631930110E+003  0.305688204456435E-003 
      1.60000000 -0.865026619283906E+003  0.318334408591335E-003 
      1.62000000 -0.865026606274487E+003  0.331343827298031E-003 
      1.64000000 -0.865026592896832E+003  0.344721482417626E-003 
      1.66000000 -0.865026579146621E+003  0.358471693259379E-003 
      1.68000000 -0.865026565020306E+003  0.372598007961976E-003 
      1.70000000 -0.865026550515196E+003  0.387103118226834E-003 
      1.72000000 -0.865026535629483E+003  0.401988831089220E-003 
      1.74000000 -0.865026520362300E+003  0.417256014587312E-003 
      1.76000000 -0.865026504713778E+003  0.432904536277376E-003 
      1.78000000 -0.865026488685072E+003  0.448933242062096E-003 
      1.80000000 -0.865026472278383E+003  0.465339930861923E-003 
      1.82000000 -0.865026455496967E+003  0.482121347267831E-003 
      1.84000000 -0.865026438345124E+003  0.499273190241996E-003 
      1.86000000 -0.865026420828215E+003  0.516790099390056E-003 
      1.88000000 -0.865026402952623E+003  0.534665690923935E-003 
      1.90000000 -0.865026384725710E+003  0.552892604258832E-003 
      1.92000000 -0.865026366155827E+003  0.571462487512088E-003 
      1.94000000 -0.865026347252245E+003  0.590366069718854E-003 
      1.96000000 -0.865026328025084E+003  0.609593230340886E-003 
      1.98000000 -0.865026308485293E+003  0.629133021308273E-003 
      2.00000000 -0.865026288644571E+003  0.648973743198759E-003 
      2.02000000 -0.865026268515252E+003  0.669103062503616E-003 
      2.04000000 -0.865026248110279E+003  0.689508035506188E-003 
      2.06000000 -0.865026227443071E+003  0.710175243625853E-003 
      2.08000000 -0.865026206527454E+003  0.731090860316616E-003 
      2.10000000 -0.865026185377612E+003  0.752240702691156E-003 
      2.12000000 -0.865026164007905E+003  0.773610409401469E-003 
      2.14000000 -0.865026142432884E+003  0.795185430584747E-003 
      2.16000000 -0.865026120667143E+003  0.816951171327974E-003 
      2.18000000 -0.865026098725234E+003  0.838893080028204E-003 
      2.20000000 -0.865026076621654E+003  0.860996659993469E-003 
      2.22000000 -0.865026054370697E+003  0.883247617161051E-003 
      2.24000000 -0.865026031986455E+003  0.905631859227413E-003 
      2.26000000 -0.865026009482735E+003  0.928135578981409E-003 
      2.28000000 -0.865025986873014E+003  0.950745300031211E-003 
      2.30000000 -0.865025964170422E+003  0.973447892562212E-003 
      2.32000000 -0.865025941387697E+003  0.996230617807187E-003 
      2.34000000 -0.865025918537153E+003  0.101908116130224E-002 
      2.36000000 -0.865025895630699E+003  0.104198761558210E-002 
      2.38000000 -0.865025872679826E+003  0.106493848810743E-002 
      2.40000000 -0.865025849695564E+003  0.108792275018199E-002 
      2.42000000 -0.865025826688534E+003  0.111092978001150E-002 
      2.44000000 -0.865025803668963E+003  0.113394935148941E-002 
      2.46000000 -0.865025780646738E+003  0.115697157619239E-002 
      2.48000000 -0.865025757631441E+003  0.117998687370128E-002 
      2.50000000 -0.865025734632356E+003  0.120298595797004E-002 
      2.52000000 -0.865025711658608E+003  0.122595970681551E-002 
      2.54000000 -0.865025688719175E+003  0.124889913977899E-002 
      2.56000000 -0.865025665822938E+003  0.127179537616963E-002 
      2.58000000 -0.865025642978817E+003  0.129463949730357E-002 
      2.60000000 -0.865025620195807E+003  0.131742250715757E-002 
      2.62000000 -0.865025597483050E+003  0.134013526460030E-002 
      2.64000000 -0.865025574849910E+003  0.136276840431284E-002 
      2.66000000 -0.865025552306038E+003  0.138531227627057E-002 
      2.68000000 -0.865025529861456E+003  0.140775685805961E-002 
      2.70000000 -0.865025507526544E+003  0.143009177063475E-002 
      2.72000000 -0.865025485312132E+003  0.145230618280526E-002 
      2.74000000 -0.865025463229557E+003  0.147438875767736E-002 
      2.76000000 -0.865025441290671E+003  0.149632764366350E-002 
      2.78000000 -0.865025419507896E+003  0.151811041812130E-002 
      2.80000000 -0.865025397894205E+003  0.153972410949190E-002 
      2.82000000 -0.865025376463168E+003  0.156115514615934E-002 
      2.84000000 -0.865025355228955E+003  0.158238935944741E-002 
      2.86000000 -0.865025334206284E+003  0.160341203031334E-002 
      2.88000000 -0.865025313410428E+003  0.162420788644759E-002 
      2.90000000 -0.865025292857167E+003  0.164476114751735E-002 
      2.92000000 -0.865025272562747E+003  0.166505556721992E-002 
      2.94000000 -0.865025252543858E+003  0.168507445619443E-002 
      2.96000000 -0.865025232817550E+003  0.170480076458171E-002 
      2.98000000 -0.865025213401162E+003  0.172421715220979E-002 
      3.00000000 -0.865025194312262E+003  0.174330605191554E-002 
      3.02000000 -0.865025175568578E+003  0.176204973615322E-002 
      3.04000000 -0.865025157187914E+003  0.178043040003769E-002 
      3.06000000 -0.865025139188063E+003  0.179843025125147E-002 
      3.08000000 -0.865025121586700E+003  0.181603161483961E-002 
      3.10000000 -0.865025104401254E+003  0.183321706004638E-002 
      3.12000000 -0.865025087648851E+003  0.184996946354015E-002 
      3.14000000 -0.865025071346174E+003  0.186627214050377E-002 
      3.16000000 -0.865025055509380E+003  0.188210893473491E-002 
      3.18000000 -0.865025040154009E+003  0.189746430507292E-002 
      3.20000000 -0.865025025294895E+003  0.191232341975284E-002 
      3.22000000 -0.865025010946057E+003  0.192667225714000E-002 
      3.24000000 -0.865024997120662E+003  0.194049765232706E-002 
      3.26000000 -0.865024983830939E+003  0.195378737553677E-002 
      3.28000000 -0.865024971088134E+003  0.196653018016910E-002 
      3.30000000 -0.865024958902480E+003  0.197871583412370E-002 
      3.32000000 -0.865024947283093E+003  0.199033522130790E-002 
      3.34000000 -0.865024936238014E+003  0.200138029997007E-002 
      3.36000000 -0.865024925774163E+003  0.201184415152011E-002 
      3.38000000 -0.865024915897305E+003  0.202172100914508E-002 
      3.40000000 -0.865024906612080E+003  0.203100623460733E-002 
      3.42000000 -0.865024897922031E+003  0.203969628324846E-002 
      3.44000000 -0.865024889829627E+003  0.204778868774800E-002 
      3.46000000 -0.865024882336314E+003  0.205528200079561E-002 
      3.48000000 -0.865024875442636E+003  0.206217567801853E-002 
      3.50000000 -0.865024869148202E+003  0.206847011288100E-002 
      3.52000000 -0.865024863451871E+003  0.207416644352908E-002 
      3.54000000 -0.865024858351821E+003  0.207926649323931E-002 
      3.56000000 -0.865024853845570E+003  0.208377274402664E-002 
      3.58000000 -0.865024849930192E+003  0.208768812193089E-002 
      3.60000000 -0.865024846602333E+003  0.209101598164556E-002 
      3.62000000 -0.865024843858385E+003  0.209375992902387E-002 
      3.64000000 -0.865024841694568E+003  0.209592374615621E-002 
      3.66000000 -0.865024840106998E+003  0.209751131683429E-002 
      3.68000000 -0.865024839091842E+003  0.209852647235572E-002 
      3.70000000 -0.865024838645376E+003  0.209897293883648E-002 
      3.72000000 -0.865024838764074E+003  0.209885424063340E-002 
      3.74000000 -0.865024839444725E+003  0.209817358926540E-002 
      3.76000000 -0.865024840684510E+003  0.209693380394723E-002 
      3.78000000 -0.865024842481015E+003  0.209513729989194E-002 
      3.80000000 -0.865024844832324E+003  0.209278598999310E-002 
      3.82000000 -0.865024847737064E+003  0.208988125040880E-002 
      3.84000000 -0.865024851194392E+003  0.208642392210844E-002 
      3.86000000 -0.865024855203960E+003  0.208241435456945E-002 
      3.88000000 -0.865024859765937E+003  0.207785237764515E-002 
      3.90000000 -0.865024864881024E+003  0.207273729064049E-002 
      3.92000000 -0.865024870550350E+003  0.206706796420677E-002 
      3.94000000 -0.865024876775458E+003  0.206084285667958E-002 
      3.96000000 -0.865024883558255E+003  0.205406005922564E-002 
      3.98000000 -0.865024890900870E+003  0.204671744472122E-002 
      4.00000000 -0.865024898805657E+003  0.203881265711793E-002 
      4.02000000 -0.865024907275102E+003  0.203034321217731E-002 
      4.04000000 -0.865024916311633E+003  0.202130668173199E-002 
      4.06000000 -0.865024925917631E+003  0.201170068353484E-002 
      4.08000000 -0.865024936095217E+003  0.200152309693930E-002 
      4.10000000 -0.865024946846176E+003  0.199077213801525E-002 
      4.12000000 -0.865024958171887E+003  0.197944642722102E-002 
      4.14000000 -0.865024970073107E+003  0.196754520730710E-002 
      4.16000000 -0.865024982549930E+003  0.195506838478951E-002 
      4.18000000 -0.865024995601641E+003  0.194201667341430E-002 
      4.20000000 -0.865025009226633E+003  0.192839168174447E-002 
      4.22000000 -0.865025023422323E+003  0.191419599127280E-002 
      4.24000000 -0.865025038185049E+003  0.189943326547036E-002 
      4.26000000 -0.865025053510029E+003  0.188410828565269E-002 
      4.28000000 -0.865025069391268E+003  0.186822704639730E-002 
      4.30000000 -0.865025085821537E+003  0.185179677700535E-002 
      4.32000000 -0.865025102792351E+003  0.183482596315667E-002 
      4.34000000 -0.865025120293873E+003  0.181732444165056E-002 
      4.36000000 -0.865025138314972E+003  0.179930334278790E-002 
      4.38000000 -0.865025156843187E+003  0.178077512730074E-002 
      4.40000000 -0.865025175864706E+003  0.176175360858739E-002 
      4.42000000 -0.865025195364425E+003  0.174225388948743E-002 
      4.44000000 -0.865025215325963E+003  0.172229235145418E-002 
      4.46000000 -0.865025235731709E+003  0.170188660583092E-002 
      4.48000000 -0.865025256562893E+003  0.168105542134517E-002 
      4.50000000 -0.865025277799647E+003  0.165981866707085E-002 
      4.52000000 -0.865025299421075E+003  0.163819723914925E-002 
      4.54000000 -0.865025321405348E+003  0.161621296653158E-002 
      4.56000000 -0.865025343729824E+003  0.159388849061951E-002 
      4.58000000 -0.865025366371112E+003  0.157124720204026E-002 
      4.60000000 -0.865025389305240E+003  0.154831307485018E-002 
      4.62000000 -0.865025412507771E+003  0.152511054366181E-002 
      4.64000000 -0.865025435953889E+003  0.150166442514435E-002 
      4.66000000 -0.865025459618586E+003  0.147799972892885E-002 
      4.68000000 -0.865025483476723E+003  0.145414159177298E-002 
      4.70000000 -0.865025507503145E+003  0.143011516928591E-002 
      4.72000000 -0.865025531672852E+003  0.140594546201130E-002 
      4.74000000 -0.865025555961054E+003  0.138165726051629E-002 
      4.76000000 -0.865025580343286E+003  0.135727502802902E-002 
      4.78000000 -0.865025604795543E+003  0.133282277186178E-002 
      4.80000000 -0.865025629294301E+003  0.130832401324869E-002 
      4.82000000 -0.865025653816646E+003  0.128380166843638E-002 
      4.84000000 -0.865025678340296E+003  0.125927801842489E-002 
      4.86000000 -0.865025702843673E+003  0.123477464177909E-002 
      4.88000000 -0.865025727305919E+003  0.121031239510048E-002 
      4.90000000 -0.865025751706920E+003  0.118591139485244E-002 
      4.92000000 -0.865025776027326E+003  0.116159098845458E-002 
      4.94000000 -0.865025800248482E+003  0.113736983200893E-002 
      4.96000000 -0.865025824352433E+003  0.111326588140579E-002 
      4.98000000 -0.865025848321890E+003  0.108929642412969E-002 
      5.00000000 -0.865025872140165E+003  0.106547814925145E-002 
      5.02000000 -0.865025895791101E+003  0.104182721297338E-002 
      5.04000000 -0.865025919259057E+003  0.101835925728740E-002 
      5.06000000 -0.865025942528850E+003  0.995089464402670E-003 
      5.08000000 -0.865025965585702E+003  0.972032612043217E-003 
      5.10000000 -0.865025988415217E+003  0.949203097133177E-003 
      5.12000000 -0.865026011003328E+003  0.926614986164059E-003 
      5.14000000 -0.865026033336275E+003  0.904282039363319E-003 
      5.16000000 -0.865026055400571E+003  0.882217742983558E-003 
      5.18000000 -0.865026077182973E+003  0.860435340915011E-003 
      5.20000000 -0.865026098670492E+003  0.838947822601259E-003 
      5.22000000 -0.865026119850355E+003  0.817767959582099E-003 
      5.24000000 -0.865026140709968E+003  0.796908346870135E-003 
      5.26000000 -0.865026161236947E+003  0.776381367084616E-003 
      5.28000000 -0.865026181419085E+003  0.756199229024476E-003 
      5.30000000 -0.865026201244319E+003  0.736373995703864E-003 
      5.32000000 -0.865026220700739E+003  0.716917574878065E-003 
      5.34000000 -0.865026239776538E+003  0.697841776081321E-003 
      5.36000000 -0.865026258460000E+003  0.679158314880489E-003 
      5.38000000 -0.865026276739471E+003  0.660878843037416E-003 
      5.40000000 -0.865026294603317E+003  0.643014997909485E-003 
      5.42000000 -0.865026312039901E+003  0.625578413663828E-003 
      5.44000000 -0.865026329037542E+003  0.608580772031311E-003 
      5.46000000 -0.865026345584493E+003  0.592033821544717E-003 
      5.48000000 -0.865026361668925E+003  0.575949389139651E-003 
      5.50000000 -0.865026377278896E+003  0.560339418630899E-003 
      5.52000000 -0.865026392402361E+003  0.545215953021038E-003 
      5.54000000 -0.865026407027182E+003  0.530591132470277E-003 
      5.56000000 -0.865026421141129E+003  0.516477185402422E-003 
      5.58000000 -0.865026434731929E+003  0.502886384904789E-003 
      5.60000000 -0.865026447787295E+003  0.489831019919271E-003 
      5.62000000 -0.865026460294987E+003  0.477323327183663E-003 
      5.64000000 -0.865026472242884E+003  0.465375430810245E-003 
      5.66000000 -0.865026483619038E+003  0.453999276740637E-003 
      5.68000000 -0.865026494411766E+003  0.443206548059146E-003 
      5.70000000 -0.865026504609732E+003  0.433008582336276E-003 
      5.72000000 -0.865026514202019E+003  0.423416294869360E-003 
      5.74000000 -0.865026523178234E+003  0.414440080171496E-003 
      5.76000000 -0.865026531528586E+003  0.406089728444983E-003 
      5.78000000 -0.865026539243953E+003  0.398374361679636E-003 
      5.80000000 -0.865026546315972E+003  0.391302342392282E-003 
      5.82000000 -0.865026552737094E+003  0.384881220842620E-003 
      5.84000000 -0.865026558500628E+003  0.379117686599410E-003 
      5.86000000 -0.865026563600792E+003  0.374017522426856E-003 
      5.88000000 -0.865026568032721E+003  0.369585593650435E-003 
      5.90000000 -0.865026571792483E+003  0.365825831915623E-003 
      5.92000000 -0.865026574877071E+003  0.362741243598553E-003 
      5.94000000 -0.865026577284384E+003  0.360333930687659E-003 
      5.96000000 -0.865026579013193E+003  0.358605121429412E-003 
      5.98000000 -0.865026580063100E+003  0.357555214605134E-003 
      6.00000000 -0.865026580434485E+003  0.357183828931544E-003 
      6.02000000 -0.865026580128453E+003  0.357489861645359E-003 
      6.04000000 -0.865026579146766E+003  0.358471547957966E-003 
      6.06000000 -0.865026577491785E+003  0.360126528920749E-003 
      6.08000000 -0.865026575166401E+003  0.362451913779989E-003 
      6.10000000 -0.865026572173973E+003  0.365444341751715E-003 
      6.12000000 -0.865026568518272E+003  0.369100042249769E-003 
      6.14000000 -0.865026564203425E+003  0.373414889120064E-003 
      6.16000000 -0.865026559233870E+003  0.378384444434027E-003 
      6.18000000 -0.865026553614322E+003  0.384003992034563E-003 
      6.20000000 -0.865026547349745E+003  0.390268569535237E-003 
      6.22000000 -0.865026540445329E+003  0.397172985624968E-003 
      6.24000000 -0.865026532906487E+003  0.404711827898643E-003 
      6.26000000 -0.865026524738849E+003  0.412879465660667E-003 
      6.28000000 -0.865026515948270E+003  0.421670044317864E-003 
      6.30000000 -0.865026506540851E+003  0.431077463144387E-003 
      6.32000000 -0.865026496522960E+003  0.441095354786785E-003 
      6.34000000 -0.865026485901252E+003  0.451717062642218E-003 
      6.36000000 -0.865026474682711E+003  0.462935602962152E-003 
      6.38000000 -0.865026462874689E+003  0.474743625795956E-003 
      6.40000000 -0.865026450484931E+003  0.487133383281747E-003 
      6.42000000 -0.865026437521630E+003  0.500096684402832E-003 
      6.44000000 -0.865026423993447E+003  0.513624867145526E-003 
      6.46000000 -0.865026409909566E+003  0.527708748808579E-003 
      6.48000000 -0.865026395279726E+003  0.542338587913520E-003 
      6.50000000 -0.865026380114234E+003  0.557504080531033E-003 
      6.52000000 -0.865026364424015E+003  0.573194299182825E-003 
      6.54000000 -0.865026348220627E+003  0.589397687041173E-003 
      6.56000000 -0.865026331516252E+003  0.606102062665960E-003 
      6.58000000 -0.865026314323726E+003  0.623294588778890E-003 
      6.60000000 -0.865026296656513E+003  0.640961801459115E-003 
      6.62000000 -0.865026278528704E+003  0.659089609949884E-003 
      6.64000000 -0.865026259955009E+003  0.677663305455904E-003 
      6.66000000 -0.865026240950704E+003  0.696667610060515E-003 
      6.68000000 -0.865026221531628E+003  0.716086686393113E-003 
      6.70000000 -0.865026201714130E+003  0.735904184129473E-003 
      6.72000000 -0.865026181515034E+003  0.756103280208236E-003 
      6.74000000 -0.865026160951601E+003  0.776666713150278E-003 
      6.76000000 -0.865026140041484E+003  0.797576830139070E-003 
      6.78000000 -0.865026118802645E+003  0.818815669000450E-003 
      6.80000000 -0.865026097253335E+003  0.840364979664311E-003 
      6.82000000 -0.865026075412039E+003  0.862206275788655E-003 
      6.84000000 -0.865026053297380E+003  0.884320934237406E-003 
      6.86000000 -0.865026030928113E+003  0.906690201944283E-003 
      6.88000000 -0.865026008323066E+003  0.929295248696945E-003 
      6.90000000 -0.865025985501068E+003  0.952117246603234E-003 
      6.92000000 -0.865025962480932E+003  0.975137382658827E-003 
      6.94000000 -0.865025939281423E+003  0.998336891519811E-003 
      6.96000000 -0.865025915921218E+003  0.102169709649257E-002 
      6.98000000 -0.865025892418883E+003  0.104519943157552E-002 
      7.00000000 -0.865025868792852E+003  0.106882546224406E-002 
      7.02000000 -0.865025845061404E+003  0.109255691068258E-002 
      7.04000000 -0.865025821242664E+003  0.111637565056401E-002 
      7.06000000 -0.865025797354591E+003  0.114026372348450E-002 
      7.08000000 -0.865025773414988E+003  0.116420332639571E-002 
      7.10000000 -0.865025749441492E+003  0.118817682233569E-002 
      7.12000000 -0.865025725451569E+003  0.121216674584264E-002 
      7.14000000 -0.865025701462525E+003  0.123615578922712E-002 
      7.16000000 -0.865025677491517E+003  0.126012679754505E-002 
      7.18000000 -0.865025653555584E+003  0.128406273021799E-002 
      7.20000000 -0.865025629671617E+003  0.130794669747933E-002 
      7.22000000 -0.865025605856418E+003  0.133176189685934E-002 
      7.24000000 -0.865025582126715E+003  0.135549159945740E-002 
      7.26000000 -0.865025558499124E+003  0.137911919073852E-002 
      7.28000000 -0.865025534990192E+003  0.140262812219624E-002 
      7.30000000 -0.865025511616395E+003  0.142600191985996E-002 
      7.32000000 -0.865025488394097E+003  0.144922421706751E-002 
      7.34000000 -0.865025465339611E+003  0.147227870342113E-002 
      7.36000000 -0.865025442469167E+003  0.149514914702255E-002 
      7.38000000 -0.865025419798875E+003  0.151781943971658E-002 
      7.40000000 -0.865025397344747E+003  0.154027356731539E-002 
      7.42000000 -0.865025375122659E+003  0.156249565542214E-002 
      7.44000000 -0.865025353148313E+003  0.158447000143014E-002 
      7.46000000 -0.865025331437284E+003  0.160618103092277E-002 
      7.48000000 -0.865025310004949E+003  0.162761336573217E-002 
      7.50000000 -0.865025288866460E+003  0.164875185468163E-002 
      7.52000000 -0.865025268036777E+003  0.166958153742943E-002 
      7.54000000 -0.865025247530636E+003  0.169008767888488E-002 
      7.56000000 -0.865025227362515E+003  0.171025579937069E-002 
      7.58000000 -0.865025207546685E+003  0.173007162976609E-002 
      7.60000000 -0.865025188097126E+003  0.174952118845957E-002 
      7.62000000 -0.865025169027565E+003  0.176859074896300E-002 
      7.64000000 -0.865025150351500E+003  0.178726681458295E-002 
      7.66000000 -0.865025132082116E+003  0.180553619817698E-002 
      7.68000000 -0.865025114232350E+003  0.182338596395572E-002 
      7.70000000 -0.865025096814881E+003  0.184080343376671E-002 
      7.72000000 -0.865025079842126E+003  0.185777618796446E-002 
      7.74000000 -0.865025063326260E+003  0.187429205400288E-002 
      7.76000000 -0.865025047279203E+003  0.189033911184905E-002 
      7.78000000 -0.865025031712651E+003  0.190590566362751E-002 
      7.80000000 -0.865025016638062E+003  0.192098025266506E-002 
      7.82000000 -0.865025002066685E+003  0.193555162897807E-002 
      7.84000000 -0.865024988009535E+003  0.194960877943487E-002 
      7.86000000 -0.865024974477348E+003  0.196314096681211E-002 
      7.88000000 -0.865024961480615E+003  0.197613769895568E-002 
      7.90000000 -0.865024949029562E+003  0.198858875227258E-002 
      7.92000000 -0.865024937134142E+003  0.200048417211759E-002 
      7.94000000 -0.865024925804004E+003  0.201181431010956E-002 
      7.96000000 -0.865024915048482E+003  0.202256983263872E-002 
      7.98000000 -0.865024904876553E+003  0.203274176166322E-002 
      8.00000000 -0.865024895296843E+003  0.204232147113221E-002 
      8.02000000 -0.865024886317601E+003  0.205130071337787E-002 
      8.04000000 -0.865024877946646E+003  0.205967166793595E-002 
      8.06000000 -0.865024870191412E+003  0.206742690277938E-002 
      8.08000000 -0.865024863058845E+003  0.207455946915570E-002 
      8.10000000 -0.865024856555427E+003  0.208106288737597E-002 
      8.12000000 -0.865024850687195E+003  0.208693111935926E-002 
      8.14000000 -0.865024845459597E+003  0.209215871693100E-002 
      8.16000000 -0.865024840877556E+003  0.209674075811457E-002 
      8.18000000 -0.865024836945434E+003  0.210067287990396E-002 
      8.20000000 -0.865024833666971E+003  0.210395134342217E-002 
      8.22000000 -0.865024831045287E+003  0.210657302715402E-002 
      8.24000000 -0.865024829082853E+003  0.210853546107217E-002 
      8.26000000 -0.865024827781481E+003  0.210983683359767E-002 
      8.28000000 -0.865024827142294E+003  0.211047602021552E-002 
      8.30000000 -0.865024827165709E+003  0.211045260503305E-002 
      8.32000000 -0.865024827851450E+003  0.210976686482868E-002 
      8.34000000 -0.865024829198538E+003  0.210841977610910E-002 
      8.36000000 -0.865024831205262E+003  0.210641305194220E-002 
      8.38000000 -0.865024833869198E+003  0.210374911672507E-002 
      8.40000000 -0.865024837187189E+003  0.210043112561552E-002 
      8.42000000 -0.865024841155337E+003  0.209646297758314E-002 
      8.44000000 -0.865024845769001E+003  0.209184931328241E-002 
      8.46000000 -0.865024851022774E+003  0.208659554038142E-002 
      8.48000000 -0.865024856910548E+003  0.208070776608319E-002 
      8.50000000 -0.865024863425503E+003  0.207419281133679E-002 
      8.52000000 -0.865024870560112E+003  0.206705820204001E-002 
      8.54000000 -0.865024878306201E+003  0.205931211335496E-002 
      8.56000000 -0.865024886654971E+003  0.205096334321934E-002 
      8.58000000 -0.865024895596973E+003  0.204202134096200E-002 
      8.60000000 -0.865024905122197E+003  0.203249611739591E-002 
      8.62000000 -0.865024915220104E+003  0.202239821049877E-002 
      8.64000000 -0.865024925879583E+003  0.201173873113993E-002 
      8.66000000 -0.865024937089080E+003  0.200052923450366E-002 
      8.68000000 -0.865024948836585E+003  0.198878172907982E-002 
      8.70000000 -0.865024961109671E+003  0.197650864302125E-002 
      8.72000000 -0.865024973895602E+003  0.196372271219494E-002 
      8.74000000 -0.865024987181305E+003  0.195043700966770E-002 
      8.76000000 -0.865025000953468E+003  0.193666484680841E-002 
      8.78000000 -0.865025015198604E+003  0.192241971035303E-002 
      8.80000000 -0.865025029903086E+003  0.190771522827864E-002 
      8.82000000 -0.865025045053222E+003  0.189256509275400E-002 
      8.84000000 -0.865025060635224E+003  0.187698309068868E-002 
      8.86000000 -0.865025076635323E+003  0.186098299159086E-002 
      8.88000000 -0.865025093039775E+003  0.184457853973673E-002 
      8.90000000 -0.865025109834824E+003  0.182778349061672E-002 
      8.92000000 -0.865025127006842E+003  0.181061147249791E-002 
      8.94000000 -0.865025144542284E+003  0.179307602992748E-002 
      8.96000000 -0.865025162427716E+003  0.177519059850074E-002 
      8.98000000 -0.865025180649911E+003  0.175696840383646E-002 
      9.00000000 -0.865025199195782E+003  0.173842253243921E-002 
      9.02000000 -0.865025218052427E+003  0.171956588742242E-002 
      9.04000000 -0.865025237207170E+003  0.170041114432838E-002 
      9.06000000 -0.865025256647506E+003  0.168097080816594E-002 
      9.08000000 -0.865025276361207E+003  0.166125710745559E-002 
      9.10000000 -0.865025296336272E+003  0.164128204246988E-002 
      9.12000000 -0.865025316560855E+003  0.162105745918924E-002 
      9.14000000 -0.865025337023332E+003  0.160059498259675E-002 
      9.16000000 -0.865025357712271E+003  0.157990604326355E-002 
      9.18000000 -0.865025378616389E+003  0.155900192549263E-002 
      9.20000000 -0.865025399724584E+003  0.153789373029258E-002 
      9.22000000 -0.865025421025877E+003  0.151659243782915E-002 
      9.24000000 -0.865025442509358E+003  0.149510895672916E-002 
      9.26000000 -0.865025464164220E+003  0.147345409469150E-002 
      9.28000000 -0.865025485979697E+003  0.145163861697505E-002 
      9.30000000 -0.865025507945049E+003  0.142967326525017E-002 
      9.32000000 -0.865025530049533E+003  0.140756878176727E-002 
      9.34000000 -0.865025552282371E+003  0.138533594309613E-002 
      9.36000000 -0.865025574632734E+003  0.136298557994410E-002 
      9.38000000 -0.865025597089702E+003  0.134052861234555E-002 
      9.40000000 -0.865025619642295E+003  0.131797601959619E-002 
      9.42000000 -0.865025642279409E+003  0.129533890570150E-002 
      9.44000000 -0.865025664989791E+003  0.127262852315864E-002 
      9.46000000 -0.865025687762075E+003  0.124985623902376E-002 
      9.48000000 -0.865025710584736E+003  0.122703357802872E-002 
      9.50000000 -0.865025733446126E+003  0.120417218864845E-002 
      9.52000000 -0.865025756334427E+003  0.118128388689437E-002 
      9.54000000 -0.865025779237681E+003  0.115838063349925E-002 
      9.56000000 -0.865025802143819E+003  0.113547449515087E-002 
      9.58000000 -0.865025825040618E+003  0.111257769611604E-002 
      9.60000000 -0.865025847915702E+003  0.108970261224682E-002 
      9.62000000 -0.865025870756606E+003  0.106686170852892E-002 
      9.64000000 -0.865025893550744E+003  0.104406757079089E-002 
      9.66000000 -0.865025916285416E+003  0.102133289835686E-002 
      9.68000000 -0.865025938947887E+003  0.998670427770542E-003 
      9.70000000 -0.865025961525364E+003  0.976092950873337E-003 
      9.72000000 -0.865025984005039E+003  0.953613275747912E-003 
      9.74000000 -0.865026006374121E+003  0.931244193268917E-003 
      9.76000000 -0.865026028619882E+003  0.908998432826175E-003 
      9.78000000 -0.865026050729682E+003  0.886888632549006E-003 
      9.80000000 -0.865026072691029E+003  0.864927285942038E-003 
      9.82000000 -0.865026094491640E+003  0.843126674019876E-003 
      9.84000000 -0.865026116119461E+003  0.821498853222818E-003 
      9.86000000 -0.865026137562750E+003  0.800055564059683E-003 
      9.88000000 -0.865026158810068E+003  0.778808246188991E-003 
      9.90000000 -0.865026179850325E+003  0.757767989791814E-003 
      9.92000000 -0.865026200672864E+003  0.736945450401750E-003 
      9.94000000 -0.865026221267437E+003  0.716350877327159E-003 
      9.96000000 -0.865026241624225E+003  0.695994089095897E-003 
      9.98000000 -0.865026261733873E+003  0.675884441069442E-003 
     10.00000000 -0.865026281587500E+003  0.656030814615375E-003 
     10.02000000 -0.865026301176664E+003  0.636441650073304E-003 
     10.04000000 -0.865026320493431E+003  0.617124883239875E-003 
     10.06000000 -0.865026339530356E+003  0.598087958806494E-003 
     10.08000000 -0.865026358280470E+003  0.579337844763789E-003 
     10.10000000 -0.865026376737305E+003  0.560881009586490E-003 
     10.12000000 -0.865026394894830E+003  0.542723484491649E-003 
     10.14000000 -0.865026412747510E+003  0.524870804564015E-003 
     10.16000000 -0.865026430290280E+003  0.507328034278041E-003 
     10.18000000 -0.865026447518501E+003  0.490099813708179E-003 
     10.20000000 -0.865026464427966E+003  0.473190347991384E-003 
     10.22000000 -0.865026481014883E+003  0.456603431495685E-003 
     10.24000000 -0.865026497275889E+003  0.440342425875119E-003 
     10.26000000 -0.865026513207997E+003  0.424410317397574E-003 
     10.28000000 -0.865026528808628E+003  0.408809686782418E-003 
     10.30000000 -0.865026544075605E+003  0.393542709587196E-003 
     10.32000000 -0.865026559007113E+003  0.378611201354508E-003 
     10.34000000 -0.865026573601723E+003  0.364016591413287E-003 
     10.36000000 -0.865026587858387E+003  0.349759927422487E-003 
     10.38000000 -0.865026601776425E+003  0.335841889485526E-003 
     10.40000000 -0.865026615355509E+003  0.322262805811516E-003 
     10.42000000 -0.865026628595667E+003  0.309022647011484E-003 
     10.44000000 -0.865026641497267E+003  0.296121047656725E-003 
     10.46000000 -0.865026654061009E+003  0.283557305312069E-003 
     10.48000000 -0.865026666287918E+003  0.271330396197102E-003 
     10.50000000 -0.865026678179319E+003  0.259438994907722E-003 
     10.52000000 -0.865026689736860E+003  0.247881454597911E-003 
     10.54000000 -0.865026700962467E+003  0.236655847292905E-003 
     10.56000000 -0.865026711858350E+003  0.225759964275888E-003 
     10.58000000 -0.865026722427006E+003  0.215191308547402E-003 
     10.60000000 -0.865026732671173E+003  0.204947141132314E-003 
     10.62000000 -0.865026742593837E+003  0.195024477599549E-003 
     10.64000000 -0.865026752198226E+003  0.185420088158758E-003 
     10.66000000 -0.865026761487782E+003  0.176130532559729E-003 
     10.68000000 -0.865026770466149E+003  0.167152165022772E-003 
     10.70000000 -0.865026779137165E+003  0.158481149513255E-003 
     10.72000000 -0.865026787504829E+003  0.150113485456956E-003 
     10.74000000 -0.865026795573315E+003  0.142044999716098E-003 
     10.76000000 -0.865026803346943E+003  0.134271371821333E-003 
     10.78000000 -0.865026810830169E+003  0.126788145089280E-003 
     10.80000000 -0.865026818027592E+003  0.119590722658882E-003 
     10.82000000 -0.865026824943927E+003  0.112674387212952E-003 
     10.84000000 -0.865026831584015E+003  0.106034299044693E-003 
     10.86000000 -0.865026837952801E+003  0.996655130723623E-004 
     10.88000000 -0.865026844055333E+003  0.935629813528064E-004 
     10.90000000 -0.865026849896760E+003  0.877215543382237E-004 
     10.92000000 -0.865026855482325E+003  0.821359890934779E-004 
     10.94000000 -0.865026860817357E+003  0.768009578034322E-004 
     10.96000000 -0.865026865907265E+003  0.717110489330411E-004 
     10.98000000 -0.865026870757547E+003  0.668607673240241E-004 
     11.00000000 -0.865026875373779E+003  0.622445352582828E-004 
     11.02000000 -0.865026879761619E+003  0.578566957448258E-004 
     11.04000000 -0.865026883926806E+003  0.536915083627751E-004 
     11.06000000 -0.865026887875162E+003  0.497431523549432E-004 
     11.08000000 -0.865026891612581E+003  0.460057331050076E-004 
     11.10000000 -0.865026895145032E+003  0.424732828142313E-004 
     11.12000000 -0.865026898478553E+003  0.391397612748567E-004 
     11.14000000 -0.865026901619247E+003  0.359990670843195E-004 
     11.16000000 -0.865026904573273E+003  0.330450412221966E-004 
     11.18000000 -0.865026907346839E+003  0.302714755575410E-004 
     11.20000000 -0.865026909946192E+003  0.276721222262847E-004 
     11.22000000 -0.865026912377619E+003  0.252406955647241E-004 
     11.24000000 -0.865026914647431E+003  0.229708836137571E-004 
     11.26000000 -0.865026916761954E+003  0.208563603965137E-004 
     11.28000000 -0.865026918727525E+003  0.188907893986296E-004 
     11.30000000 -0.865026920550474E+003  0.170678405829161E-004 
     11.32000000 -0.865026922237117E+003  0.153811978332777E-004 
     11.34000000 -0.865026923793743E+003  0.138245713290177E-004 
     11.36000000 -0.865026925226601E+003  0.123917133027425E-004 
     11.38000000 -0.865026926541886E+003  0.110764279011359E-004 
     11.40000000 -0.865026927745727E+003  0.987258703953797E-005 
     11.42000000 -0.865026928844173E+003  0.877414190618194E-005 
     11.44000000 -0.865026929843181E+003  0.777513340301414E-005 
     11.46000000 -0.865026930748608E+003  0.686970635681031E-005 
     11.48000000 -0.865026931566195E+003  0.605211918660153E-005 
     11.50000000 -0.865026932301561E+003  0.531675308772896E-005 
     11.52000000 -0.865026932960192E+003  0.465812285936092E-005 
     11.54000000 -0.865026933547429E+003  0.407088512180497E-005 
     11.56000000 -0.865026934068465E+003  0.354984904735078E-005 
     11.58000000 -0.865026934528331E+003  0.308998312746831E-005 
     11.60000000 -0.865026934931889E+003  0.268642493690806E-005 
     11.62000000 -0.865026935283829E+003  0.233448577406555E-005 
     11.64000000 -0.865026935588657E+003  0.202965733150524E-005 
     11.66000000 -0.865026935850697E+003  0.176761778643893E-005 
     11.68000000 -0.865026936074079E+003  0.154423528099906E-005 
     11.70000000 -0.865026936262741E+003  0.135557304597456E-005 
     11.72000000 -0.865026936420424E+003  0.119789075425043E-005 
     11.74000000 -0.865026936550665E+003  0.106764906449797E-005 
     11.76000000 -0.865026936656802E+003  0.961512134705539E-006 
     11.78000000 -0.865026936741966E+003  0.876348298898392E-006 
     11.80000000 -0.865026936809080E+003  0.809234417480346E-006 
     11.82000000 -0.865026936860858E+003  0.757456553953614E-006 
     11.84000000 -0.865026936899802E+003  0.718512295101040E-006 
     11.86000000 -0.865026936928201E+003  0.690113264516857E-006 
     11.88000000 -0.865026936948127E+003  0.670187346114664E-006 
     11.90000000 -0.865026936961435E+003  0.656879554195763E-006 
     11.92000000 -0.865026936969757E+003  0.648557350533456E-006 
     11.94000000 -0.865026936974505E+003  0.643809774304703E-006 
     11.96000000 -0.865026936976860E+003  0.641454015939795E-006 
     11.98000000 -0.865026936977780E+003  0.640534450379757E-006 
     12.00000000 -0.865026936977985E+003  0.640329887645838E-006 
     12.02000000 -0.865026936978005E+003  0.640309392702742E-006 
     12.04000000 -0.865026936978025E+003  0.640289091108166E-006 
     12.06000000 -0.865026936978045E+003  0.640269272884889E-006 
     12.08000000 -0.865026936978065E+003  0.640249648010132E-006 
     12.10000000 -0.865026936978084E+003  0.640230699855194E-006 
     12.12000000 -0.865026936978102E+003  0.640212331745816E-006 
     12.14000000 -0.865026936978120E+003  0.640194737030517E-006 
     12.16000000 -0.865026936978137E+003  0.640177432337997E-006 
     12.18000000 -0.865026936978154E+003  0.640160707691037E-006 
     12.20000000 -0.865026936978170E+003  0.640144273066856E-006 
     12.22000000 -0.865026936978186E+003  0.640128418488235E-006 
     12.24000000 -0.865026936978202E+003  0.640112370561094E-006 
     12.26000000 -0.865026936978218E+003  0.640096322633952E-006 
     12.28000000 -0.865026936978234E+003  0.640080178032551E-006 
     12.30000000 -0.865026936978250E+003  0.640063936756890E-006 
     12.32000000 -0.865026936978267E+003  0.640047405458450E-006 
     12.34000000 -0.865026936978284E+003  0.640030777485750E-006 
     12.36000000 -0.865026936978301E+003  0.640013569467490E-006 
     12.38000000 -0.865026936978318E+003  0.639995974752190E-006 
     12.40000000 -0.865026936978336E+003  0.639977993339852E-006 
     12.42000000 -0.865026936978355E+003  0.639959818578993E-006 
     12.44000000 -0.865026936978373E+003  0.639940967098315E-006 
     12.46000000 -0.865026936978392E+003  0.639922115617637E-006 
     12.48000000 -0.865026936978412E+003  0.639902780765660E-006 
     12.50000000 -0.865026936978431E+003  0.639883252565163E-006 
     12.52000000 -0.865026936978451E+003  0.639863531016146E-006 
     12.54000000 -0.865026936978470E+003  0.639844002815649E-006 
     12.56000000 -0.865026936978490E+003  0.639824281266633E-006 
     12.58000000 -0.865026936978510E+003  0.639804366369096E-006 
     12.60000000 -0.865026936978530E+003  0.639784644820079E-006 
     12.62000000 -0.865026936978549E+003  0.639764923271062E-006 
     12.64000000 -0.865026936978569E+003  0.639745395070565E-006 
     12.66000000 -0.865026936978589E+003  0.639725673521549E-006 
     12.68000000 -0.865026936978608E+003  0.639706435343831E-006 
     12.70000000 -0.865026936978627E+003  0.639687197166114E-006 
     12.72000000 -0.865026936978646E+003  0.639667958988397E-006 
     12.74000000 -0.865026936978665E+003  0.639649107507719E-006 
     12.76000000 -0.865026936978684E+003  0.639630062678521E-006 
     12.78000000 -0.865026936978703E+003  0.639611211197843E-006 
     12.80000000 -0.865026936978722E+003  0.639592456391425E-006 
     12.82000000 -0.865026936978741E+003  0.639573508236488E-006 
     12.84000000 -0.865026936978759E+003  0.639554946778589E-006 
     12.86000000 -0.865026936978778E+003  0.639536095297912E-006 
     12.88000000 -0.865026936978797E+003  0.639517340491494E-006 
     12.90000000 -0.865026936978816E+003  0.639498392336556E-006 
     12.92000000 -0.865026936978835E+003  0.639479734204398E-006 
     12.94000000 -0.865026936978854E+003  0.639460592700940E-006 
     12.96000000 -0.865026936978873E+003  0.639441451197483E-006 
     12.98000000 -0.865026936978892E+003  0.639422503042545E-006 
     13.00000000 -0.865026936978911E+003  0.639403361539088E-006 
     13.02000000 -0.865026936978931E+003  0.639383930012851E-006 
     13.04000000 -0.865026936978950E+003  0.639364498486614E-006 
     13.06000000 -0.865026936978970E+003  0.639344776937597E-006 
     13.08000000 -0.865026936978989E+003  0.639325248737100E-006 
     13.10000000 -0.865026936979008E+003  0.639305913885122E-006 
     13.12000000 -0.865026936979029E+003  0.639285805639066E-006 
     13.14000000 -0.865026936979048E+003  0.639266084090049E-006 
     13.16000000 -0.865026936979068E+003  0.639246459215292E-006 
     13.18000000 -0.865026936979088E+003  0.639226447643496E-006 
     13.20000000 -0.865026936979108E+003  0.639206532745959E-006 
     13.22000000 -0.865026936979128E+003  0.639186811196943E-006 
     13.24000000 -0.865026936979148E+003  0.639166896299406E-006 
     13.26000000 -0.865026936979167E+003  0.639147078076129E-006 
     13.28000000 -0.865026936979187E+003  0.639127453201372E-006 
     13.30000000 -0.865026936979207E+003  0.639107731652356E-006 
     13.32000000 -0.865026936979226E+003  0.639087913429079E-006 
     13.34000000 -0.865026936979246E+003  0.639068095205802E-006 
     13.36000000 -0.865026936979266E+003  0.639048373656786E-006 
     13.38000000 -0.865026936979286E+003  0.639028845456289E-006 
     13.40000000 -0.865026936979305E+003  0.639009027233012E-006 
     13.42000000 -0.865026936979325E+003  0.638989402358255E-006 
     13.44000000 -0.865026936979345E+003  0.638969584134978E-006 
     13.46000000 -0.865026936979364E+003  0.638949959260221E-006 
     13.48000000 -0.865026936979384E+003  0.638930431059724E-006 
     13.50000000 -0.865026936979404E+003  0.638910709510708E-006 
     13.52000000 -0.865026936979423E+003  0.638890987961691E-006 
     13.54000000 -0.865026936979443E+003  0.638871459761194E-006 
     13.56000000 -0.865026936979462E+003  0.638851931560697E-006 
     13.58000000 -0.865026936979482E+003  0.638832016663160E-006 
     13.60000000 -0.865026936979502E+003  0.638812295114143E-006 
     13.62000000 -0.865026936979522E+003  0.638792380216607E-006 
     13.64000000 -0.865026936979542E+003  0.638772852016110E-006 
     13.66000000 -0.865026936979561E+003  0.638752937118573E-006 
     13.68000000 -0.865026936979581E+003  0.638733022221037E-006 
     13.70000000 -0.865026936979601E+003  0.638713300672020E-006 
     13.72000000 -0.865026936979621E+003  0.638693385774483E-006 
     13.74000000 -0.865026936979641E+003  0.638673567551207E-006 
     13.76000000 -0.865026936979661E+003  0.638653749327930E-006 
     13.78000000 -0.865026936979681E+003  0.638633834430393E-006 
     13.80000000 -0.865026936979700E+003  0.638614112881376E-006 
     13.82000000 -0.865026936979721E+003  0.638593811286800E-006 
     13.84000000 -0.865026936979740E+003  0.638573993063524E-006 
     13.86000000 -0.865026936979760E+003  0.638553981491727E-006 
     13.88000000 -0.865026936979780E+003  0.638534066594191E-006 
     13.90000000 -0.865026936979800E+003  0.638514055022394E-006 
     13.92000000 -0.865026936979820E+003  0.638494236799118E-006 
     13.94000000 -0.865026936979840E+003  0.638474515250101E-006 
     13.96000000 -0.865026936979860E+003  0.638454407004044E-006 
     13.98000000 -0.865026936979880E+003  0.638434492106508E-006 
     14.00000000 -0.865026936979900E+003  0.638414770557491E-006 
     14.02000000 -0.865026936979919E+003  0.638394952334214E-006 
     14.04000000 -0.865026936979939E+003  0.638374940762418E-006 
     14.06000000 -0.865026936979959E+003  0.638355219213401E-006 
     14.08000000 -0.865026936979979E+003  0.638335110967345E-006 
     14.10000000 -0.865026936979999E+003  0.638315389418328E-006 
     14.12000000 -0.865026936980019E+003  0.638295281172272E-006 
     14.14000000 -0.865026936980039E+003  0.638275462948995E-006 
     14.16000000 -0.865026936980059E+003  0.638255644725718E-006 
     14.18000000 -0.865026936980079E+003  0.638235439805402E-006 
     14.20000000 -0.865026936980099E+003  0.638215814930645E-006 
     14.22000000 -0.865026936980119E+003  0.638195706684589E-006 
     14.24000000 -0.865026936980139E+003  0.638175791787052E-006 
     14.26000000 -0.865026936980159E+003  0.638155876889516E-006 
     14.28000000 -0.865026936980179E+003  0.638135865317719E-006 
     14.30000000 -0.865026936980198E+003  0.638116047094443E-006 
     14.32000000 -0.865026936980218E+003  0.638096132196906E-006 
     14.34000000 -0.865026936980238E+003  0.638076023950850E-006 
     14.36000000 -0.865026936980258E+003  0.638056109053313E-006 
     14.38000000 -0.865026936980278E+003  0.638036194155777E-006 
     14.40000000 -0.865026936980298E+003  0.638016085909720E-006 
     14.42000000 -0.865026936980318E+003  0.637996171012184E-006 
     14.44000000 -0.865026936980338E+003  0.637976256114647E-006 
     14.46000000 -0.865026936980358E+003  0.637956341217111E-006 
     14.48000000 -0.865026936980378E+003  0.637936329645314E-006 
     14.50000000 -0.865026936980398E+003  0.637916414747778E-006 
     14.52000000 -0.865026936980418E+003  0.637896403175981E-006 
     14.54000000 -0.865026936980438E+003  0.637876488278445E-006 
     14.56000000 -0.865026936980458E+003  0.637856766729428E-006 
     14.58000000 -0.865026936980477E+003  0.637836948506151E-006 
     14.60000000 -0.865026936980497E+003  0.637816936934355E-006 
     14.62000000 -0.865026936980518E+003  0.637796828688298E-006 
     14.64000000 -0.865026936980537E+003  0.637777107139281E-006 
     14.66000000 -0.865026936980557E+003  0.637757192241745E-006 
     14.68000000 -0.865026936980577E+003  0.637737277344208E-006 
     14.70000000 -0.865026936980597E+003  0.637717362446672E-006 
     14.72000000 -0.865026936980617E+003  0.637697447549135E-006 
     14.74000000 -0.865026936980637E+003  0.637677532651599E-006 
     14.76000000 -0.865026936980657E+003  0.637657424405542E-006 
     14.78000000 -0.865026936980677E+003  0.637637702856525E-006 
     14.80000000 -0.865026936980697E+003  0.637617594610469E-006 
     14.82000000 -0.865026936980717E+003  0.637597679712933E-006 
     14.84000000 -0.865026936980736E+003  0.637577958163916E-006 
     14.86000000 -0.865026936980757E+003  0.637557849917859E-006 
     14.88000000 -0.865026936980777E+003  0.637537838346063E-006 
     14.90000000 -0.865026936980797E+003  0.637517826774267E-006 
     14.92000000 -0.865026936980816E+003  0.637497911876730E-006 
     14.94000000 -0.865026936980837E+003  0.637477803630674E-006 
     14.96000000 -0.865026936980857E+003  0.637457792058877E-006 
     14.98000000 -0.865026936980877E+003  0.637437780487081E-006 
     15.00000000 -0.865026936980897E+003  0.637417768915284E-006 
     15.02000000 -0.865026936980916E+003  0.637397950692008E-006 
     15.04000000 -0.865026936980936E+003  0.637378035794471E-006 
     15.06000000 -0.865026936980956E+003  0.637358024222675E-006 
     15.08000000 -0.865026936980976E+003  0.637338205999398E-006 
     15.10000000 -0.865026936980996E+003  0.637318097753342E-006 
     15.12000000 -0.865026936981016E+003  0.637298182855805E-006 
     15.14000000 -0.865026936981036E+003  0.637278461306788E-006 
     15.16000000 -0.865026936981056E+003  0.637258353060732E-006 
     15.18000000 -0.865026936981076E+003  0.637238438163195E-006 
     15.20000000 -0.865026936981095E+003  0.637218909962698E-006 
     15.22000000 -0.865026936981116E+003  0.637198801716642E-006 
     15.24000000 -0.865026936981135E+003  0.637178886819105E-006 
     15.26000000 -0.865026936981155E+003  0.637159165270089E-006 
     15.28000000 -0.865026936981175E+003  0.637139250372552E-006 
     15.30000000 -0.865026936981195E+003  0.637119335475015E-006 
     15.32000000 -0.865026936981215E+003  0.637099323903219E-006 
     15.34000000 -0.865026936981235E+003  0.637079699028462E-006 
     15.36000000 -0.865026936981255E+003  0.637059784130925E-006 
     15.38000000 -0.865026936981275E+003  0.637039772559129E-006 
     15.40000000 -0.865026936981295E+003  0.637019760987333E-006 
     15.42000000 -0.865026936981315E+003  0.636999846089796E-006 
     15.44000000 -0.865026936981335E+003  0.636979737843740E-006 
     15.46000000 -0.865026936981354E+003  0.636960016294723E-006 
     15.48000000 -0.865026936981374E+003  0.636940004722926E-006 
     15.50000000 -0.865026936981394E+003  0.636919993151130E-006 
     15.52000000 -0.865026936981414E+003  0.636900174927853E-006 
     15.54000000 -0.865026936981434E+003  0.636880260030317E-006 
     15.56000000 -0.865026936981454E+003  0.636860441807040E-006 
     15.58000000 -0.865026936981474E+003  0.636840526909504E-006 
     15.60000000 -0.865026936981494E+003  0.636820612011967E-006 
     15.62000000 -0.865026936981514E+003  0.636800697114430E-006 
     15.64000000 -0.865026936981533E+003  0.636780975565414E-006 
     15.66000000 -0.865026936981553E+003  0.636761254016397E-006 
     15.68000000 -0.865026936981573E+003  0.636741242444600E-006 
     15.70000000 -0.865026936981593E+003  0.636721424221324E-006 
     15.72000000 -0.865026936981613E+003  0.636701605998047E-006 
     15.74000000 -0.865026936981633E+003  0.636681787774770E-006 
     15.76000000 -0.865026936981653E+003  0.636661679528714E-006 
     15.78000000 -0.865026936981672E+003  0.636641957979697E-006 
     15.80000000 -0.865026936981692E+003  0.636622236430680E-006 
     15.82000000 -0.865026936981712E+003  0.636602321533144E-006 
     15.84000000 -0.865026936981732E+003  0.636582213287087E-006 
     15.86000000 -0.865026936981752E+003  0.636562298389551E-006 
     15.88000000 -0.865026936981772E+003  0.636542480166274E-006 
     15.90000000 -0.865026936981792E+003  0.636522468594478E-006 
     15.92000000 -0.865026936981812E+003  0.636502553696941E-006 
     15.94000000 -0.865026936981832E+003  0.636482832147924E-006 
     15.96000000 -0.865026936981852E+003  0.636462723901868E-006 
     15.98000000 -0.865026936981871E+003  0.636442905678591E-006 
     16.00000000 -0.865026936981891E+003  0.636422990781055E-006 
     16.02000000 -0.865026936981911E+003  0.636403172557778E-006 
     16.04000000 -0.865026936981931E+003  0.636383257660242E-006 
     16.06000000 -0.865026936981951E+003  0.636363342762705E-006 
     16.08000000 -0.865026936981971E+003  0.636343427865168E-006 
     16.10000000 -0.865026936981991E+003  0.636323706316152E-006 
     16.12000000 -0.865026936982011E+003  0.636303791418615E-006 
     16.14000000 -0.865026936982031E+003  0.636283876521079E-006 
     16.16000000 -0.865026936982050E+003  0.636264251646322E-006 
     16.18000000 -0.865026936982070E+003  0.636244336748785E-006 
     16.20000000 -0.865026936982090E+003  0.636224421851249E-006 
     16.22000000 -0.865026936982110E+003  0.636204603627972E-006 
     16.24000000 -0.865026936982130E+003  0.636184882078955E-006 
     16.26000000 -0.865026936982149E+003  0.636165160529938E-006 
     16.28000000 -0.865026936982169E+003  0.636145438980921E-006 
     16.30000000 -0.865026936982189E+003  0.636125524083385E-006 
     16.32000000 -0.865026936982209E+003  0.636105609185848E-006 
     16.34000000 -0.865026936982228E+003  0.636085887636832E-006 
     16.36000000 -0.865026936982248E+003  0.636066166087815E-006 
     16.38000000 -0.865026936982268E+003  0.636046057841758E-006 
     16.40000000 -0.865026936982288E+003  0.636026142944222E-006 
     16.42000000 -0.865026936982308E+003  0.636006324720945E-006 
     16.44000000 -0.865026936982328E+003  0.635986313149149E-006 
     16.46000000 -0.865026936982348E+003  0.635966398251612E-006 
     16.48000000 -0.865026936982368E+003  0.635946483354076E-006 
     16.50000000 -0.865026936982388E+003  0.635926665130799E-006 
     16.52000000 -0.865026936982408E+003  0.635906653559002E-006 
     16.54000000 -0.865026936982428E+003  0.635886738661466E-006 
     16.56000000 -0.865026936982448E+003  0.635866823763929E-006 
     16.58000000 -0.865026936982468E+003  0.635846908866393E-006 
     16.60000000 -0.865026936982487E+003  0.635826993968856E-006 
     16.62000000 -0.865026936982507E+003  0.635807465768359E-006 
     16.64000000 -0.865026936982527E+003  0.635787357522303E-006 
     16.66000000 -0.865026936982547E+003  0.635767442624766E-006 
     16.68000000 -0.865026936982567E+003  0.635747527727230E-006 
     16.70000000 -0.865026936982586E+003  0.635728096200993E-006 
     16.72000000 -0.865026936982606E+003  0.635708277977716E-006 
     16.74000000 -0.865026936982626E+003  0.635688363080179E-006 
     16.76000000 -0.865026936982646E+003  0.635668448182643E-006 
     16.78000000 -0.865026936982666E+003  0.635648726633626E-006 
     16.80000000 -0.865026936982685E+003  0.635629005084609E-006 
     16.82000000 -0.865026936982705E+003  0.635609283535592E-006 
     16.84000000 -0.865026936982725E+003  0.635589465312316E-006 
     16.86000000 -0.865026936982745E+003  0.635569550414779E-006 
     16.88000000 -0.865026936982764E+003  0.635549925540022E-006 
     16.90000000 -0.865026936982784E+003  0.635530010642486E-006 
     16.92000000 -0.865026936982804E+003  0.635510289093469E-006 
     16.94000000 -0.865026936982824E+003  0.635490374195932E-006 
     16.96000000 -0.865026936982844E+003  0.635470555972656E-006 
     16.98000000 -0.865026936982864E+003  0.635450737749379E-006 
     17.00000000 -0.865026936982884E+003  0.635430822851842E-006 
     17.02000000 -0.865026936982903E+003  0.635411101302826E-006 
     17.04000000 -0.865026936982923E+003  0.635391089731029E-006 
     17.06000000 -0.865026936982943E+003  0.635371078159233E-006 
     17.08000000 -0.865026936982963E+003  0.635351356610216E-006 
     17.10000000 -0.865026936982983E+003  0.635331441712679E-006 
     17.12000000 -0.865026936983003E+003  0.635311623489403E-006 
     17.14000000 -0.865026936983023E+003  0.635291805266126E-006 
     17.16000000 -0.865026936983042E+003  0.635271987042849E-006 
     17.18000000 -0.865026936983062E+003  0.635251975471053E-006 
     17.20000000 -0.865026936983082E+003  0.635232157247776E-006 
     17.22000000 -0.865026936983102E+003  0.635212435698759E-006 
     17.24000000 -0.865026936983122E+003  0.635192617475483E-006 
     17.26000000 -0.865026936983142E+003  0.635172702577946E-006 
     17.28000000 -0.865026936983161E+003  0.635153174377449E-006 
     17.30000000 -0.865026936983181E+003  0.635133452828432E-006 
     17.32000000 -0.865026936983201E+003  0.635113827953675E-006 
     17.34000000 -0.865026936983220E+003  0.635094009730399E-006 
     17.36000000 -0.865026936983240E+003  0.635074094832862E-006 
     17.38000000 -0.865026936983260E+003  0.635054083261066E-006 
     17.40000000 -0.865026936983280E+003  0.635034458386309E-006 
     17.42000000 -0.865026936983300E+003  0.635014736837292E-006 
     17.44000000 -0.865026936983320E+003  0.634994821939755E-006 
     17.46000000 -0.865026936983340E+003  0.634974713693699E-006 
     17.48000000 -0.865026936983359E+003  0.634955088818942E-006 
     17.50000000 -0.865026936983379E+003  0.634935077247146E-006 
     17.52000000 -0.865026936983399E+003  0.634915259023869E-006 
     17.54000000 -0.865026936983419E+003  0.634895634149112E-006 
     17.56000000 -0.865026936983439E+003  0.634875525903056E-006 
     17.58000000 -0.865026936983459E+003  0.634855707679779E-006 
     17.60000000 -0.865026936983479E+003  0.634835889456502E-006 
     17.62000000 -0.865026936983499E+003  0.634815781210446E-006 
     17.64000000 -0.865026936983518E+003  0.634796059661429E-006 
     17.66000000 -0.865026936983538E+003  0.634776531460932E-006 
     17.68000000 -0.865026936983558E+003  0.634756616563396E-006 
     17.70000000 -0.865026936983578E+003  0.634736701665859E-006 
     17.72000000 -0.865026936983597E+003  0.634716980116842E-006 
     17.74000000 -0.865026936983617E+003  0.634697065219306E-006 
     17.76000000 -0.865026936983637E+003  0.634677053647509E-006 
     17.78000000 -0.865026936983657E+003  0.634657235424233E-006 
     17.80000000 -0.865026936983677E+003  0.634637513875216E-006 
     17.82000000 -0.865026936983697E+003  0.634617405629160E-006 
     17.84000000 -0.865026936983716E+003  0.634597877428662E-006 
     17.86000000 -0.865026936983737E+003  0.634577769182606E-006 
     17.88000000 -0.865026936983756E+003  0.634558240982109E-006 
     17.90000000 -0.865026936983776E+003  0.634538132736053E-006 
     17.92000000 -0.865026936983796E+003  0.634518314512776E-006 
     17.94000000 -0.865026936983816E+003  0.634498592963759E-006 
     17.96000000 -0.865026936983836E+003  0.634478484717703E-006 
     17.98000000 -0.865026936983856E+003  0.634458666494426E-006 
     18.00000000 -0.865026936983875E+003  0.634438944945410E-006 
     18.02000000 -0.865026936983895E+003  0.634419030047873E-006 
     18.04000000 -0.865026936983915E+003  0.634399115150336E-006 
     18.06000000 -0.865026936983935E+003  0.634379393601320E-006 
     18.08000000 -0.865026936983955E+003  0.634359382029523E-006 
     18.10000000 -0.865026936983975E+003  0.634339563806246E-006 
     18.12000000 -0.865026936983995E+003  0.634319648908710E-006 
     18.14000000 -0.865026936984014E+003  0.634299927359693E-006 
     18.16000000 -0.865026936984035E+003  0.634279819113637E-006 
     18.18000000 -0.865026936984054E+003  0.634260097564620E-006 
     18.20000000 -0.865026936984074E+003  0.634240182667083E-006 
     18.22000000 -0.865026936984094E+003  0.634220267769547E-006 
     18.24000000 -0.865026936984114E+003  0.634200546220530E-006 
     18.26000000 -0.865026936984134E+003  0.634180631322994E-006 
     18.28000000 -0.865026936984154E+003  0.634160716425457E-006 
     18.30000000 -0.865026936984173E+003  0.634140994876440E-006 
     18.32000000 -0.865026936984193E+003  0.634121273327423E-006 
     18.34000000 -0.865026936984213E+003  0.634101165081367E-006 
     18.36000000 -0.865026936984233E+003  0.634081443532350E-006 
     18.38000000 -0.865026936984253E+003  0.634061625309073E-006 
     18.40000000 -0.865026936984273E+003  0.634041807085797E-006 
     18.42000000 -0.865026936984292E+003  0.634022085536780E-006 
     18.44000000 -0.865026936984312E+003  0.634001977290724E-006 
     18.46000000 -0.865026936984332E+003  0.633982255741707E-006 
     18.48000000 -0.865026936984352E+003  0.633962727541210E-006 
     18.50000000 -0.865026936984372E+003  0.633942715969413E-006 
     18.52000000 -0.865026936984392E+003  0.633922801071877E-006 
     18.54000000 -0.865026936984411E+003  0.633903176197120E-006 
     18.56000000 -0.865026936984431E+003  0.633883454648103E-006 
     18.58000000 -0.865026936984451E+003  0.633863539750567E-006 
     18.60000000 -0.865026936984471E+003  0.633843818201550E-006 
     18.62000000 -0.865026936984491E+003  0.633823806629753E-006 
     18.64000000 -0.865026936984510E+003  0.633803988406477E-006 
     18.66000000 -0.865026936984530E+003  0.633784266857460E-006 
     18.68000000 -0.865026936984550E+003  0.633764351959923E-006 
     18.70000000 -0.865026936984570E+003  0.633744630410907E-006 
     18.72000000 -0.865026936984589E+003  0.633724908861890E-006 
     18.74000000 -0.865026936984610E+003  0.633704897290093E-006 
     18.76000000 -0.865026936984629E+003  0.633685079066817E-006 
     18.78000000 -0.865026936984649E+003  0.633665260843540E-006 
     18.80000000 -0.865026936984669E+003  0.633645442620263E-006 
     18.82000000 -0.865026936984689E+003  0.633625527722727E-006 
     18.84000000 -0.865026936984709E+003  0.633605612825190E-006 
     18.86000000 -0.865026936984729E+003  0.633585697927653E-006 
     18.88000000 -0.865026936984748E+003  0.633565976378637E-006 
     18.90000000 -0.865026936984768E+003  0.633546448178140E-006 
     18.92000000 -0.865026936984788E+003  0.633526339932083E-006 
     18.94000000 -0.865026936984808E+003  0.633506618383067E-006 
     18.96000000 -0.865026936984828E+003  0.633486606811270E-006 
     18.98000000 -0.865026936984848E+003  0.633466788587993E-006 
     19.00000000 -0.865026936984867E+003  0.633447067038977E-006 
     19.02000000 -0.865026936984887E+003  0.633427345489960E-006 
     19.04000000 -0.865026936984907E+003  0.633407430592423E-006 
     19.06000000 -0.865026936984927E+003  0.633387709043406E-006 
     19.08000000 -0.865026936984946E+003  0.633367987494390E-006 
     19.10000000 -0.865026936984966E+003  0.633348072596853E-006 
     19.12000000 -0.865026936984986E+003  0.633328254373577E-006 
     19.14000000 -0.865026936985006E+003  0.633308532824560E-006 
     19.16000000 -0.865026936985026E+003  0.633288714601283E-006 
     19.18000000 -0.865026936985046E+003  0.633268606355227E-006 
     19.20000000 -0.865026936985065E+003  0.633249271503249E-006 
     19.22000000 -0.865026936985085E+003  0.633229356605713E-006 
     19.24000000 -0.865026936985105E+003  0.633209441708176E-006 
     19.26000000 -0.865026936985125E+003  0.633189720159160E-006 
     19.28000000 -0.865026936985145E+003  0.633169805261623E-006 
     19.30000000 -0.865026936985164E+003  0.633150083712606E-006 
     19.32000000 -0.865026936985184E+003  0.633130168815070E-006 
     19.34000000 -0.865026936985204E+003  0.633110543940313E-006 
     19.36000000 -0.865026936985224E+003  0.633090725717036E-006 
     19.38000000 -0.865026936985244E+003  0.633070907493759E-006 
     19.40000000 -0.865026936985263E+003  0.633051089270483E-006 
     19.42000000 -0.865026936985283E+003  0.633031174372946E-006 
     19.44000000 -0.865026936985303E+003  0.633011452823929E-006 
     19.46000000 -0.865026936985323E+003  0.632991537926393E-006 
     19.48000000 -0.865026936985343E+003  0.632971816377376E-006 
     19.50000000 -0.865026936985362E+003  0.632951901479839E-006 
     19.52000000 -0.865026936985382E+003  0.632932179930823E-006 
     19.54000000 -0.865026936985402E+003  0.632912265033286E-006 
     19.56000000 -0.865026936985422E+003  0.632892640158529E-006 
     19.58000000 -0.865026936985442E+003  0.632872821935252E-006 
     19.60000000 -0.865026936985461E+003  0.632853197060495E-006 
     19.62000000 -0.865026936985481E+003  0.632833378837219E-006 
     19.64000000 -0.865026936985501E+003  0.632813753962462E-006 
     19.66000000 -0.865026936985520E+003  0.632793935739185E-006 
     19.68000000 -0.865026936985540E+003  0.632774214190168E-006 
     19.70000000 -0.865026936985560E+003  0.632754299292632E-006 
     19.72000000 -0.865026936985580E+003  0.632734577743615E-006 
     19.74000000 -0.865026936985600E+003  0.632714759520338E-006 
     19.76000000 -0.865026936985619E+003  0.632695134645581E-006 
     19.78000000 -0.865026936985639E+003  0.632675316422305E-006 
     19.80000000 -0.865026936985659E+003  0.632655304850508E-006 
     19.82000000 -0.865026936985679E+003  0.632635776650011E-006 
     19.84000000 -0.865026936985699E+003  0.632615861752475E-006 
     19.86000000 -0.865026936985718E+003  0.632596236877718E-006 
     19.88000000 -0.865026936985738E+003  0.632576418654441E-006 
     19.90000000 -0.865026936985758E+003  0.632556503756905E-006 
     19.92000000 -0.865026936985777E+003  0.632536975556408E-006 
     19.94000000 -0.865026936985797E+003  0.632517060658871E-006 
     19.96000000 -0.865026936985817E+003  0.632497339109854E-006 
     19.98000000 -0.865026936985837E+003  0.632477617560837E-006 
     20.00000000 -0.865026936985857E+003  0.632457605989041E-006 
     20.02000000 -0.865026936985876E+003  0.632437981114284E-006 
     20.04000000 -0.865026936985896E+003  0.632418356239527E-006 
     20.06000000 -0.865026936985916E+003  0.632398634690510E-006 
     20.08000000 -0.865026936985936E+003  0.632378816467234E-006 
     20.10000000 -0.865026936985955E+003  0.632359094918217E-006 
     20.12000000 -0.865026936985975E+003  0.632339373369200E-006 
     20.14000000 -0.865026936985995E+003  0.632319748494443E-006 
     20.16000000 -0.865026936986014E+003  0.632300123619686E-006 
     20.18000000 -0.865026936986034E+003  0.632280305396410E-006 
     20.20000000 -0.865026936986054E+003  0.632260487173133E-006 
     20.22000000 -0.865026936986073E+003  0.632240958972636E-006 
     20.24000000 -0.865026936986093E+003  0.632221237423619E-006 
     20.26000000 -0.865026936986113E+003  0.632201322526083E-006 
     20.28000000 -0.865026936986133E+003  0.632181600977066E-006 
     20.30000000 -0.865026936986152E+003  0.632162072776569E-006 
     20.32000000 -0.865026936986172E+003  0.632142254553292E-006 
     20.34000000 -0.865026936986192E+003  0.632122436330015E-006 
     20.36000000 -0.865026936986212E+003  0.632102618106739E-006 
     20.38000000 -0.865026936986232E+003  0.632082799883462E-006 
     20.40000000 -0.865026936986251E+003  0.632062981660185E-006 
     20.42000000 -0.865026936986271E+003  0.632043356785428E-006 
     20.44000000 -0.865026936986291E+003  0.632023635236412E-006 
     20.46000000 -0.865026936986311E+003  0.632003720338875E-006 
     20.48000000 -0.865026936986331E+003  0.631983805441339E-006 
     20.50000000 -0.865026936986350E+003  0.631964083892322E-006 
     20.52000000 -0.865026936986370E+003  0.631944362343305E-006 
     20.54000000 -0.865026936986390E+003  0.631924640794288E-006 
     20.56000000 -0.865026936986410E+003  0.631904822571011E-006 
     20.58000000 -0.865026936986429E+003  0.631885101021995E-006 
     20.60000000 -0.865026936986449E+003  0.631865476147238E-006 
     20.62000000 -0.865026936986469E+003  0.631845754598221E-006 
     20.64000000 -0.865026936986488E+003  0.631825936374944E-006 
     20.66000000 -0.865026936986508E+003  0.631806408174447E-006 
     20.68000000 -0.865026936986528E+003  0.631786686625430E-006 
     20.70000000 -0.865026936986547E+003  0.631767061750674E-006 
     20.72000000 -0.865026936986567E+003  0.631747340201657E-006 
     20.74000000 -0.865026936986587E+003  0.631727812001160E-006 
     20.76000000 -0.865026936986606E+003  0.631707993777883E-006 
     20.78000000 -0.865026936986626E+003  0.631688368903126E-006 
     20.80000000 -0.865026936986646E+003  0.631668840702629E-006 
     20.82000000 -0.865026936986666E+003  0.631648829130833E-006 
     20.84000000 -0.865026936986685E+003  0.631629204256076E-006 
     20.86000000 -0.865026936986705E+003  0.631609289358539E-006 
     20.88000000 -0.865026936986725E+003  0.631589761158042E-006 
     20.90000000 -0.865026936986745E+003  0.631569846260506E-006 
     20.92000000 -0.865026936986764E+003  0.631550221385749E-006 
     20.94000000 -0.865026936986784E+003  0.631530403162472E-006 
     20.96000000 -0.865026936986804E+003  0.631510584939195E-006 
     20.98000000 -0.865026936986824E+003  0.631490670041659E-006 
     21.00000000 -0.865026936986844E+003  0.631470851818382E-006 
     21.02000000 -0.865026936986863E+003  0.631451130269365E-006 
     21.04000000 -0.865026936986883E+003  0.631431408720348E-006 
     21.06000000 -0.865026936986903E+003  0.631411687171332E-006 
     21.08000000 -0.865026936986923E+003  0.631391772273795E-006 
     21.10000000 -0.865026936986942E+003  0.631372244073298E-006 
     21.12000000 -0.865026936986962E+003  0.631352329175762E-006 
     21.14000000 -0.865026936986982E+003  0.631332607626745E-006 
     21.16000000 -0.865026936987001E+003  0.631312886077728E-006 
     21.18000000 -0.865026936987021E+003  0.631293067854451E-006 
     21.20000000 -0.865026936987041E+003  0.631273249631175E-006 
     21.22000000 -0.865026936987061E+003  0.631253721430678E-006 
     21.24000000 -0.865026936987080E+003  0.631233903207401E-006 
     21.26000000 -0.865026936987100E+003  0.631214278332644E-006 
     21.28000000 -0.865026936987120E+003  0.631194556783627E-006 
     21.30000000 -0.865026936987140E+003  0.631174835234610E-006 
     21.32000000 -0.865026936987159E+003  0.631155113685594E-006 
     21.34000000 -0.865026936987179E+003  0.631135392136577E-006 
     21.36000000 -0.865026936987198E+003  0.631115863936080E-006 
     21.38000000 -0.865026936987218E+003  0.631096045712803E-006 
     21.40000000 -0.865026936987238E+003  0.631076227489526E-006 
     21.42000000 -0.865026936987258E+003  0.631056699289029E-006 
     21.44000000 -0.865026936987278E+003  0.631036784391493E-006 
     21.46000000 -0.865026936987297E+003  0.631017062842476E-006 
     21.48000000 -0.865026936987317E+003  0.630997437967719E-006 
     21.50000000 -0.865026936987337E+003  0.630977619744442E-006 
     21.52000000 -0.865026936987357E+003  0.630957704846906E-006 
     21.54000000 -0.865026936987377E+003  0.630937789949369E-006 
     21.56000000 -0.865026936987396E+003  0.630918165074612E-006 
     21.58000000 -0.865026936987416E+003  0.630898443525596E-006 
     21.60000000 -0.865026936987436E+003  0.630878528628059E-006 
     21.62000000 -0.865026936987456E+003  0.630858710404782E-006 
     21.64000000 -0.865026936987475E+003  0.630839182204285E-006 
     21.66000000 -0.865026936987495E+003  0.630819267306749E-006 
     21.68000000 -0.865026936987515E+003  0.630799545757732E-006 
     21.70000000 -0.865026936987535E+003  0.630779824208715E-006 
     21.72000000 -0.865026936987554E+003  0.630760102659698E-006 
     21.74000000 -0.865026936987574E+003  0.630740381110682E-006 
     21.76000000 -0.865026936987594E+003  0.630720466213145E-006 
     21.78000000 -0.865026936987613E+003  0.630700938012648E-006 
     21.80000000 -0.865026936987633E+003  0.630681409812151E-006 
     21.82000000 -0.865026936987653E+003  0.630661494914614E-006 
     21.84000000 -0.865026936987673E+003  0.630641676691338E-006 
     21.86000000 -0.865026936987692E+003  0.630621955142321E-006 
     21.88000000 -0.865026936987712E+003  0.630602233593304E-006 
     21.90000000 -0.865026936987732E+003  0.630582608718547E-006 
     21.92000000 -0.865026936987751E+003  0.630562887169530E-006 
     21.94000000 -0.865026936987771E+003  0.630542972271994E-006 
     21.96000000 -0.865026936987791E+003  0.630523154048717E-006 
     21.98000000 -0.865026936987811E+003  0.630503529173960E-006 
     22.00000000 -0.865026936987831E+003  0.630483614276424E-006 
     22.02000000 -0.865026936987850E+003  0.630463892727407E-006 
     22.04000000 -0.865026936987870E+003  0.630444074504130E-006 
     22.06000000 -0.865026936987890E+003  0.630424546303633E-006 
     22.08000000 -0.865026936987910E+003  0.630404728080357E-006 
     22.10000000 -0.865026936987930E+003  0.630384813182820E-006 
     22.12000000 -0.865026936987949E+003  0.630365284982323E-006 
     22.14000000 -0.865026936987969E+003  0.630345370084786E-006 
     22.16000000 -0.865026936987989E+003  0.630325455187250E-006 
     22.18000000 -0.865026936988009E+003  0.630305733638233E-006 
     22.20000000 -0.865026936988029E+003  0.630285915414956E-006 
     22.22000000 -0.865026936988048E+003  0.630266387214459E-006 
     22.24000000 -0.865026936988068E+003  0.630246568991183E-006 
     22.26000000 -0.865026936988088E+003  0.630226847442166E-006 
     22.28000000 -0.865026936988107E+003  0.630207125893149E-006 
     22.30000000 -0.865026936988127E+003  0.630187404344132E-006 
     22.32000000 -0.865026936988147E+003  0.630167876143635E-006 
     22.34000000 -0.865026936988166E+003  0.630148154594618E-006 
     22.36000000 -0.865026936988186E+003  0.630128239697082E-006 
     22.38000000 -0.865026936988206E+003  0.630108711496585E-006 
     22.40000000 -0.865026936988225E+003  0.630089183296088E-006 
     22.42000000 -0.865026936988245E+003  0.630069075050032E-006 
     22.44000000 -0.865026936988265E+003  0.630049546849535E-006 
     22.46000000 -0.865026936988285E+003  0.630029825300518E-006 
     22.48000000 -0.865026936988304E+003  0.630010007077241E-006 
     22.50000000 -0.865026936988324E+003  0.629990382202484E-006 
     22.52000000 -0.865026936988344E+003  0.629970660653467E-006 
     22.54000000 -0.865026936988364E+003  0.629950745755931E-006 
     22.56000000 -0.865026936988383E+003  0.629931217555434E-006 
     22.58000000 -0.865026936988403E+003  0.629911109309377E-006 
     22.60000000 -0.865026936988423E+003  0.629891194411841E-006 
     22.62000000 -0.865026936988443E+003  0.629871762885604E-006 
     22.64000000 -0.865026936988462E+003  0.629851944662327E-006 
     22.66000000 -0.865026936988482E+003  0.629832029764791E-006 
     22.68000000 -0.865026936988502E+003  0.629812308215774E-006 
     22.70000000 -0.865026936988522E+003  0.629792780015277E-006 
     22.72000000 -0.865026936988541E+003  0.629772961792000E-006 
     22.74000000 -0.865026936988561E+003  0.629753336917243E-006 
     22.76000000 -0.865026936988581E+003  0.629733422019707E-006 
     22.78000000 -0.865026936988601E+003  0.629713700470690E-006 
     22.80000000 -0.865026936988620E+003  0.629694172270193E-006 
     22.82000000 -0.865026936988640E+003  0.629674160698396E-006 
     22.84000000 -0.865026936988660E+003  0.629654729172159E-006 
     22.86000000 -0.865026936988679E+003  0.629635007623142E-006 
     22.88000000 -0.865026936988699E+003  0.629615479422645E-006 
     22.90000000 -0.865026936988719E+003  0.629595371176589E-006 
     22.92000000 -0.865026936988738E+003  0.629575842976092E-006 
     22.94000000 -0.865026936988759E+003  0.629555928078555E-006 
     22.96000000 -0.865026936988778E+003  0.629536399878058E-006 
     22.98000000 -0.865026936988798E+003  0.629516484980522E-006 
     23.00000000 -0.865026936988818E+003  0.629496860105765E-006 
     23.02000000 -0.865026936988837E+003  0.629477041882488E-006 
     23.04000000 -0.865026936988857E+003  0.629457126984952E-006 
     23.06000000 -0.865026936988877E+003  0.629437405435935E-006 
     23.08000000 -0.865026936988897E+003  0.629417780561178E-006 
     23.10000000 -0.865026936988917E+003  0.629397768989382E-006 
     23.12000000 -0.865026936988936E+003  0.629378240788884E-006 
     23.14000000 -0.865026936988956E+003  0.629358229217088E-006 
     23.16000000 -0.865026936988976E+003  0.629338604342331E-006 
     23.18000000 -0.865026936988995E+003  0.629319076141834E-006 
     23.20000000 -0.865026936989015E+003  0.629299161244298E-006 
     23.22000000 -0.865026936989035E+003  0.629279246346761E-006 
     23.24000000 -0.865026936989055E+003  0.629259524797744E-006 
     23.26000000 -0.865026936989075E+003  0.629239803248727E-006 
     23.28000000 -0.865026936989094E+003  0.629220178373970E-006 
     23.30000000 -0.865026936989114E+003  0.629200553499214E-006 
     23.32000000 -0.865026936989134E+003  0.629180831950197E-006 
     23.34000000 -0.865026936989153E+003  0.629160917052660E-006 
     23.36000000 -0.865026936989173E+003  0.629141195503643E-006 
     23.38000000 -0.865026936989193E+003  0.629121377280367E-006 
     23.40000000 -0.865026936989213E+003  0.629101752405610E-006 
     23.42000000 -0.865026936989232E+003  0.629082030856593E-006 
     23.44000000 -0.865026936989252E+003  0.629062115959056E-006 
     23.46000000 -0.865026936989272E+003  0.629042587758559E-006 
     23.48000000 -0.865026936989291E+003  0.629022962883803E-006 
     23.50000000 -0.865026936989311E+003  0.629003241334786E-006 
     23.52000000 -0.865026936989331E+003  0.628983423111509E-006 
     23.54000000 -0.865026936989351E+003  0.628963701562492E-006 
     23.56000000 -0.865026936989370E+003  0.628943980013475E-006 
     23.58000000 -0.865026936989390E+003  0.628924065115939E-006 
     23.60000000 -0.865026936989410E+003  0.628904536915442E-006 
     23.62000000 -0.865026936989430E+003  0.628884622017905E-006 
     23.64000000 -0.865026936989449E+003  0.628864900468889E-006 
     23.66000000 -0.865026936989469E+003  0.628845275594132E-006 
     23.68000000 -0.865026936989489E+003  0.628825457370855E-006 
     23.70000000 -0.865026936989509E+003  0.628805832496098E-006 
     23.72000000 -0.865026936989528E+003  0.628786014272821E-006 
     23.74000000 -0.865026936989548E+003  0.628766196049545E-006 
     23.76000000 -0.865026936989568E+003  0.628746571174788E-006 
     23.78000000 -0.865026936989588E+003  0.628726656277251E-006 
     23.80000000 -0.865026936989607E+003  0.628707128076754E-006 
     23.82000000 -0.865026936989627E+003  0.628687213179218E-006 
     23.84000000 -0.865026936989647E+003  0.628667491630201E-006 
     23.86000000 -0.865026936989667E+003  0.628647866755444E-006 
     23.88000000 -0.865026936989686E+003  0.628628048532167E-006 
     23.90000000 -0.865026936989706E+003  0.628608326983150E-006 
     23.92000000 -0.865026936989726E+003  0.628588702108394E-006 
     23.94000000 -0.865026936989745E+003  0.628568980559377E-006 
     23.96000000 -0.865026936989765E+003  0.628549162336100E-006 
     23.98000000 -0.865026936989785E+003  0.628529247438563E-006 
     24.00000000 -0.865026936989805E+003  0.628509719238066E-006 
     24.02000000 -0.865026936989824E+003  0.628490191037570E-006 
     24.04000000 -0.865026936989844E+003  0.628470276140033E-006 
     24.06000000 -0.865026936989864E+003  0.628450361242496E-006 
     24.08000000 -0.865026936989883E+003  0.628431026390519E-006 
     24.10000000 -0.865026936989903E+003  0.628411111492983E-006 
     24.12000000 -0.865026936989923E+003  0.628391389943966E-006 
     24.14000000 -0.865026936989943E+003  0.628371861743469E-006 
     24.16000000 -0.865026936989962E+003  0.628351946845932E-006 
     24.18000000 -0.865026936989982E+003  0.628332418645435E-006 
     24.20000000 -0.865026936990002E+003  0.628312503747899E-006 
     24.22000000 -0.865026936990022E+003  0.628292878873142E-006 
     24.24000000 -0.865026936990041E+003  0.628273157324125E-006 
     24.26000000 -0.865026936990061E+003  0.628253339100848E-006 
     24.28000000 -0.865026936990081E+003  0.628233617551831E-006 
     24.30000000 -0.865026936990101E+003  0.628213702654295E-006 
     24.32000000 -0.865026936990120E+003  0.628193981105278E-006 
     24.34000000 -0.865026936990140E+003  0.628174259556261E-006 
     24.36000000 -0.865026936990160E+003  0.628154731355764E-006 
     24.38000000 -0.865026936990179E+003  0.628135009806747E-006 
     24.40000000 -0.865026936990199E+003  0.628115094909211E-006 
     24.42000000 -0.865026936990219E+003  0.628095373360194E-006 
     24.44000000 -0.865026936990239E+003  0.628075651811177E-006 
     24.46000000 -0.865026936990258E+003  0.628055930262160E-006 
     24.48000000 -0.865026936990278E+003  0.628036208713144E-006 
     24.50000000 -0.865026936990298E+003  0.628016487164127E-006 
     24.52000000 -0.865026936990318E+003  0.627996765615110E-006 
     24.54000000 -0.865026936990337E+003  0.627977044066093E-006 
     24.56000000 -0.865026936990357E+003  0.627957419191336E-006 
     24.58000000 -0.865026936990377E+003  0.627937600968060E-006 
     24.60000000 -0.865026936990396E+003  0.627918072767563E-006 
     24.62000000 -0.865026936990416E+003  0.627898254544286E-006 
     24.64000000 -0.865026936990436E+003  0.627878436321009E-006 
     24.66000000 -0.865026936990456E+003  0.627858521423473E-006 
     24.68000000 -0.865026936990475E+003  0.627838993222976E-006 
     24.70000000 -0.865026936990495E+003  0.627819368348219E-006 
     24.72000000 -0.865026936990515E+003  0.627799646799202E-006 
     24.74000000 -0.865026936990535E+003  0.627779635227406E-006 
     24.76000000 -0.865026936990554E+003  0.627760107026909E-006 
     24.78000000 -0.865026936990574E+003  0.627740385477892E-006 
     24.80000000 -0.865026936990594E+003  0.627720663928875E-006 
     24.82000000 -0.865026936990613E+003  0.627700942379858E-006 
     24.84000000 -0.865026936990633E+003  0.627681220830841E-006 
     24.86000000 -0.865026936990653E+003  0.627661305933305E-006 
     24.88000000 -0.865026936990673E+003  0.627641584384288E-006 
     24.90000000 -0.865026936990692E+003  0.627622056183791E-006 
     24.92000000 -0.865026936990712E+003  0.627602237960514E-006 
     24.94000000 -0.865026936990732E+003  0.627582613085757E-006 
     24.96000000 -0.865026936990752E+003  0.627562891536741E-006 
     24.98000000 -0.865026936990771E+003  0.627542976639204E-006 
     25.00000000 -0.865026936990791E+003  0.627523545112967E-006 
     25.02000000 -0.865026936990811E+003  0.627503726889690E-006 
     25.04000000 -0.865026936990831E+003  0.627483811992154E-006 
     25.06000000 -0.865026936990850E+003  0.627464283791657E-006 
     25.08000000 -0.865026936990870E+003  0.627444368894120E-006 
     25.10000000 -0.865026936990890E+003  0.627424647345103E-006 
     25.12000000 -0.865026936990909E+003  0.627405119144606E-006 
     25.14000000 -0.865026936990929E+003  0.627385204247070E-006 
     25.16000000 -0.865026936990949E+003  0.627365676046573E-006 
     25.18000000 -0.865026936990969E+003  0.627345761149036E-006 
     25.20000000 -0.865026936990988E+003  0.627326039600019E-006 
     25.22000000 -0.865026936991008E+003  0.627306124702483E-006 
     25.24000000 -0.865026936991028E+003  0.627286596501986E-006 
     25.26000000 -0.865026936991047E+003  0.627266971627229E-006 
     25.28000000 -0.865026936991067E+003  0.627247153403952E-006 
     25.30000000 -0.865026936991087E+003  0.627227335180675E-006 
     25.32000000 -0.865026936991107E+003  0.627207710305919E-006 
     25.34000000 -0.865026936991127E+003  0.627187795408382E-006 
     25.36000000 -0.865026936991146E+003  0.627168267207885E-006 
     25.38000000 -0.865026936991166E+003  0.627148545658868E-006 
     25.40000000 -0.865026936991186E+003  0.627128824109851E-006 
     25.42000000 -0.865026936991205E+003  0.627109102560835E-006 
     25.44000000 -0.865026936991225E+003  0.627089381011818E-006 
     25.46000000 -0.865026936991245E+003  0.627069272765761E-006 
     25.48000000 -0.865026936991265E+003  0.627049937913784E-006 
     25.50000000 -0.865026936991284E+003  0.627030119690508E-006 
     25.52000000 -0.865026936991304E+003  0.627010301467231E-006 
     25.54000000 -0.865026936991324E+003  0.626990869940994E-006 
     25.56000000 -0.865026936991344E+003  0.626970858369197E-006 
     25.58000000 -0.865026936991363E+003  0.626951136820180E-006 
     25.60000000 -0.865026936991383E+003  0.626931608619683E-006 
     25.62000000 -0.865026936991403E+003  0.626911693722147E-006 
     25.64000000 -0.865026936991422E+003  0.626891972173130E-006 
     25.66000000 -0.865026936991442E+003  0.626872443972633E-006 
     25.68000000 -0.865026936991462E+003  0.626852722423616E-006 
     25.70000000 -0.865026936991482E+003  0.626832710851820E-006 
     25.72000000 -0.865026936991501E+003  0.626813279325583E-006 
     25.74000000 -0.865026936991521E+003  0.626793461102306E-006 
     25.76000000 -0.865026936991541E+003  0.626773836227549E-006 
     25.78000000 -0.865026936991560E+003  0.626754018004272E-006 
     25.80000000 -0.865026936991580E+003  0.626734199780996E-006 
     25.82000000 -0.865026936991600E+003  0.626714671580499E-006 
     25.84000000 -0.865026936991620E+003  0.626694756682962E-006 
     25.86000000 -0.865026936991639E+003  0.626675035133945E-006 
     25.88000000 -0.865026936991659E+003  0.626655410259188E-006 
     25.90000000 -0.865026936991679E+003  0.626635688710172E-006 
     25.92000000 -0.865026936991698E+003  0.626616063835415E-006 
     25.94000000 -0.865026936991718E+003  0.626596438960658E-006 
     25.96000000 -0.865026936991738E+003  0.626576524063121E-006 
     25.98000000 -0.865026936991757E+003  0.626556899188364E-006 
     26.00000000 -0.865026936991777E+003  0.626536984290828E-006 
     26.02000000 -0.865026936991797E+003  0.626517359416071E-006 
     26.04000000 -0.865026936991817E+003  0.626497637867054E-006 
     26.06000000 -0.865026936991837E+003  0.626477819643777E-006 
     26.08000000 -0.865026936991856E+003  0.626458194769020E-006 
     26.10000000 -0.865026936991876E+003  0.626438569894264E-006 
     26.12000000 -0.865026936991896E+003  0.626418848345247E-006 
     26.14000000 -0.865026936991915E+003  0.626399126796230E-006 
     26.16000000 -0.865026936991935E+003  0.626379405247213E-006 
     26.18000000 -0.865026936991955E+003  0.626359490349677E-006 
     26.20000000 -0.865026936991974E+003  0.626339962149180E-006 
     26.22000000 -0.865026936991994E+003  0.626320240600163E-006 
     26.24000000 -0.865026936992014E+003  0.626300325702626E-006 
     26.26000000 -0.865026936992034E+003  0.626280604153610E-006 
     26.28000000 -0.865026936992053E+003  0.626260979278853E-006 
     26.30000000 -0.865026936992073E+003  0.626241354404096E-006 
     26.32000000 -0.865026936992093E+003  0.626221632855079E-006 
     26.34000000 -0.865026936992112E+003  0.626201911306062E-006 
     26.36000000 -0.865026936992132E+003  0.626182093082785E-006 
     26.38000000 -0.865026936992152E+003  0.626162468208028E-006 
     26.40000000 -0.865026936992171E+003  0.626142843333272E-006 
     26.42000000 -0.865026936992191E+003  0.626123218458515E-006 
     26.44000000 -0.865026936992211E+003  0.626103303560978E-006 
     26.46000000 -0.865026936992231E+003  0.626083582011961E-006 
     26.48000000 -0.865026936992251E+003  0.626063860462945E-006 
     26.50000000 -0.865026936992270E+003  0.626044332262448E-006 
     26.52000000 -0.865026936992290E+003  0.626024417364911E-006 
     26.54000000 -0.865026936992310E+003  0.626004695815894E-006 
     26.56000000 -0.865026936992330E+003  0.625984877592618E-006 
     26.58000000 -0.865026936992349E+003  0.625965252717861E-006 
     26.60000000 -0.865026936992369E+003  0.625945724517364E-006 
     26.62000000 -0.865026936992389E+003  0.625925906294087E-006 
     26.64000000 -0.865026936992408E+003  0.625906281419330E-006 
     26.66000000 -0.865026936992428E+003  0.625886463196053E-006 
     26.68000000 -0.865026936992448E+003  0.625866838321296E-006 
     26.70000000 -0.865026936992467E+003  0.625847116772280E-006 
     26.72000000 -0.865026936992487E+003  0.625827395223263E-006 
     26.74000000 -0.865026936992507E+003  0.625807673674246E-006 
     26.76000000 -0.865026936992526E+003  0.625787952125229E-006 
     26.78000000 -0.865026936992546E+003  0.625768230576212E-006 
     26.80000000 -0.865026936992566E+003  0.625748509027196E-006 
     26.82000000 -0.865026936992586E+003  0.625728787478179E-006 
     26.84000000 -0.865026936992605E+003  0.625709065929162E-006 
     26.86000000 -0.865026936992625E+003  0.625689344380145E-006 
     26.88000000 -0.865026936992645E+003  0.625669816179648E-006 
     26.90000000 -0.865026936992664E+003  0.625649997956372E-006 
     26.92000000 -0.865026936992684E+003  0.625630373081615E-006 
     26.94000000 -0.865026936992704E+003  0.625610651532598E-006 
     26.96000000 -0.865026936992724E+003  0.625590736635061E-006 
     26.98000000 -0.865026936992743E+003  0.625571208434564E-006 
     27.00000000 -0.865026936992763E+003  0.625551486885547E-006 
     27.02000000 -0.865026936992783E+003  0.625531862010791E-006 
     27.04000000 -0.865026936992802E+003  0.625511947113254E-006 
     27.06000000 -0.865026936992822E+003  0.625492515587017E-006 
     27.08000000 -0.865026936992842E+003  0.625472600689480E-006 
     27.10000000 -0.865026936992862E+003  0.625452782466204E-006 
     27.12000000 -0.865026936992881E+003  0.625433157591447E-006 
     27.14000000 -0.865026936992901E+003  0.625413436042430E-006 
     27.16000000 -0.865026936992921E+003  0.625393714493413E-006 
     27.18000000 -0.865026936992940E+003  0.625374089618656E-006 
     27.20000000 -0.865026936992960E+003  0.625354464743899E-006 
     27.22000000 -0.865026936992980E+003  0.625334549846363E-006 
     27.24000000 -0.865026936992999E+003  0.625315021645866E-006 
     27.26000000 -0.865026936993019E+003  0.625295300096849E-006 
     27.28000000 -0.865026936993039E+003  0.625275578547832E-006 
     27.30000000 -0.865026936993058E+003  0.625255856998815E-006 
     27.32000000 -0.865026936993078E+003  0.625236232124058E-006 
     27.34000000 -0.865026936993098E+003  0.625216510575042E-006 
     27.36000000 -0.865026936993118E+003  0.625196595677505E-006 
     27.38000000 -0.865026936993137E+003  0.625176970802748E-006 
     27.40000000 -0.865026936993157E+003  0.625157442602251E-006 
     27.42000000 -0.865026936993177E+003  0.625137721053234E-006 
     27.44000000 -0.865026936993196E+003  0.625118096178477E-006 
     27.46000000 -0.865026936993216E+003  0.625098277955201E-006 
     27.48000000 -0.865026936993236E+003  0.625078653080444E-006 
     27.50000000 -0.865026936993256E+003  0.625058931531427E-006 
     27.52000000 -0.865026936993275E+003  0.625039113308150E-006 
     27.54000000 -0.865026936993295E+003  0.625019391759134E-006 
     27.56000000 -0.865026936993314E+003  0.624999960232896E-006 
     27.58000000 -0.865026936993334E+003  0.624979948661100E-006 
     27.60000000 -0.865026936993354E+003  0.624960420460603E-006 
     27.62000000 -0.865026936993374E+003  0.624940698911586E-006 
     27.64000000 -0.865026936993394E+003  0.624920784014050E-006 
     27.66000000 -0.865026936993413E+003  0.624901159139293E-006 
     27.68000000 -0.865026936993433E+003  0.624881534264536E-006 
     27.70000000 -0.865026936993453E+003  0.624861812715519E-006 
     27.72000000 -0.865026936993472E+003  0.624842187840762E-006 
     27.74000000 -0.865026936993492E+003  0.624822562966005E-006 
     27.76000000 -0.865026936993512E+003  0.624802841416988E-006 
     27.78000000 -0.865026936993531E+003  0.624783119867972E-006 
     27.80000000 -0.865026936993551E+003  0.624763398318955E-006 
     27.82000000 -0.865026936993571E+003  0.624743676769938E-006 
     27.84000000 -0.865026936993590E+003  0.624724051895181E-006 
     27.86000000 -0.865026936993610E+003  0.624704427020424E-006 
     27.88000000 -0.865026936993630E+003  0.624684705471407E-006 
     27.90000000 -0.865026936993650E+003  0.624664790573871E-006 
     27.92000000 -0.865026936993669E+003  0.624645262373374E-006 
     27.94000000 -0.865026936993689E+003  0.624625444150097E-006 
     27.96000000 -0.865026936993709E+003  0.624605819275340E-006 
     27.98000000 -0.865026936993728E+003  0.624586291074843E-006 
     28.00000000 -0.865026936993748E+003  0.624566472851567E-006 
     28.02000000 -0.865026936993768E+003  0.624546847976810E-006 
     28.04000000 -0.865026936993787E+003  0.624527126427793E-006 
     28.06000000 -0.865026936993807E+003  0.624507404878776E-006 
     28.08000000 -0.865026936993827E+003  0.624487586655499E-006 
     28.10000000 -0.865026936993847E+003  0.624467768432223E-006 
     28.12000000 -0.865026936993866E+003  0.624448240231726E-006 
     28.14000000 -0.865026936993886E+003  0.624428712031229E-006 
     28.16000000 -0.865026936993905E+003  0.624408990482212E-006 
     28.18000000 -0.865026936993925E+003  0.624388882236156E-006 
     28.20000000 -0.865026936993945E+003  0.624369450709918E-006 
     28.22000000 -0.865026936993965E+003  0.624349825835161E-006 
     28.24000000 -0.865026936993984E+003  0.624330104286145E-006 
     28.26000000 -0.865026936994004E+003  0.624310382737128E-006 
     28.28000000 -0.865026936994024E+003  0.624290854536631E-006 
     28.30000000 -0.865026936994043E+003  0.624270939639094E-006 
     28.32000000 -0.865026936994063E+003  0.624251218090077E-006 
     28.34000000 -0.865026936994083E+003  0.624231689889580E-006 
     28.36000000 -0.865026936994102E+003  0.624211968340564E-006 
     28.38000000 -0.865026936994122E+003  0.624192053443027E-006 
     28.40000000 -0.865026936994142E+003  0.624172331894010E-006 
     28.42000000 -0.865026936994162E+003  0.624152803693513E-006 
     28.44000000 -0.865026936994181E+003  0.624133082144497E-006 
     28.46000000 -0.865026936994201E+003  0.624113360595480E-006 
     28.48000000 -0.865026936994221E+003  0.624093639046463E-006 
     28.50000000 -0.865026936994240E+003  0.624074014171706E-006 
     28.52000000 -0.865026936994260E+003  0.624054389296949E-006 
     28.54000000 -0.865026936994280E+003  0.624034571073672E-006 
     28.56000000 -0.865026936994299E+003  0.624015139547435E-006 
     28.58000000 -0.865026936994319E+003  0.623995224649899E-006 
     28.60000000 -0.865026936994339E+003  0.623975696449402E-006 
     28.62000000 -0.865026936994358E+003  0.623956071574645E-006 
     28.64000000 -0.865026936994378E+003  0.623936253351368E-006 
     28.66000000 -0.865026936994398E+003  0.623916338453832E-006 
     28.68000000 -0.865026936994418E+003  0.623896616904815E-006 
     28.70000000 -0.865026936994437E+003  0.623877088704318E-006 
     28.72000000 -0.865026936994457E+003  0.623857560503821E-006 
     28.74000000 -0.865026936994477E+003  0.623837838954804E-006 
     28.76000000 -0.865026936994496E+003  0.623818117405787E-006 
     28.78000000 -0.865026936994516E+003  0.623798395856770E-006 
     28.80000000 -0.865026936994536E+003  0.623778674307754E-006 
     28.82000000 -0.865026936994556E+003  0.623758759410217E-006 
     28.84000000 -0.865026936994575E+003  0.623739231209720E-006 
     28.86000000 -0.865026936994595E+003  0.623719703009223E-006 
     28.88000000 -0.865026936994615E+003  0.623699788111686E-006 
     28.90000000 -0.865026936994634E+003  0.623680163236930E-006 
     28.92000000 -0.865026936994654E+003  0.623660345013653E-006 
     28.94000000 -0.865026936994674E+003  0.623640816813156E-006 
     28.96000000 -0.865026936994693E+003  0.623620998589879E-006 
     28.98000000 -0.865026936994713E+003  0.623601663737902E-006 
     29.00000000 -0.865026936994733E+003  0.623581652166105E-006 
     29.02000000 -0.865026936994752E+003  0.623561930617089E-006 
     29.04000000 -0.865026936994772E+003  0.623542209068072E-006 
     29.06000000 -0.865026936994792E+003  0.623522680867575E-006 
     29.08000000 -0.865026936994811E+003  0.623502959318558E-006 
     29.10000000 -0.865026936994831E+003  0.623483141095281E-006 
     29.12000000 -0.865026936994851E+003  0.623463322872005E-006 
     29.14000000 -0.865026936994871E+003  0.623443794671508E-006 
     29.16000000 -0.865026936994890E+003  0.623424073122491E-006 
     29.18000000 -0.865026936994910E+003  0.623404351573474E-006 
     29.20000000 -0.865026936994930E+003  0.623384630024457E-006 
     29.22000000 -0.865026936994949E+003  0.623365101823960E-006 
     29.24000000 -0.865026936994969E+003  0.623345186926424E-006 
     29.26000000 -0.865026936994989E+003  0.623325465377407E-006 
     29.28000000 -0.865026936995008E+003  0.623305937176910E-006 
     29.30000000 -0.865026936995028E+003  0.623286215627893E-006 
     29.32000000 -0.865026936995048E+003  0.623266397404616E-006 
     29.34000000 -0.865026936995067E+003  0.623247159226899E-006 
     29.36000000 -0.865026936995087E+003  0.623227244329362E-006 
     29.38000000 -0.865026936995107E+003  0.623207329431826E-006 
     29.40000000 -0.865026936995127E+003  0.623187801231329E-006 
     29.42000000 -0.865026936995146E+003  0.623168079682312E-006 
     29.44000000 -0.865026936995166E+003  0.623148261459035E-006 
     29.46000000 -0.865026936995186E+003  0.623128829932798E-006 
     29.48000000 -0.865026936995205E+003  0.623109108383781E-006 
     29.50000000 -0.865026936995225E+003  0.623089483509025E-006 
     29.52000000 -0.865026936995245E+003  0.623069471937228E-006 
     29.54000000 -0.865026936995264E+003  0.623049943736731E-006 
     29.56000000 -0.865026936995284E+003  0.623030415536234E-006 
     29.58000000 -0.865026936995304E+003  0.623010693987217E-006 
     29.60000000 -0.865026936995323E+003  0.622990875763941E-006 
     29.62000000 -0.865026936995343E+003  0.622971250889184E-006 
     29.64000000 -0.865026936995363E+003  0.622951529340167E-006 
     29.66000000 -0.865026936995383E+003  0.622931807791150E-006 
     29.68000000 -0.865026936995402E+003  0.622912086242133E-006 
     29.70000000 -0.865026936995422E+003  0.622892558041636E-006 
     29.72000000 -0.865026936995442E+003  0.622872643144100E-006 
     29.74000000 -0.865026936995461E+003  0.622853114943603E-006 
     29.76000000 -0.865026936995481E+003  0.622833200046066E-006 
     29.78000000 -0.865026936995500E+003  0.622813865194089E-006 
     29.80000000 -0.865026936995520E+003  0.622793950296552E-006 
     29.82000000 -0.865026936995540E+003  0.622774422096055E-006 
     29.84000000 -0.865026936995560E+003  0.622754603872779E-006 
     29.86000000 -0.865026936995579E+003  0.622735075672282E-006 
     29.88000000 -0.865026936995599E+003  0.622715257449005E-006 
     29.90000000 -0.865026936995619E+003  0.622695535899988E-006 
     29.92000000 -0.865026936995639E+003  0.622675814350971E-006 
     29.94000000 -0.865026936995658E+003  0.622656092801955E-006 
     29.96000000 -0.865026936995678E+003  0.622636564601458E-006 
     29.98000000 -0.865026936995697E+003  0.622616843052441E-006 
     30.00000000 -0.865026936995717E+003  0.622597121503424E-006 
