# Real time calculation: 
# Eall: Total energy
# Eall0: Initial energy
# 1:Time[fs] 2:Eall[eV] 3:Eall-Eall0[eV] 
      0.00000000 -0.837997471056481E+003  0.000000000000000E+000 
      0.02000000 -0.837997471056432E+003  0.493038725419837E-010 
      0.04000000 -0.837997471055874E+003  0.606630980786171E-009 
      0.06000000 -0.837997471050386E+003  0.609502206304793E-008 
      0.08000000 -0.837997471023121E+003  0.333599669045050E-007 
      0.10000000 -0.837997470931722E+003  0.124759099125795E-006 
      0.12000000 -0.837997470691787E+003  0.364693494623562E-006 
      0.14000000 -0.837997470158322E+003  0.898158398625768E-006 
      0.16000000 -0.837997469106736E+003  0.194974503484364E-005 
      0.18000000 -0.837997467214835E+003  0.384164599302694E-005 
      0.20000000 -0.837997464046940E+003  0.700954084002277E-005 
      0.22000000 -0.837997459041168E+003  0.120153131352923E-004 
      0.24000000 -0.837997451500792E+003  0.195556887594028E-004 
      0.26000000 -0.837997440590784E+003  0.304656964658347E-004 
      0.28000000 -0.837997425340017E+003  0.457164641912274E-004 
      0.30000000 -0.837997404649456E+003  0.664070249451114E-004 
      0.32000000 -0.837997377306957E+003  0.937495234246373E-004 
      0.34000000 -0.837997342008538E+003  0.129047943230386E-003 
      0.36000000 -0.837997297385925E+003  0.173670555475693E-003 
      0.38000000 -0.837997242040085E+003  0.229016396116967E-003 
      0.40000000 -0.837997174579748E+003  0.296476733237161E-003 
      0.42000000 -0.837997093664623E+003  0.377391857421898E-003 
      0.44000000 -0.837996998051782E+003  0.473004698899692E-003 
      0.46000000 -0.837996886644272E+003  0.584412208993236E-003 
      0.48000000 -0.837996758540557E+003  0.712515923416424E-003 
      0.50000000 -0.837996613082930E+003  0.857973551091928E-003 
      0.52000000 -0.837996449903924E+003  0.102115255658536E-002 
      0.54000000 -0.837996268968560E+003  0.120208792080093E-002 
      0.56000000 -0.837996070611124E+003  0.140044535661894E-002 
      0.58000000 -0.837995855564945E+003  0.161549153554390E-002 
      0.60000000 -0.837995624983092E+003  0.184607338868204E-002 
      0.62000000 -0.837995380449285E+003  0.209060719618110E-002 
      0.64000000 -0.837995123977970E+003  0.234707851114758E-002 
      0.66000000 -0.837994858001396E+003  0.261305508460867E-002 
      0.68000000 -0.837994585344249E+003  0.288571223177460E-002 
      0.70000000 -0.837994309184619E+003  0.316187186146751E-002 
      0.72000000 -0.837994033000642E+003  0.343805583886279E-002 
      0.74000000 -0.837993760503315E+003  0.371055316549572E-002 
      0.76000000 -0.837993495555414E+003  0.397550106692374E-002 
      0.78000000 -0.837993242077061E+003  0.422897942027658E-002 
      0.80000000 -0.837993003938938E+003  0.446711754286721E-002 
      0.82000000 -0.837992784844600E+003  0.468621188111565E-002 
      0.84000000 -0.837992588203534E+003  0.488285294713913E-002 
      0.86000000 -0.837992416996801E+003  0.505405967963538E-002 
      0.88000000 -0.837992273637714E+003  0.519741876686234E-002 
      0.90000000 -0.837992159829953E+003  0.531122652829546E-002 
      0.92000000 -0.837992076425894E+003  0.539463058688867E-002 
      0.94000000 -0.837992023288245E+003  0.544776823536553E-002 
      0.96000000 -0.837991999157997E+003  0.547189848426758E-002 
      0.98000000 -0.837992001531704E+003  0.546952477677953E-002 
      1.00000000 -0.837992026551443E+003  0.544450503825974E-002 
      1.02000000 -0.837992068910493E+003  0.540214598758780E-002 
      1.04000000 -0.837992121777879E+003  0.534927860205858E-002 
      1.06000000 -0.837992176744684E+003  0.529431179653838E-002 
      1.08000000 -0.837992223794604E+003  0.524726187701840E-002 
      1.10000000 -0.837992251301406E+003  0.521975507464039E-002 
      1.12000000 -0.837992246055439E+003  0.522500104225499E-002 
      1.14000000 -0.837992193320254E+003  0.527773622650722E-002 
      1.16000000 -0.837992076921190E+003  0.539413529072261E-002 
      1.18000000 -0.837991879366364E+003  0.559169011692014E-002 
      1.20000000 -0.837991582000428E+003  0.588905605265249E-002 
      1.22000000 -0.837991165190136E+003  0.630586634495749E-002 
      1.24000000 -0.837990608541190E+003  0.686251529129254E-002 
      1.26000000 -0.837989891144834E+003  0.757991164689281E-002 
      1.28000000 -0.837988991850844E+003  0.847920563715625E-002 
      1.30000000 -0.837987889565337E+003  0.958149114340198E-002 
      1.32000000 -0.837986563570602E+003  0.109074858788966E-001 
      1.34000000 -0.837984993861439E+003  0.124771950422825E-001 
      1.36000000 -0.837983161492641E+003  0.143095638401260E-001 
      1.38000000 -0.837981048935725E+003  0.164221207561909E-001 
      1.40000000 -0.837978640437796E+003  0.188306186847917E-001 
      1.42000000 -0.837975922376384E+003  0.215486800972037E-001 
      1.44000000 -0.837972883605345E+003  0.245874511353603E-001 
      1.46000000 -0.837969515784410E+003  0.279552720706663E-001 
      1.48000000 -0.837965813688220E+003  0.316573682604608E-001 
      1.50000000 -0.837961775487085E+003  0.356955693962991E-001 
      1.52000000 -0.837957402993295E+003  0.400680631858659E-001 
      1.54000000 -0.837952701866832E+003  0.447691896490981E-001 
      1.56000000 -0.837947681774988E+003  0.497892814923542E-001 
      1.58000000 -0.837942356500520E+003  0.551145559609497E-001 
      1.60000000 -0.837936743993838E+003  0.607270626428874E-001 
      1.62000000 -0.837930866365431E+003  0.666046910497625E-001 
      1.64000000 -0.837924749814052E+003  0.727212424285305E-001 
      1.66000000 -0.837918424488413E+003  0.790465680682462E-001 
      1.68000000 -0.837911924281193E+003  0.855467752880667E-001 
      1.70000000 -0.837905286553150E+003  0.921845033307014E-001 
      1.72000000 -0.837898551789291E+003  0.989192671900239E-001 
      1.74000000 -0.837891763188740E+003  0.105707867741276E+000 
      1.76000000 -0.837884966188342E+003  0.112504868139349E+000 
      1.78000000 -0.837878207925872E+003  0.119263130609185E+000 
      1.80000000 -0.837871536646052E+003  0.125934410429156E+000 
      1.82000000 -0.837865001055843E+003  0.132470000638168E+000 
      1.84000000 -0.837858649635238E+003  0.138821421243087E+000 
      1.86000000 -0.837852529911112E+003  0.144941145369170E+000 
      1.88000000 -0.837846687701990E+003  0.150783354491179E+000 
      1.90000000 -0.837841166342879E+003  0.156304713601627E+000 
      1.92000000 -0.837836005900694E+003  0.161465155786877E+000 
      1.94000000 -0.837831242389479E+003  0.166228667002294E+000 
      1.96000000 -0.837826906997307E+003  0.170564059173501E+000 
      1.98000000 -0.837823025335155E+003  0.174445721325792E+000 
      2.00000000 -0.837819616719371E+003  0.177854337110064E+000 
      2.02000000 -0.837816693499157E+003  0.180777557324263E+000 
      2.04000000 -0.837814260440251E+003  0.183210616230161E+000 
      2.06000000 -0.837812314177235E+003  0.185156879246098E+000 
      2.08000000 -0.837810842743220E+003  0.186628313260977E+000 
      2.10000000 -0.837809825187591E+003  0.187645868889407E+000 
      2.12000000 -0.837809231291685E+003  0.188239764795731E+000 
      2.14000000 -0.837809021389449E+003  0.188449667032125E+000 
      2.16000000 -0.837809146300846E+003  0.188324755635271E+000 
      2.18000000 -0.837809547383978E+003  0.187923672502496E+000 
      2.20000000 -0.837810156710588E+003  0.187314345893093E+000 
      2.22000000 -0.837810897368281E+003  0.186573688199642E+000 
      2.24000000 -0.837811683890888E+003  0.185787165592487E+000 
      2.26000000 -0.837812422817941E+003  0.185048238539401E+000 
      2.28000000 -0.837813013382163E+003  0.184457674317709E+000 
      2.30000000 -0.837813348321471E+003  0.184122735009759E+000 
      2.32000000 -0.837813314810801E+003  0.184156245679557E+000 
      2.34000000 -0.837812795508697E+003  0.184675547783314E+000 
      2.36000000 -0.837811669708641E+003  0.185801347839726E+000 
      2.38000000 -0.837809814586130E+003  0.187656470350772E+000 
      2.40000000 -0.837807106532114E+003  0.190364524367176E+000 
      2.42000000 -0.837803422557024E+003  0.194048499456610E+000 
      2.44000000 -0.837798641753643E+003  0.198829302837400E+000 
      2.46000000 -0.837792646802267E+003  0.204824254213564E+000 
      2.48000000 -0.837785325500997E+003  0.212145555483349E+000 
      2.50000000 -0.837776572305915E+003  0.220898750565810E+000 
      2.52000000 -0.837766289857987E+003  0.231181198494196E+000 
      2.54000000 -0.837754390483905E+003  0.243080572575334E+000 
      2.56000000 -0.837740797648915E+003  0.256673407565849E+000 
      2.58000000 -0.837725447340447E+003  0.272023716033420E+000 
      2.60000000 -0.837708289366526E+003  0.289181689955157E+000 
      2.62000000 -0.837689288545219E+003  0.308182511261571E+000 
      2.64000000 -0.837668425767439E+003  0.329045289041434E+000 
      2.66000000 -0.837645698913536E+003  0.351772142944406E+000 
      2.68000000 -0.837621123605959E+003  0.376347450521845E+000 
      2.70000000 -0.837594733780955E+003  0.402737275525975E+000 
      2.72000000 -0.837566582058547E+003  0.430888997934018E+000 
      2.74000000 -0.837536739902594E+003  0.460731153886644E+000 
      2.76000000 -0.837505297555302E+003  0.492173501178410E+000 
      2.78000000 -0.837472363737671E+003  0.525107318810199E+000 
      2.80000000 -0.837438065102967E+003  0.559405953514336E+000 
      2.82000000 -0.837402545444470E+003  0.594925612011069E+000 
      2.84000000 -0.837365964653413E+003  0.631506403067673E+000 
      2.86000000 -0.837328497426506E+003  0.668973629975002E+000 
      2.88000000 -0.837290331733110E+003  0.707139323370573E+000 
      2.90000000 -0.837251667049188E+003  0.745804007292742E+000 
      2.92000000 -0.837212712377573E+003  0.784758678907806E+000 
      2.94000000 -0.837173684070931E+003  0.823786985549861E+000 
      2.96000000 -0.837134803479603E+003  0.862667576878142E+000 
      2.98000000 -0.837096294456132E+003  0.901176600348547E+000 
      3.00000000 -0.837058380744995E+003  0.939090311485359E+000 
      3.02000000 -0.837021283291741E+003  0.976187764739953E+000 
      3.04000000 -0.836985217508269E+003  0.101225354821168E+001 
      3.06000000 -0.836950390532442E+003  0.104708052403919E+001 
      3.08000000 -0.836916998520885E+003  0.108047253559629E+001 
      3.10000000 -0.836885224014748E+003  0.111224704173254E+001 
      3.12000000 -0.836855233411811E+003  0.114223764466957E+001 
      3.14000000 -0.836827174586098E+003  0.117029647038241E+001 
      3.16000000 -0.836801174681483E+003  0.119629637499825E+001 
      3.18000000 -0.836777338109971E+003  0.122013294651024E+001 
      3.20000000 -0.836755744780991E+003  0.124172627549014E+001 
      3.22000000 -0.836736448580207E+003  0.126102247627385E+001 
      3.24000000 -0.836719476115988E+003  0.127799494049329E+001 
      3.26000000 -0.836704825748273E+003  0.129264530820795E+001 
      3.28000000 -0.836692466906392E+003  0.130500415008870E+001 
      3.30000000 -0.836682339705070E+003  0.131513135141130E+001 
      3.32000000 -0.836674354862620E+003  0.132311619386073E+001 
      3.34000000 -0.836668393921202E+003  0.132907713527935E+001 
      3.36000000 -0.836664309772735E+003  0.133316128374602E+001 
      3.38000000 -0.836661927488655E+003  0.133554356782541E+001 
      3.40000000 -0.836661045450144E+003  0.133642560633721E+001 
      3.42000000 -0.836661436775365E+003  0.133603428111589E+001 
      3.44000000 -0.836662851039051E+003  0.133462001743030E+001 
      3.46000000 -0.836665016277045E+003  0.133245477943547E+001 
      3.48000000 -0.836667641266756E+003  0.132982978972516E+001 
      3.50000000 -0.836670418072282E+003  0.132705298419921E+001 
      3.52000000 -0.836673024838512E+003  0.132444621796846E+001 
      3.54000000 -0.836675128815815E+003  0.132234224066548E+001 
      3.56000000 -0.836676389592563E+003  0.132108146391809E+001 
      3.58000000 -0.836676462506244E+003  0.132100855023711E+001 
      3.60000000 -0.836675002202514E+003  0.132246885396705E+001 
      3.62000000 -0.836671666303412E+003  0.132580475306928E+001 
      3.64000000 -0.836666119147197E+003  0.133135190928429E+001 
      3.66000000 -0.836658035552497E+003  0.133943550398382E+001 
      3.68000000 -0.836647104559671E+003  0.135036649681032E+001 
      3.70000000 -0.836633033105612E+003  0.136443795086927E+001 
      3.72000000 -0.836615549581534E+003  0.138192147494702E+001 
      3.74000000 -0.836594407222220E+003  0.140306383426082E+001 
      3.76000000 -0.836569387286335E+003  0.142808377014565E+001 
      3.78000000 -0.836540301981708E+003  0.145716907477314E+001 
      3.80000000 -0.836506997099219E+003  0.149047395726228E+001 
      3.82000000 -0.836469354312414E+003  0.152811674406727E+001 
      3.84000000 -0.836427293119348E+003  0.157017793713318E+001 
      3.86000000 -0.836380772396237E+003  0.161669866024391E+001 
      3.88000000 -0.836329791534802E+003  0.166767952167855E+001 
      3.90000000 -0.836274391151273E+003  0.172307990520832E+001 
      3.92000000 -0.836214653353408E+003  0.178281770307303E+001 
      3.94000000 -0.836150701551417E+003  0.184676950506427E+001 
      3.96000000 -0.836082699806520E+003  0.191477124996070E+001 
      3.98000000 -0.836010851723709E+003  0.198661933277218E+001 
      4.00000000 -0.835935398893329E+003  0.206207216315182E+001 
      4.02000000 -0.835856618890275E+003  0.214085216620595E+001 
      4.04000000 -0.835774822852726E+003  0.222264820375525E+001 
      4.06000000 -0.835690352666112E+003  0.230711839036906E+001 
      4.08000000 -0.835603577790202E+003  0.239389326627865E+001 
      4.10000000 -0.835514891773036E+003  0.248257928344440E+001 
      4.12000000 -0.835424708494243E+003  0.257276256223777E+001 
      4.14000000 -0.835333458202688E+003  0.266401285379270E+001 
      4.16000000 -0.835241583407264E+003  0.275588764921647E+001 
      4.18000000 -0.835149534676594E+003  0.284793637988664E+001 
      4.20000000 -0.835057766408438E+003  0.293970464804321E+001 
      4.22000000 -0.834966732628732E+003  0.303073842774927E+001 
      4.24000000 -0.834876882860087E+003  0.312058819639366E+001 
      4.26000000 -0.834788658094849E+003  0.320881296163160E+001 
      4.28000000 -0.834702486898055E+003  0.329498415842637E+001 
      4.30000000 -0.834618781643707E+003  0.337868941277407E+001 
      4.32000000 -0.834537934883150E+003  0.345953617333105E+001 
      4.34000000 -0.834460315828465E+003  0.353715522801576E+001 
      4.36000000 -0.834386266938764E+003  0.361120411771673E+001 
      4.38000000 -0.834316100598434E+003  0.368137045804734E+001 
      4.40000000 -0.834250095878925E+003  0.374737517755567E+001 
      4.42000000 -0.834188495394014E+003  0.380897566246692E+001 
      4.44000000 -0.834131502281023E+003  0.386596877545787E+001 
      4.46000000 -0.834079277348597E+003  0.391819370788367E+001 
      4.48000000 -0.834031936467788E+003  0.396553458869335E+001 
      4.50000000 -0.833989548283029E+003  0.400792277345204E+001 
      4.52000000 -0.833952132331176E+003  0.404533872530514E+001 
      4.54000000 -0.833919657662891E+003  0.407781339358996E+001 
      4.56000000 -0.833892042043972E+003  0.410542901250939E+001 
      4.58000000 -0.833869151796126E+003  0.412831926035489E+001 
      4.60000000 -0.833850802316977E+003  0.414666873950412E+001 
      4.62000000 -0.833836759286429E+003  0.416071177005214E+001 
      4.64000000 -0.833826740536711E+003  0.417073051976957E+001 
      4.66000000 -0.833820418540612E+003  0.417705251586937E+001 
      4.68000000 -0.833817423449315E+003  0.418004760716591E+001 
      4.70000000 -0.833817346600344E+003  0.418012445613660E+001 
      4.72000000 -0.833819744412914E+003  0.417772664356648E+001 
      4.74000000 -0.833824142591838E+003  0.417332846464328E+001 
      4.76000000 -0.833830040574424E+003  0.416743048205712E+001 
      4.78000000 -0.833836916169233E+003  0.416055488724794E+001 
      4.80000000 -0.833844230352706E+003  0.415324070377445E+001 
      4.82000000 -0.833851432204269E+003  0.414603885221186E+001 
      4.84000000 -0.833857963968014E+003  0.413950708846673E+001 
      4.86000000 -0.833863266235923E+003  0.413420482055803E+001 
      4.88000000 -0.833866783244114E+003  0.413068781236697E+001 
      4.90000000 -0.833867968261880E+003  0.412950279460056E+001 
      4.92000000 -0.833866289043843E+003  0.413118201263759E+001 
      4.94000000 -0.833861233302360E+003  0.413623775412066E+001 
      4.96000000 -0.833852314137720E+003  0.414515691876100E+001 
      4.98000000 -0.833839075356151E+003  0.415839570032996E+001 
      5.00000000 -0.833821096596743E+003  0.417637445973743E+001 
      5.02000000 -0.833797998181849E+003  0.419947287463180E+001 
      5.04000000 -0.833769445617763E+003  0.422802543871812E+001 
      5.06000000 -0.833735153668025E+003  0.426231738845635E+001 
      5.08000000 -0.833694889946862E+003  0.430258110961889E+001 
      5.10000000 -0.833648477991067E+003  0.434899306541358E+001 
      5.12000000 -0.833595799775823E+003  0.440167128065738E+001 
      5.14000000 -0.833536797673603E+003  0.446067338287816E+001 
      5.16000000 -0.833471475851883E+003  0.452599520459794E+001 
      5.18000000 -0.833399901108532E+003  0.459756994794905E+001 
      5.20000000 -0.833322203155050E+003  0.467526790143112E+001 
      5.22000000 -0.833238574337531E+003  0.475889671894956E+001 
      5.24000000 -0.833149268776946E+003  0.484820227953457E+001 
      5.26000000 -0.833054600897261E+003  0.494287015922015E+001 
      5.28000000 -0.832954943285769E+003  0.504252777071150E+001 
      5.30000000 -0.832850723840671E+003  0.514674721581037E+001 
      5.32000000 -0.832742422130557E+003  0.525504892592370E+001 
      5.34000000 -0.832630564915841E+003  0.536690614063937E+001 
      5.36000000 -0.832515720804887E+003  0.548175025159390E+001 
      5.38000000 -0.832398494025839E+003  0.559897703064196E+001 
      5.40000000 -0.832279517367888E+003  0.571795368859325E+001 
      5.42000000 -0.832159444372331E+003  0.583802668414945E+001 
      5.44000000 -0.832038940914802E+003  0.595853014167859E+001 
      5.46000000 -0.831918676370005E+003  0.607879468647634E+001 
      5.48000000 -0.831799314600148E+003  0.619815645633269E+001 
      5.50000000 -0.831681505042912E+003  0.631596601356863E+001 
      5.52000000 -0.831565874180850E+003  0.643159687563124E+001 
      5.54000000 -0.831453017665601E+003  0.654445339087991E+001 
      5.56000000 -0.831343493345718E+003  0.665397771076332E+001 
      5.58000000 -0.831237815383363E+003  0.675965567311764E+001 
      5.60000000 -0.831136449570786E+003  0.686102148569471E+001 
      5.62000000 -0.831039809878302E+003  0.695766117817922E+001 
      5.64000000 -0.830948256178800E+003  0.704921487768101E+001 
      5.66000000 -0.830862093012728E+003  0.713537804375255E+001 
      5.68000000 -0.830781569201271E+003  0.721590185520947E+001 
      5.70000000 -0.830706878077700E+003  0.729059297878101E+001 
      5.72000000 -0.830638158100807E+003  0.735931295567422E+001 
      5.74000000 -0.830575493639861E+003  0.742197741661983E+001 
      5.76000000 -0.830518915776381E+003  0.747855528010004E+001 
      5.78000000 -0.830468403028341E+003  0.752906802813986E+001 
      5.80000000 -0.830423881993706E+003  0.757358906277521E+001 
      5.82000000 -0.830385227976590E+003  0.761224307989049E+001 
      5.84000000 -0.830352265721556E+003  0.764520533492443E+001 
      5.86000000 -0.830324770418532E+003  0.767270063794872E+001 
      5.88000000 -0.830302469149185E+003  0.769500190729557E+001 
      5.90000000 -0.830285042923574E+003  0.771242813290646E+001 
      5.92000000 -0.830272129411799E+003  0.772534164468143E+001 
      5.94000000 -0.830263326419567E+003  0.773414463691404E+001 
      5.96000000 -0.830258196088135E+003  0.773927496834623E+001 
      5.98000000 -0.830256269739661E+003  0.774120131681972E+001 
      6.00000000 -0.830257053240661E+003  0.774041781582031E+001 
      6.02000000 -0.830260032720513E+003  0.773743833596817E+001 
      6.04000000 -0.830264680466758E+003  0.773279058972247E+001 
      6.06000000 -0.830270460820068E+003  0.772701023641287E+001 
      6.08000000 -0.830276835912806E+003  0.772063514367507E+001 
      6.10000000 -0.830283271124396E+003  0.771419993208521E+001 
      6.12000000 -0.830289240172157E+003  0.770823088432389E+001 
      6.14000000 -0.830294229803285E+003  0.770324125319605E+001 
      6.16000000 -0.830297744099103E+003  0.769972695737769E+001 
      6.18000000 -0.830299308437950E+003  0.769816261853121E+001 
      6.20000000 -0.830298473192943E+003  0.769899786353815E+001 
      6.22000000 -0.830294817243418E+003  0.770265381306301E+001 
      6.24000000 -0.830287951365788E+003  0.770951969069241E+001 
      6.26000000 -0.830277521544457E+003  0.771994951202343E+001 
      6.28000000 -0.830263212210892E+003  0.773425884558914E+001 
      6.30000000 -0.830244749373856E+003  0.775272168262526E+001 
      6.32000000 -0.830221903560811E+003  0.777556749567012E+001 
      6.34000000 -0.830194492463805E+003  0.780297859267623E+001 
      6.36000000 -0.830162383165737E+003  0.783508789074380E+001 
      6.38000000 -0.830125493821320E+003  0.787197723516088E+001 
      6.40000000 -0.830083794676784E+003  0.791367637969680E+001 
      6.42000000 -0.830037308352599E+003  0.796016270388216E+001 
      6.44000000 -0.829986109349983E+003  0.801136170649808E+001 
      6.46000000 -0.829930322794670E+003  0.806714826181043E+001 
      6.48000000 -0.829870122480475E+003  0.812734857600551E+001 
      6.50000000 -0.829805728330614E+003  0.819174272586692E+001 
      6.52000000 -0.829737403400633E+003  0.826006765584779E+001 
      6.54000000 -0.829665450548670E+003  0.833202050781031E+001 
      6.56000000 -0.829590208882793E+003  0.840726217368790E+001 
      6.58000000 -0.829512050023595E+003  0.848542103288591E+001 
      6.60000000 -0.829431374183505E+003  0.856609687297601E+001 
      6.62000000 -0.829348606003922E+003  0.864886505255889E+001 
      6.64000000 -0.829264190069008E+003  0.873328098747277E+001 
      6.66000000 -0.829178586025159E+003  0.881888503132152E+001 
      6.68000000 -0.829092263268561E+003  0.890520778792002E+001 
      6.70000000 -0.829005695256336E+003  0.899177580014458E+001 
      6.72000000 -0.828919353565438E+003  0.907811749104256E+001 
      6.74000000 -0.828833701921545E+003  0.916376913493541E+001 
      6.76000000 -0.828749190459158E+003  0.924828059732276E+001 
      6.78000000 -0.828666250481139E+003  0.933122057534222E+001 
      6.80000000 -0.828585289943299E+003  0.941218111318175E+001 
      6.82000000 -0.828506689782800E+003  0.949078127368117E+001 
      6.84000000 -0.828430801102248E+003  0.956666995423278E+001 
      6.86000000 -0.828357943102230E+003  0.963952795425119E+001 
      6.88000000 -0.828288401571490E+003  0.970906948499040E+001 
      6.90000000 -0.828222427720115E+003  0.977504333636608E+001 
      6.92000000 -0.828160237147499E+003  0.983723390898143E+001 
      6.94000000 -0.828102008807849E+003  0.989546224863169E+001 
      6.96000000 -0.828047883926711E+003  0.994958712976961E+001 
      6.98000000 -0.827997964894756E+003  0.999950616172477E+001 
      7.00000000 -0.827952314238613E+003  0.100451568178682E+002 
      7.02000000 -0.827910953815900E+003  0.100865172405813E+002 
      7.04000000 -0.827873864372091E+003  0.101236066843896E+002 
      7.06000000 -0.827840985601253E+003  0.101564854552282E+002 
      7.08000000 -0.827812216836056E+003  0.101852542204247E+002 
      7.10000000 -0.827787418453042E+003  0.102100526034388E+002 
      7.12000000 -0.827766414066403E+003  0.102310569900780E+002 
      7.14000000 -0.827748993547079E+003  0.102484775094021E+002 
      7.16000000 -0.827734916868725E+003  0.102625541877557E+002 
      7.18000000 -0.827723918740728E+003  0.102735523157524E+002 
      7.20000000 -0.827715713930449E+003  0.102817571260316E+002 
      7.22000000 -0.827710003111450E+003  0.102874679450311E+002 
      7.24000000 -0.827706478998473E+003  0.102909920580083E+002 
      7.26000000 -0.827704832458345E+003  0.102926385981357E+002 
      7.28000000 -0.827704758236491E+003  0.102927128199896E+002 
      7.30000000 -0.827705959930463E+003  0.102915111260178E+002 
      7.32000000 -0.827708153892306E+003  0.102893171641754E+002 
      7.34000000 -0.827711071850495E+003  0.102863992059859E+002 
      7.36000000 -0.827714462194162E+003  0.102830088623189E+002 
      7.38000000 -0.827718090033214E+003  0.102793810232671E+002 
      7.40000000 -0.827721736297369E+003  0.102757347591122E+002 
      7.42000000 -0.827725196239587E+003  0.102722748168934E+002 
      7.44000000 -0.827728277747819E+003  0.102691933086617E+002 
      7.46000000 -0.827730799825100E+003  0.102666712313810E+002 
      7.48000000 -0.827732591499358E+003  0.102648795571232E+002 
      7.50000000 -0.827733491287525E+003  0.102639797689560E+002 
      7.52000000 -0.827733347190352E+003  0.102641238661286E+002 
      7.54000000 -0.827732017083271E+003  0.102654539732101E+002 
      7.56000000 -0.827729369306185E+003  0.102681017502958E+002 
      7.58000000 -0.827725283259257E+003  0.102721877972236E+002 
      7.60000000 -0.827719649874764E+003  0.102778211817173E+002 
      7.62000000 -0.827712371916917E+003  0.102850991395642E+002 
      7.64000000 -0.827703364165014E+003  0.102941068914670E+002 
      7.66000000 -0.827692553613665E+003  0.103049174428158E+002 
      7.68000000 -0.827679879847337E+003  0.103175912091438E+002 
      7.70000000 -0.827665295759876E+003  0.103321752966048E+002 
      7.72000000 -0.827648768741521E+003  0.103487023149597E+002 
      7.74000000 -0.827630282386747E+003  0.103671886697339E+002 
      7.76000000 -0.827609838700192E+003  0.103876323562893E+002 
      7.78000000 -0.827587460680347E+003  0.104100103761343E+002 
      7.80000000 -0.827563195079713E+003  0.104342759767680E+002 
      7.82000000 -0.827537115067308E+003  0.104603559891725E+002 
      7.84000000 -0.827509322475940E+003  0.104881485805411E+002 
      7.86000000 -0.827479949304487E+003  0.105175217519935E+002 
      7.88000000 -0.827449158165135E+003  0.105483128913456E+002 
      7.90000000 -0.827417141423450E+003  0.105803296330305E+002 
      7.92000000 -0.827384118876087E+003  0.106133521803942E+002 
      7.94000000 -0.827350333930096E+003  0.106471371263852E+002 
      7.96000000 -0.827316048381926E+003  0.106814226745545E+002 
      7.98000000 -0.827281536034257E+003  0.107159350222241E+002 
      8.00000000 -0.827247075508703E+003  0.107503955477776E+002 
      8.02000000 -0.827212942689347E+003  0.107845283671336E+002 
      8.04000000 -0.827179403270127E+003  0.108180677863536E+002 
      8.06000000 -0.827146705863848E+003  0.108507651926331E+002 
      8.08000000 -0.827115076061527E+003  0.108823949949537E+002 
      8.10000000 -0.827084711734266E+003  0.109127593222149E+002 
      8.12000000 -0.827055779760238E+003  0.109416912962432E+002 
      8.14000000 -0.827028414222475E+003  0.109690568340058E+002 
      8.16000000 -0.827002716024440E+003  0.109947550320413E+002 
      8.18000000 -0.826978753792231E+003  0.110187172642502E+002 
      8.20000000 -0.826956565882749E+003  0.110409051737315E+002 
      8.22000000 -0.826936163303286E+003  0.110613077531946E+002 
      8.24000000 -0.826917533342626E+003  0.110799377138544E+002 
      8.26000000 -0.826900643693297E+003  0.110968273631843E+002 
      8.28000000 -0.826885446804375E+003  0.111120242521057E+002 
      8.30000000 -0.826871884151978E+003  0.111255869045026E+002 
      8.32000000 -0.826859890063781E+003  0.111375809926998E+002 
      8.34000000 -0.826849394736675E+003  0.111480763198059E+002 
      8.36000000 -0.826840326157641E+003  0.111571448988401E+002 
      8.38000000 -0.826832610794581E+003  0.111648602618997E+002 
      8.40000000 -0.826826173134780E+003  0.111712979217008E+002 
      8.42000000 -0.826820934356475E+003  0.111765367000059E+002 
      8.44000000 -0.826816810574903E+003  0.111806604815780E+002 
      8.46000000 -0.826813711165421E+003  0.111837598910597E+002 
      8.48000000 -0.826811537620673E+003  0.111859334358079E+002 
      8.50000000 -0.826810183266864E+003  0.111872877896172E+002 
      8.52000000 -0.826809533979863E+003  0.111879370766176E+002 
      8.54000000 -0.826809469854684E+003  0.111880012017966E+002 
      8.56000000 -0.826809867625520E+003  0.111876034309603E+002 
      8.58000000 -0.826810603538534E+003  0.111868675179465E+002 
      8.60000000 -0.826811556351489E+003  0.111859147049920E+002 
      8.62000000 -0.826812610163747E+003  0.111848608927339E+002 
      8.64000000 -0.826813656848533E+003  0.111838142079482E+002 
      8.66000000 -0.826814597939750E+003  0.111828731167304E+002 
      8.68000000 -0.826815345903173E+003  0.111821251533078E+002 
      8.70000000 -0.826815824787621E+003  0.111816462688597E+002 
      8.72000000 -0.826815970302195E+003  0.111815007542858E+002 
      8.74000000 -0.826815729415857E+003  0.111817416406236E+002 
      8.76000000 -0.826815059615494E+003  0.111824114409865E+002 
      8.78000000 -0.826813927996149E+003  0.111835430603319E+002 
      8.80000000 -0.826812310375983E+003  0.111851606804982E+002 
      8.82000000 -0.826810190623779E+003  0.111872804327021E+002 
      8.84000000 -0.826807560346490E+003  0.111899107099908E+002 
      8.86000000 -0.826804419010974E+003  0.111930520455066E+002 
      8.88000000 -0.826800774470003E+003  0.111966965864779E+002 
      8.90000000 -0.826796643751733E+003  0.112008273047474E+002 
      8.92000000 -0.826792053881740E+003  0.112054171747404E+002 
      8.94000000 -0.826787042458473E+003  0.112104285980079E+002 
      8.96000000 -0.826781657714585E+003  0.112158133418963E+002 
      8.98000000 -0.826775957874158E+003  0.112215131823231E+002 
      9.00000000 -0.826770009726252E+003  0.112274613302290E+002 
      9.02000000 -0.826763886458050E+003  0.112335845984308E+002 
      9.04000000 -0.826757664902284E+003  0.112398061541964E+002 
      9.06000000 -0.826751422438664E+003  0.112460486178169E+002 
      9.08000000 -0.826745233832967E+003  0.112522372235137E+002 
      9.10000000 -0.826739168312603E+003  0.112583027438783E+002 
      9.12000000 -0.826733287145020E+003  0.112641839114605E+002 
      9.14000000 -0.826727641915995E+003  0.112698291404860E+002 
      9.16000000 -0.826722273611694E+003  0.112751974447866E+002 
      9.18000000 -0.826717212490336E+003  0.112802585661445E+002 
      9.20000000 -0.826712478627103E+003  0.112849924293775E+002 
      9.22000000 -0.826708082945570E+003  0.112893881109113E+002 
      9.24000000 -0.826704028515843E+003  0.112934425406376E+002 
      9.26000000 -0.826700311916830E+003  0.112971591396511E+002 
      9.28000000 -0.826696924515867E+003  0.113005465406137E+002 
      9.30000000 -0.826693853585014E+003  0.113036174714671E+002 
      9.32000000 -0.826691083240437E+003  0.113063878160441E+002 
      9.34000000 -0.826688595242063E+003  0.113088758144179E+002 
      9.36000000 -0.826686369716515E+003  0.113111013399655E+002 
      9.38000000 -0.826684385860427E+003  0.113130851960537E+002 
      9.40000000 -0.826682622660010E+003  0.113148483964709E+002 
      9.42000000 -0.826681059621144E+003  0.113164114353367E+002 
      9.44000000 -0.826679677467481E+003  0.113177935889995E+002 
      9.46000000 -0.826678458734657E+003  0.113190123218238E+002 
      9.48000000 -0.826677388179271E+003  0.113200828772094E+002 
      9.50000000 -0.826676452937405E+003  0.113210181190756E+002 
      9.52000000 -0.826675642404682E+003  0.113218286517990E+002 
      9.54000000 -0.826674947855548E+003  0.113225232009327E+002 
      9.56000000 -0.826674361866855E+003  0.113231091896254E+002 
      9.58000000 -0.826673877649693E+003  0.113235934067881E+002 
      9.60000000 -0.826673488409836E+003  0.113239826466444E+002 
      9.62000000 -0.826673186847774E+003  0.113242842087072E+002 
      9.64000000 -0.826672964868869E+003  0.113245061876118E+002 
      9.66000000 -0.826672813516985E+003  0.113246575394961E+002 
      9.68000000 -0.826672723091383E+003  0.113247479650984E+002 
      9.70000000 -0.826672683377095E+003  0.113247876793857E+002 
      9.72000000 -0.826672683918760E+003  0.113247871377206E+002 
      9.74000000 -0.826672714291134E+003  0.113247567653468E+002 
      9.76000000 -0.826672764349332E+003  0.113247067071488E+002 
      9.78000000 -0.826672824463912E+003  0.113246465925685E+002 
      9.80000000 -0.826672885753394E+003  0.113245853030867E+002 
      9.82000000 -0.826672940317816E+003  0.113245307386647E+002 
      9.84000000 -0.826672981459897E+003  0.113244895965835E+002 
      9.86000000 -0.826673003864625E+003  0.113244671918557E+002 
      9.88000000 -0.826673003703970E+003  0.113244673525109E+002 
      9.90000000 -0.826672978644477E+003  0.113244924120039E+002 
      9.92000000 -0.826672927753605E+003  0.113245433028762E+002 
      9.94000000 -0.826672851317206E+003  0.113246197392749E+002 
      9.96000000 -0.826672750590850E+003  0.113247204656314E+002 
      9.98000000 -0.826672627512322E+003  0.113248435441586E+002 
     10.00000000 -0.826672484409169E+003  0.113249866473120E+002 
     10.02000000 -0.826672323743586E+003  0.113251473128945E+002 
     10.04000000 -0.826672147937364E+003  0.113253231191167E+002 
     10.06000000 -0.826671959303975E+003  0.113255117525058E+002 
     10.08000000 -0.826671760084812E+003  0.113257109716686E+002 
     10.10000000 -0.826671552552113E+003  0.113259185043675E+002 
     10.12000000 -0.826671339117468E+003  0.113261319390129E+002 
     10.14000000 -0.826671122387125E+003  0.113263486693561E+002 
     10.16000000 -0.826670905131851E+003  0.113265659246296E+002 
     10.18000000 -0.826670690172379E+003  0.113267808841022E+002 
     10.20000000 -0.826670480208446E+003  0.113269908480352E+002 
     10.22000000 -0.826670277629928E+003  0.113271934265528E+002 
     10.24000000 -0.826670084345686E+003  0.113273867107951E+002 
     10.26000000 -0.826669901658880E+003  0.113275693976009E+002 
     10.28000000 -0.826669730211736E+003  0.113277408447446E+002 
     10.30000000 -0.826669570016469E+003  0.113279010400118E+002 
     10.32000000 -0.826669420576826E+003  0.113280504796552E+002 
     10.34000000 -0.826669281083554E+003  0.113281899729266E+002 
     10.36000000 -0.826669150644963E+003  0.113283204115183E+002 
     10.38000000 -0.826669028503214E+003  0.113284425532670E+002 
     10.40000000 -0.826668914192172E+003  0.113285568643085E+002 
     10.42000000 -0.826668807610513E+003  0.113286634459676E+002 
     10.44000000 -0.826668709006093E+003  0.113287620503883E+002 
     10.46000000 -0.826668618884900E+003  0.113288521715806E+002 
     10.48000000 -0.826668537868310E+003  0.113289331881712E+002 
     10.50000000 -0.826668466527941E+003  0.113290045285398E+002 
     10.52000000 -0.826668405229737E+003  0.113290658267437E+002 
     10.54000000 -0.826668354014575E+003  0.113291170419062E+002 
     10.56000000 -0.826668312532057E+003  0.113291585244235E+002 
     10.58000000 -0.826668280029798E+003  0.113291910266832E+002 
     10.60000000 -0.826668255389438E+003  0.113292156670429E+002 
     10.62000000 -0.826668237196485E+003  0.113292338599956E+002 
     10.64000000 -0.826668223832848E+003  0.113292472236331E+002 
     10.66000000 -0.826668213583613E+003  0.113292574728680E+002 
     10.68000000 -0.826668204760968E+003  0.113292662955131E+002 
     10.70000000 -0.826668196409340E+003  0.113292746471404E+002 
     10.72000000 -0.826668188545312E+003  0.113292825111686E+002 
     10.74000000 -0.826668181199689E+003  0.113292898567915E+002 
     10.76000000 -0.826668174329056E+003  0.113292967274250E+002 
     10.78000000 -0.826668167824421E+003  0.113293032320603E+002 
     10.80000000 -0.826668161534743E+003  0.113293095217382E+002 
     10.82000000 -0.826668155301625E+003  0.113293157548561E+002 
     10.84000000 -0.826668148996088E+003  0.113293220603924E+002 
     10.86000000 -0.826668142547122E+003  0.113293285093586E+002 
     10.88000000 -0.826668135955255E+003  0.113293351012257E+002 
     10.90000000 -0.826668129289522E+003  0.113293417669591E+002 
     10.92000000 -0.826668122669386E+003  0.113293483870944E+002 
     10.94000000 -0.826668116234465E+003  0.113293548220157E+002 
     10.96000000 -0.826668110106624E+003  0.113293609498566E+002 
     10.98000000 -0.826668104352200E+003  0.113293667042810E+002 
     11.00000000 -0.826668098955227E+003  0.113293721012537E+002 
     11.02000000 -0.826668093812158E+003  0.113293772443232E+002 
     11.04000000 -0.826668088752520E+003  0.113293823039613E+002 
     11.06000000 -0.826668083580628E+003  0.113293874758526E+002 
     11.08000000 -0.826668078125693E+003  0.113293929307877E+002 
     11.10000000 -0.826668072285608E+003  0.113293987708727E+002 
     11.12000000 -0.826668066053032E+003  0.113294050034485E+002 
     11.14000000 -0.826668059517914E+003  0.113294115385670E+002 
     11.16000000 -0.826668052845369E+003  0.113294182111117E+002 
     11.18000000 -0.826668046232609E+003  0.113294248238720E+002 
     11.20000000 -0.826668039854605E+003  0.113294312018762E+002 
     11.22000000 -0.826668033813936E+003  0.113294372425448E+002 
     11.24000000 -0.826668028111845E+003  0.113294429446359E+002 
     11.26000000 -0.826668022651738E+003  0.113294484047432E+002 
     11.28000000 -0.826668017274592E+003  0.113294537818889E+002 
     11.30000000 -0.826668011812826E+003  0.113294592436545E+002 
     11.32000000 -0.826668006140776E+003  0.113294649157052E+002 
     11.34000000 -0.826668000200541E+003  0.113294708559396E+002 
     11.36000000 -0.826667993993504E+003  0.113294770629764E+002 
     11.38000000 -0.826667987545564E+003  0.113294835109173E+002 
     11.40000000 -0.826667980868627E+003  0.113294901878537E+002 
     11.42000000 -0.826667973942674E+003  0.113294971138071E+002 
     11.44000000 -0.826667966729877E+003  0.113295043266038E+002 
     11.46000000 -0.826667959213644E+003  0.113295118428370E+002 
     11.48000000 -0.826667951441426E+003  0.113295196150547E+002 
     11.50000000 -0.826667943547767E+003  0.113295275087140E+002 
     11.52000000 -0.826667935743030E+003  0.113295353134510E+002 
     11.54000000 -0.826667928267241E+003  0.113295427892396E+002 
     11.56000000 -0.826667921323400E+003  0.113295497330812E+002 
     11.58000000 -0.826667915014077E+003  0.113295560424040E+002 
     11.60000000 -0.826667909306624E+003  0.113295617498564E+002 
     11.62000000 -0.826667904043255E+003  0.113295670132258E+002 
     11.64000000 -0.826667898994495E+003  0.113295720619859E+002 
     11.66000000 -0.826667893935559E+003  0.113295771209220E+002 
     11.68000000 -0.826667888713979E+003  0.113295823425018E+002 
     11.70000000 -0.826667883280395E+003  0.113295877760854E+002 
     11.72000000 -0.826667877671693E+003  0.113295933847883E+002 
     11.74000000 -0.826667871957673E+003  0.113295990988079E+002 
     11.76000000 -0.826667866178184E+003  0.113296048782967E+002 
     11.78000000 -0.826667860299954E+003  0.113296107565264E+002 
     11.80000000 -0.826667854211987E+003  0.113296168444941E+002 
     11.82000000 -0.826667847760812E+003  0.113296232956689E+002 
     11.84000000 -0.826667840811093E+003  0.113296302453874E+002 
     11.86000000 -0.826667833307351E+003  0.113296377491300E+002 
     11.88000000 -0.826667825312228E+003  0.113296457442530E+002 
     11.90000000 -0.826667817005297E+003  0.113296540511836E+002 
     11.92000000 -0.826667808641015E+003  0.113296624154658E+002 
     11.94000000 -0.826667800480797E+003  0.113296705756837E+002 
     11.96000000 -0.826667792724470E+003  0.113296783320105E+002 
     11.98000000 -0.826667785465650E+003  0.113296855908311E+002 
     12.00000000 -0.826667778684053E+003  0.113296923724275E+002 
     12.02000000 -0.826667772271607E+003  0.113296987848738E+002 
     12.04000000 -0.826667766076357E+003  0.113297049801234E+002 
     12.06000000 -0.826667759945118E+003  0.113297111113624E+002 
     12.08000000 -0.826667753751280E+003  0.113297173052007E+002 
     12.10000000 -0.826667747404353E+003  0.113297236521274E+002 
     12.12000000 -0.826667740846452E+003  0.113297302100287E+002 
     12.14000000 -0.826667734044426E+003  0.113297370120549E+002 
     12.16000000 -0.826667726983886E+003  0.113297440725953E+002 
     12.18000000 -0.826667719665693E+003  0.113297513907874E+002 
     12.20000000 -0.826667712101871E+003  0.113297589546099E+002 
     12.22000000 -0.826667704309063E+003  0.113297667474178E+002 
     12.24000000 -0.826667696302103E+003  0.113297747543779E+002 
     12.26000000 -0.826667688092894E+003  0.113297829635870E+002 
     12.28000000 -0.826667679697327E+003  0.113297913591538E+002 
     12.30000000 -0.826667671146769E+003  0.113297999097122E+002 
     12.32000000 -0.826667662496650E+003  0.113298085598307E+002 
     12.34000000 -0.826667653825039E+003  0.113298172314424E+002 
     12.36000000 -0.826667645218959E+003  0.113298258375222E+002 
     12.38000000 -0.826667636751807E+003  0.113298343046743E+002 
     12.40000000 -0.826667628459462E+003  0.113298425970191E+002 
     12.42000000 -0.826667620324568E+003  0.113298507319124E+002 
     12.44000000 -0.826667612275527E+003  0.113298587809534E+002 
     12.46000000 -0.826667604199650E+003  0.113298668568309E+002 
     12.48000000 -0.826667595962193E+003  0.113298750942874E+002 
     12.50000000 -0.826667587420119E+003  0.113298836363616E+002 
     12.52000000 -0.826667578425855E+003  0.113298926306262E+002 
     12.54000000 -0.826667568828434E+003  0.113299022280468E+002 
     12.56000000 -0.826667558488074E+003  0.113299125684066E+002 
     12.58000000 -0.826667547316699E+003  0.113299237397821E+002 
     12.60000000 -0.826667535339407E+003  0.113299357170736E+002 
     12.62000000 -0.826667522750219E+003  0.113299483062618E+002 
     12.64000000 -0.826667509924744E+003  0.113299611317366E+002 
     12.66000000 -0.826667497363951E+003  0.113299736925300E+002 
     12.68000000 -0.826667485574132E+003  0.113299854823484E+002 
     12.70000000 -0.826667474922365E+003  0.113299961341163E+002 
     12.72000000 -0.826667465524000E+003  0.113300055324808E+002 
     12.74000000 -0.826667457209687E+003  0.113300138467934E+002 
     12.76000000 -0.826667449587168E+003  0.113300214693127E+002 
     12.78000000 -0.826667442173037E+003  0.113300288834437E+002 
     12.80000000 -0.826667434540317E+003  0.113300365161643E+002 
     12.82000000 -0.826667426423622E+003  0.113300446328587E+002 
     12.84000000 -0.826667417748636E+003  0.113300533078446E+002 
     12.86000000 -0.826667408593009E+003  0.113300624634721E+002 
     12.88000000 -0.826667399117298E+003  0.113300719391826E+002 
     12.90000000 -0.826667389509242E+003  0.113300815472392E+002 
     12.92000000 -0.826667379961907E+003  0.113300910945735E+002 
     12.94000000 -0.826667370676052E+003  0.113301003804285E+002 
     12.96000000 -0.826667361861166E+003  0.113301091953147E+002 
     12.98000000 -0.826667353716618E+003  0.113301173398633E+002 
     13.00000000 -0.826667346394695E+003  0.113301246617862E+002 
     13.02000000 -0.826667339962148E+003  0.113301310943329E+002 
     13.04000000 -0.826667334376542E+003  0.113301366799387E+002 
     13.06000000 -0.826667329483208E+003  0.113301415732726E+002 
     13.08000000 -0.826667325030316E+003  0.113301460261647E+002 
     13.10000000 -0.826667320698683E+003  0.113301503577979E+002 
     13.12000000 -0.826667316145723E+003  0.113301549107582E+002 
     13.14000000 -0.826667311062033E+003  0.113301599944480E+002 
     13.16000000 -0.826667305231998E+003  0.113301658244830E+002 
     13.18000000 -0.826667298582025E+003  0.113301724744560E+002 
     13.20000000 -0.826667291198812E+003  0.113301798576688E+002 
     13.22000000 -0.826667283308072E+003  0.113301877484090E+002 
     13.24000000 -0.826667275218392E+003  0.113301958380888E+002 
     13.26000000 -0.826667267247200E+003  0.113302038092811E+002 
     13.28000000 -0.826667259651407E+003  0.113302114050736E+002 
     13.30000000 -0.826667252581079E+003  0.113302184754015E+002 
     13.32000000 -0.826667246064707E+003  0.113302249917736E+002 
     13.34000000 -0.826667240024568E+003  0.113302310319131E+002 
     13.36000000 -0.826667234314010E+003  0.113302367424707E+002 
     13.38000000 -0.826667228765544E+003  0.113302422909365E+002 
     13.40000000 -0.826667223237270E+003  0.113302478192107E+002 
     13.42000000 -0.826667217644352E+003  0.113302534121287E+002 
     13.44000000 -0.826667211965720E+003  0.113302590907612E+002 
     13.46000000 -0.826667206225344E+003  0.113302648311374E+002 
     13.48000000 -0.826667200458989E+003  0.113302705974918E+002 
     13.50000000 -0.826667194682549E+003  0.113302763739317E+002 
     13.52000000 -0.826667188874304E+003  0.113302821821772E+002 
     13.54000000 -0.826667182974546E+003  0.113302880819345E+002 
     13.56000000 -0.826667176900526E+003  0.113302941559544E+002 
     13.58000000 -0.826667170573759E+003  0.113303004827222E+002 
     13.60000000 -0.826667163955334E+003  0.113303071011471E+002 
     13.62000000 -0.826667157077672E+003  0.113303139788091E+002 
     13.64000000 -0.826667150053657E+003  0.113303210028240E+002 
     13.66000000 -0.826667143048138E+003  0.113303280083427E+002 
     13.68000000 -0.826667136215877E+003  0.113303348406035E+002 
     13.70000000 -0.826667129633434E+003  0.113303414230467E+002 
     13.72000000 -0.826667123260481E+003  0.113303477959999E+002 
     13.74000000 -0.826667116950467E+003  0.113303541060135E+002 
     13.76000000 -0.826667110501885E+003  0.113303605545959E+002 
     13.78000000 -0.826667103720840E+003  0.113303673356412E+002 
     13.80000000 -0.826667096468143E+003  0.113303745883377E+002 
     13.82000000 -0.826667088683992E+003  0.113303823724887E+002 
     13.84000000 -0.826667080400642E+003  0.113303906558387E+002 
     13.86000000 -0.826667071752514E+003  0.113303993039668E+002 
     13.88000000 -0.826667062976775E+003  0.113304080797060E+002 
     13.90000000 -0.826667054385412E+003  0.113304166710692E+002 
     13.92000000 -0.826667046299187E+003  0.113304247572938E+002 
     13.94000000 -0.826667038960492E+003  0.113304320959887E+002 
     13.96000000 -0.826667032463157E+003  0.113304385933243E+002 
     13.98000000 -0.826667026732765E+003  0.113304443237158E+002 
     14.00000000 -0.826667021562060E+003  0.113304494944212E+002 
     14.02000000 -0.826667016675661E+003  0.113304543808197E+002 
     14.04000000 -0.826667011790444E+003  0.113304592660372E+002 
     14.06000000 -0.826667006654933E+003  0.113304644015482E+002 
     14.08000000 -0.826667001074751E+003  0.113304699817300E+002 
     14.10000000 -0.826666994938966E+003  0.113304761175143E+002 
     14.12000000 -0.826666988248441E+003  0.113304828080398E+002 
     14.14000000 -0.826666981128236E+003  0.113304899282444E+002 
     14.16000000 -0.826666973802547E+003  0.113304972539337E+002 
     14.18000000 -0.826666966529263E+003  0.113305045272178E+002 
     14.20000000 -0.826666959517680E+003  0.113305115388013E+002 
     14.22000000 -0.826666952866174E+003  0.113305181903068E+002 
     14.24000000 -0.826666946546565E+003  0.113305245099159E+002 
     14.26000000 -0.826666940437373E+003  0.113305306191079E+002 
     14.28000000 -0.826666934386392E+003  0.113305366700892E+002 
     14.30000000 -0.826666928274470E+003  0.113305427820109E+002 
     14.32000000 -0.826666922056972E+003  0.113305489995084E+002 
     14.34000000 -0.826666915770588E+003  0.113305552858925E+002 
     14.36000000 -0.826666909506376E+003  0.113305615501049E+002 
     14.38000000 -0.826666903362920E+003  0.113305676935612E+002 
     14.40000000 -0.826666897401599E+003  0.113305736548816E+002 
     14.42000000 -0.826666891624678E+003  0.113305794318026E+002 
     14.44000000 -0.826666885984073E+003  0.113305850724076E+002 
     14.46000000 -0.826666880411993E+003  0.113305906444876E+002 
     14.48000000 -0.826666874853623E+003  0.113305962028576E+002 
     14.50000000 -0.826666869282796E+003  0.113306017736848E+002 
     14.52000000 -0.826666863693024E+003  0.113306073634569E+002 
     14.54000000 -0.826666858071230E+003  0.113306129852505E+002 
     14.56000000 -0.826666852372555E+003  0.113306186839261E+002 
     14.58000000 -0.826666846515578E+003  0.113306245409032E+002 
     14.60000000 -0.826666840405778E+003  0.113306306507028E+002 
     14.62000000 -0.826666833976302E+003  0.113306370801791E+002 
     14.64000000 -0.826666827220863E+003  0.113306438356177E+002 
     14.66000000 -0.826666820195471E+003  0.113306508610096E+002 
     14.68000000 -0.826666812984611E+003  0.113306580718695E+002 
     14.70000000 -0.826666805650415E+003  0.113306654060659E+002 
     14.72000000 -0.826666798193400E+003  0.113306728630808E+002 
     14.74000000 -0.826666790544874E+003  0.113306805116068E+002 
     14.76000000 -0.826666782592480E+003  0.113306884640012E+002 
     14.78000000 -0.826666774225020E+003  0.113306968314604E+002 
     14.80000000 -0.826666765378395E+003  0.113307056780858E+002 
     14.82000000 -0.826666756068996E+003  0.113307149874845E+002 
     14.84000000 -0.826666746407804E+003  0.113307246486773E+002 
     14.86000000 -0.826666736593263E+003  0.113307344632177E+002 
     14.88000000 -0.826666726882914E+003  0.113307441735665E+002 
     14.90000000 -0.826666717546545E+003  0.113307535099355E+002 
     14.92000000 -0.826666708810301E+003  0.113307622461798E+002 
     14.94000000 -0.826666700807940E+003  0.113307702485408E+002 
     14.96000000 -0.826666693556894E+003  0.113307774995865E+002 
     14.98000000 -0.826666686967927E+003  0.113307840885538E+002 
     15.00000000 -0.826666680881777E+003  0.113307901747034E+002 
     15.02000000 -0.826666675113689E+003  0.113307959427916E+002 
     15.04000000 -0.826666669484891E+003  0.113308015715902E+002 
     15.06000000 -0.826666663829363E+003  0.113308072271176E+002 
     15.08000000 -0.826666657979873E+003  0.113308130766075E+002 
     15.10000000 -0.826666651752287E+003  0.113308193041940E+002 
     15.12000000 -0.826666644953036E+003  0.113308261034451E+002 
     15.14000000 -0.826666637425648E+003  0.113308336308326E+002 
     15.16000000 -0.826666629126859E+003  0.113308419296214E+002 
     15.18000000 -0.826666620194465E+003  0.113308508620160E+002 
     15.20000000 -0.826666610958290E+003  0.113308600981910E+002 
     15.22000000 -0.826666601866501E+003  0.113308691899798E+002 
     15.24000000 -0.826666593343481E+003  0.113308777130003E+002 
     15.26000000 -0.826666585637144E+003  0.113308854193368E+002 
     15.28000000 -0.826666578725391E+003  0.113308923310903E+002 
     15.30000000 -0.826666572325091E+003  0.113308987313896E+002 
     15.32000000 -0.826666565997609E+003  0.113309050588721E+002 
     15.34000000 -0.826666559299674E+003  0.113309117568071E+002 
     15.36000000 -0.826666551913853E+003  0.113309191426283E+002 
     15.38000000 -0.826666543712956E+003  0.113309273435253E+002 
     15.40000000 -0.826666534751801E+003  0.113309363046794E+002 
     15.42000000 -0.826666525212557E+003  0.113309458439239E+002 
     15.44000000 -0.826666515340349E+003  0.113309557161320E+002 
     15.46000000 -0.826666505394182E+003  0.113309656622990E+002 
     15.48000000 -0.826666495618019E+003  0.113309754384620E+002 
     15.50000000 -0.826666486222670E+003  0.113309848338111E+002 
     15.52000000 -0.826666477368869E+003  0.113309936876118E+002 
     15.54000000 -0.826666469151155E+003  0.113310019053257E+002 
     15.56000000 -0.826666461590253E+003  0.113310094662277E+002 
     15.58000000 -0.826666454640705E+003  0.113310164157763E+002 
     15.60000000 -0.826666448210613E+003  0.113310228458674E+002 
     15.62000000 -0.826666442179989E+003  0.113310288764921E+002 
     15.64000000 -0.826666436404641E+003  0.113310346518395E+002 
     15.66000000 -0.826666430706522E+003  0.113310403499589E+002 
     15.68000000 -0.826666424869689E+003  0.113310461867923E+002 
     15.70000000 -0.826666418667077E+003  0.113310523894042E+002 
     15.72000000 -0.826666411925676E+003  0.113310591308052E+002 
     15.74000000 -0.826666404605210E+003  0.113310664512710E+002 
     15.76000000 -0.826666396842613E+003  0.113310742138682E+002 
     15.78000000 -0.826666388923415E+003  0.113310821330657E+002 
     15.80000000 -0.826666381179966E+003  0.113310898765149E+002 
     15.82000000 -0.826666373860231E+003  0.113310971962500E+002 
     15.84000000 -0.826666367029656E+003  0.113311040268251E+002 
     15.86000000 -0.826666360551123E+003  0.113311105053580E+002 
     15.88000000 -0.826666354145958E+003  0.113311169105227E+002 
     15.90000000 -0.826666347499770E+003  0.113311235567108E+002 
     15.92000000 -0.826666340362115E+003  0.113311306943654E+002 
     15.94000000 -0.826666332603223E+003  0.113311384532579E+002 
     15.96000000 -0.826666324220874E+003  0.113311468356064E+002 
     15.98000000 -0.826666315314925E+003  0.113311557415561E+002 
     16.00000000 -0.826666306052474E+003  0.113311650040069E+002 
     16.02000000 -0.826666296634646E+003  0.113311744218352E+002 
     16.04000000 -0.826666287261124E+003  0.113311837953569E+002 
     16.06000000 -0.826666278087108E+003  0.113311929693724E+002 
     16.08000000 -0.826666269181294E+003  0.113312018751866E+002 
     16.10000000 -0.826666260508808E+003  0.113312105476729E+002 
     16.12000000 -0.826666251960869E+003  0.113312190956124E+002 
     16.14000000 -0.826666243427989E+003  0.113312276284923E+002 
     16.16000000 -0.826666234881758E+003  0.113312361747232E+002 
     16.18000000 -0.826666226417928E+003  0.113312446385529E+002 
     16.20000000 -0.826666218232099E+003  0.113312528243817E+002 
     16.22000000 -0.826666210537407E+003  0.113312605190735E+002 
     16.24000000 -0.826666203465070E+003  0.113312675914112E+002 
     16.26000000 -0.826666196994045E+003  0.113312740624355E+002 
     16.28000000 -0.826666190935186E+003  0.113312801212944E+002 
     16.30000000 -0.826666184965590E+003  0.113312860908913E+002 
     16.32000000 -0.826666178691180E+003  0.113312923653011E+002 
     16.34000000 -0.826666171717656E+003  0.113312993388250E+002 
     16.36000000 -0.826666163722259E+003  0.113313073342215E+002 
     16.38000000 -0.826666154525825E+003  0.113313165306560E+002 
     16.40000000 -0.826666144155458E+003  0.113313269010225E+002 
     16.42000000 -0.826666132871658E+003  0.113313381848232E+002 
     16.44000000 -0.826666121129407E+003  0.113313499270735E+002 
     16.46000000 -0.826666109464447E+003  0.113313615920343E+002 
     16.48000000 -0.826666098337463E+003  0.113313727190173E+002 
     16.50000000 -0.826666088001997E+003  0.113313830544841E+002 
     16.52000000 -0.826666078459036E+003  0.113313925974453E+002 
     16.54000000 -0.826666069517201E+003  0.113314015392795E+002 
     16.56000000 -0.826666060920332E+003  0.113314101361492E+002 
     16.58000000 -0.826666052473739E+003  0.113314185827420E+002 
     16.60000000 -0.826666044113770E+003  0.113314269427104E+002 
     16.62000000 -0.826666035907359E+003  0.113314351491221E+002 
     16.64000000 -0.826666028004382E+003  0.113314430520988E+002 
     16.66000000 -0.826666020575516E+003  0.113314504809648E+002 
     16.68000000 -0.826666013757312E+003  0.113314572991691E+002 
     16.70000000 -0.826666007613310E+003  0.113314634431710E+002 
     16.72000000 -0.826666002115250E+003  0.113314689412313E+002 
     16.74000000 -0.826665997148106E+003  0.113314739083745E+002 
     16.76000000 -0.826665992537393E+003  0.113314785190880E+002 
     16.78000000 -0.826665988087482E+003  0.113314829689991E+002 
     16.80000000 -0.826665983614360E+003  0.113314874421212E+002 
     16.82000000 -0.826665978962345E+003  0.113314920941361E+002 
     16.84000000 -0.826665974007678E+003  0.113314970488031E+002 
     16.86000000 -0.826665968660454E+003  0.113315023960270E+002 
     16.88000000 -0.826665962873452E+003  0.113315081830293E+002 
     16.90000000 -0.826665956655267E+003  0.113315144012136E+002 
     16.92000000 -0.826665950076857E+003  0.113315209796242E+002 
     16.94000000 -0.826665943261235E+003  0.113315277952462E+002 
     16.96000000 -0.826665936355022E+003  0.113315347014584E+002 
     16.98000000 -0.826665929490770E+003  0.113315415657104E+002 
     17.00000000 -0.826665922755335E+003  0.113315483011459E+002 
     17.02000000 -0.826665916177798E+003  0.113315548786827E+002 
     17.04000000 -0.826665909742021E+003  0.113315613144594E+002 
     17.06000000 -0.826665903416422E+003  0.113315676400590E+002 
     17.08000000 -0.826665897183117E+003  0.113315738733637E+002 
     17.10000000 -0.826665891047318E+003  0.113315800091626E+002 
     17.12000000 -0.826665885018566E+003  0.113315860379150E+002 
     17.14000000 -0.826665879073443E+003  0.113315919830382E+002 
     17.16000000 -0.826665873123920E+003  0.113315979325608E+002 
     17.18000000 -0.826665867015998E+003  0.113316040404832E+002 
     17.20000000 -0.826665860568368E+003  0.113316104881124E+002 
     17.22000000 -0.826665853638267E+003  0.113316174182139E+002 
     17.24000000 -0.826665846184423E+003  0.113316248720578E+002 
     17.26000000 -0.826665838295550E+003  0.113316327609307E+002 
     17.28000000 -0.826665830168944E+003  0.113316408875370E+002 
     17.30000000 -0.826665822048492E+003  0.113316490079888E+002 
     17.32000000 -0.826665814151059E+003  0.113316569054220E+002 
     17.34000000 -0.826665806613635E+003  0.113316644428461E+002 
     17.36000000 -0.826665799480784E+003  0.113316715756963E+002 
     17.38000000 -0.826665792730230E+003  0.113316783262513E+002 
     17.40000000 -0.826665786315944E+003  0.113316847405368E+002 
     17.42000000 -0.826665780202017E+003  0.113316908544635E+002 
     17.44000000 -0.826665774368667E+003  0.113316966878138E+002 
     17.46000000 -0.826665768789088E+003  0.113317022673924E+002 
     17.48000000 -0.826665763393213E+003  0.113317076632681E+002 
     17.50000000 -0.826665758042765E+003  0.113317130137159E+002 
     17.52000000 -0.826665752538130E+003  0.113317185183511E+002 
     17.54000000 -0.826665746662073E+003  0.113317243944081E+002 
     17.56000000 -0.826665740244506E+003  0.113317308119749E+002 
     17.58000000 -0.826665733218521E+003  0.113317378379603E+002 
     17.60000000 -0.826665725638571E+003  0.113317454179100E+002 
     17.62000000 -0.826665717649860E+003  0.113317534066212E+002 
     17.64000000 -0.826665709423594E+003  0.113317616328864E+002 
     17.66000000 -0.826665701090660E+003  0.113317699658209E+002 
     17.68000000 -0.826665692705356E+003  0.113317783511246E+002 
     17.70000000 -0.826665684252716E+003  0.113317868037649E+002 
     17.72000000 -0.826665675689215E+003  0.113317953672658E+002 
     17.74000000 -0.826665666993053E+003  0.113318040634281E+002 
     17.76000000 -0.826665658200370E+003  0.113318128561105E+002 
     17.78000000 -0.826665649413845E+003  0.113318216426358E+002 
     17.80000000 -0.826665640781993E+003  0.113318302744873E+002 
     17.82000000 -0.826665632457010E+003  0.113318385994706E+002 
     17.84000000 -0.826665624545854E+003  0.113318465106270E+002 
     17.86000000 -0.826665617072370E+003  0.113318539841113E+002 
     17.88000000 -0.826665609964580E+003  0.113318610919010E+002 
     17.90000000 -0.826665603071230E+003  0.113318679852505E+002 
     17.92000000 -0.826665596198968E+003  0.113318748575125E+002 
     17.94000000 -0.826665589153349E+003  0.113318819031316E+002 
     17.96000000 -0.826665581768314E+003  0.113318892881673E+002 
     17.98000000 -0.826665573918451E+003  0.113318971380300E+002 
     18.00000000 -0.826665565521030E+003  0.113319055354505E+002 
