# Real time calculation: 
# Eall: Total energy
# Eall0: Initial total energy
# 1:Time[fs] 2:Eall[eV] 3:Eall-Eall0[eV] 
      0.00000000 -0.680672992727596E+004  0.000000000000000E+000 
      0.02000000 -0.680672992734939E+004 -0.734337678095898E-007 
      0.04000000 -0.680672992741026E+004 -0.134298335045810E-006 
      0.06000000 -0.680672992746072E+004 -0.184759205130112E-006 
      0.08000000 -0.680672992750257E+004 -0.226615292690460E-006 
      0.10000000 -0.680672992753731E+004 -0.261349967570547E-006 
      0.12000000 -0.680672992756615E+004 -0.290189832779811E-006 
      0.14000000 -0.680672992759011E+004 -0.314151128138175E-006 
      0.16000000 -0.680672992761004E+004 -0.334078399980007E-006 
      0.18000000 -0.680672992762662E+004 -0.350658422247537E-006 
      0.20000000 -0.680672992764043E+004 -0.364474334076399E-006 
      0.22000000 -0.680672992765196E+004 -0.375998679248919E-006 
      0.24000000 -0.680672992766158E+004 -0.385626662139509E-006 
      0.26000000 -0.680672992766964E+004 -0.393682334867310E-006 
      0.28000000 -0.680672992767639E+004 -0.400435611965924E-006 
      0.30000000 -0.680672992768207E+004 -0.406113871294602E-006 
      0.32000000 -0.680672992768686E+004 -0.410898087067852E-006 
      0.34000000 -0.680672992769090E+004 -0.414941391313334E-006 
      0.36000000 -0.680672992769433E+004 -0.418370620660019E-006 
      0.38000000 -0.680672992769725E+004 -0.421293276884900E-006 
      0.40000000 -0.680672992769975E+004 -0.423793659942598E-006 
      0.42000000 -0.680672992770190E+004 -0.425943695482468E-006 
      0.44000000 -0.680672992770376E+004 -0.427802934848600E-006 
      0.46000000 -0.680672992770538E+004 -0.429423195444294E-006 
      0.48000000 -0.680672992770680E+004 -0.430841600185344E-006 
      0.50000000 -0.680672992770805E+004 -0.432095271987549E-006 
      0.52000000 -0.680672992770917E+004 -0.433208959461439E-006 
      0.54000000 -0.680672992771017E+004 -0.434211278187939E-006 
      0.56000000 -0.680672992771107E+004 -0.435113055684158E-006 
      0.58000000 -0.680672992771189E+004 -0.435935946984310E-006 
      0.60000000 -0.680672992771264E+004 -0.436686912635106E-006 
      0.62000000 -0.680672992771334E+004 -0.437379100335892E-006 
      0.64000000 -0.680672992771398E+004 -0.438021017421536E-006 
      0.66000000 -0.680672992771457E+004 -0.438611890497961E-006 
      0.68000000 -0.680672992771512E+004 -0.439157133323720E-006 
      0.70000000 -0.680672992771561E+004 -0.439654425716574E-006 
      0.72000000 -0.680672992771606E+004 -0.440101447494288E-006 
      0.74000000 -0.680672992771645E+004 -0.440489691321991E-006 
      0.76000000 -0.680672992771676E+004 -0.440805236106260E-006 
      0.78000000 -0.680672992771699E+004 -0.441034160753671E-006 
      0.80000000 -0.680672992771712E+004 -0.441157903806325E-006 
      0.82000000 -0.680672992771711E+004 -0.441149396471455E-006 
      0.84000000 -0.680672992771694E+004 -0.440978476379976E-006 
      0.86000000 -0.680672992771657E+004 -0.440608794010171E-006 
      0.88000000 -0.680672992771596E+004 -0.440007093416639E-006 
      0.90000000 -0.680672992771509E+004 -0.439136251683584E-006 
      0.92000000 -0.680672992771391E+004 -0.437951411954418E-006 
      0.94000000 -0.680672992771238E+004 -0.436426278830453E-006 
      0.96000000 -0.680672992771050E+004 -0.434537650489315E-006 
      0.98000000 -0.680672992770824E+004 -0.432279339778373E-006 
      1.00000000 -0.680672992770563E+004 -0.429670681549602E-006 
      1.02000000 -0.680672992770271E+004 -0.426754212477354E-006 
      1.04000000 -0.680672992769958E+004 -0.423618872880724E-006 
      1.06000000 -0.680672992769634E+004 -0.420386085630128E-006 
      1.08000000 -0.680672992769317E+004 -0.417216716694017E-006 
      1.10000000 -0.680672992769027E+004 -0.414316488897430E-006 
      1.12000000 -0.680672992768786E+004 -0.411899632400274E-006 
      1.14000000 -0.680672992768613E+004 -0.410169549845350E-006 
      1.16000000 -0.680672992768522E+004 -0.409260038408340E-006 
      1.18000000 -0.680672992768512E+004 -0.409163364148454E-006 
      1.20000000 -0.680672992768556E+004 -0.409601105197218E-006 
      1.22000000 -0.680672992768583E+004 -0.409871019730821E-006 
      1.24000000 -0.680672992768458E+004 -0.408618121322695E-006 
      1.26000000 -0.680672992767951E+004 -0.403549296528340E-006 
      1.28000000 -0.680672992766701E+004 -0.391054341786563E-006 
      1.30000000 -0.680672992764169E+004 -0.365735739819395E-006 
      1.32000000 -0.680672992759579E+004 -0.319827840678695E-006 
      1.34000000 -0.680672992751845E+004 -0.242491526346018E-006 
      1.36000000 -0.680672992739491E+004 -0.118957290092982E-006 
      1.38000000 -0.680672992720551E+004  0.704476932702235E-007 
      1.40000000 -0.680672992692450E+004  0.351452697966762E-006 
      1.42000000 -0.680672992651883E+004  0.757124961242204E-006 
      1.44000000 -0.680672992594665E+004  0.132931206332203E-005 
      1.46000000 -0.680672992515574E+004  0.212021346418032E-005 
      1.48000000 -0.680672992408191E+004  0.319405026135657E-005 
      1.50000000 -0.680672992264715E+004  0.462880610002764E-005 
      1.52000000 -0.680672992075795E+004  0.651800443260156E-005 
      1.54000000 -0.680672991830354E+004  0.897242235999678E-005 
      1.56000000 -0.680672991515424E+004  0.121217147592083E-004 
      1.58000000 -0.680672991116017E+004  0.161157901513742E-004 
      1.60000000 -0.680672990615005E+004  0.211259035076096E-004 
      1.62000000 -0.680672989993068E+004  0.273452788312403E-004 
      1.64000000 -0.680672989228679E+004  0.349891625219942E-004 
      1.66000000 -0.680672988298179E+004  0.442941644442457E-004 
      1.68000000 -0.680672987175927E+004  0.555166887104296E-004 
      1.70000000 -0.680672985834558E+004  0.689303776136096E-004 
      1.72000000 -0.680672984245361E+004  0.848223506120714E-004 
      1.74000000 -0.680672982378781E+004  0.103488150972410E-003 
      1.76000000 -0.680672980205071E+004  0.125225251579449E-003 
      1.78000000 -0.680672977695086E+004  0.150325097484558E-003 
      1.80000000 -0.680672974821238E+004  0.179063578463994E-003 
      1.82000000 -0.680672971558596E+004  0.211689998872546E-003 
      1.84000000 -0.680672967886132E+004  0.248414636826378E-003 
      1.86000000 -0.680672963788094E+004  0.289395021098489E-003 
      1.88000000 -0.680672959255472E+004  0.334721237404605E-003 
      1.90000000 -0.680672954287538E+004  0.384400575757318E-003 
      1.92000000 -0.680672948893392E+004  0.438342037835885E-003 
      1.94000000 -0.680672943093466E+004  0.496341299111765E-003 
      1.96000000 -0.680672936920912E+004  0.558066840345985E-003 
      1.98000000 -0.680672930422787E+004  0.623048092231306E-003 
      2.00000000 -0.680672923660936E+004  0.690666600138259E-003 
      2.02000000 -0.680672916712468E+004  0.760151278569081E-003 
      2.04000000 -0.680672909669701E+004  0.830578947893203E-003 
      2.06000000 -0.680672902639451E+004  0.900881448799383E-003 
      2.08000000 -0.680672895741533E+004  0.969860629126171E-003 
      2.10000000 -0.680672889106336E+004  0.103621260059381E-002 
      2.12000000 -0.680672882871342E+004  0.109856253921760E-002 
      2.14000000 -0.680672877176466E+004  0.115551130163603E-002 
      2.16000000 -0.680672872158086E+004  0.120569509633096E-002 
      2.18000000 -0.680672867941701E+004  0.124785894987792E-002 
      2.20000000 -0.680672864633104E+004  0.128094492104827E-002 
      2.22000000 -0.680672862308068E+004  0.130419528008658E-002 
      2.24000000 -0.680672861000519E+004  0.131727076685256E-002 
      2.26000000 -0.680672860689252E+004  0.132038343672194E-002 
      2.28000000 -0.680672861283277E+004  0.131444318782879E-002 
      2.30000000 -0.680672862605956E+004  0.130121639424518E-002 
      2.32000000 -0.680672864378146E+004  0.128349449970334E-002 
      2.34000000 -0.680672866200621E+004  0.126526974819824E-002 
      2.36000000 -0.680672867536143E+004  0.125191452324708E-002 
      2.38000000 -0.680672867691594E+004  0.125036001661599E-002 
      2.40000000 -0.680672865800661E+004  0.126926934407734E-002 
      2.42000000 -0.680672860807655E+004  0.131919941137674E-002 
      2.44000000 -0.680672851453054E+004  0.141274542059648E-002 
      2.46000000 -0.680672836261483E+004  0.156466112288077E-002 
      2.48000000 -0.680672813532819E+004  0.179194776803552E-002 
      2.50000000 -0.680672781337173E+004  0.211390423129222E-002 
      2.52000000 -0.680672737514521E+004  0.255213074261415E-002 
      2.54000000 -0.680672679679711E+004  0.313047884423251E-002 
      2.56000000 -0.680672605233573E+004  0.387494022607508E-002 
      2.58000000 -0.680672511380796E+004  0.481346799826151E-002 
      2.60000000 -0.680672395155139E+004  0.597572457236744E-002 
      2.62000000 -0.680672253452466E+004  0.739275130150330E-002 
      2.64000000 -0.680672083071920E+004  0.909655675933592E-002 
      2.66000000 -0.680671880765413E+004  0.111196218312962E-001 
      2.68000000 -0.680671643295392E+004  0.134943220402462E-001 
      2.70000000 -0.680671367500653E+004  0.162522694322010E-001 
      2.72000000 -0.680671050369679E+004  0.194235791690439E-001 
      2.74000000 -0.680670689120793E+004  0.230360680277597E-001 
      2.76000000 -0.680670281288040E+004  0.271143955571372E-001 
      2.78000000 -0.680669824811512E+004  0.316791608377852E-001 
      2.80000000 -0.680669318130483E+004  0.367459711292728E-001 
      2.82000000 -0.680668760277479E+004  0.423245011653893E-001 
      2.84000000 -0.680668150971068E+004  0.484175652761444E-001 
      2.86000000 -0.680667490704999E+004  0.550202259698860E-001 
      2.88000000 -0.680666780830971E+004  0.621189662469563E-001 
      2.90000000 -0.680666023632284E+004  0.696909531220329E-001 
      2.92000000 -0.680665222385364E+004  0.777034223133455E-001 
      2.94000000 -0.680664381406156E+004  0.861132143988042E-001 
      2.96000000 -0.680663506078341E+004  0.948664925519089E-001 
      2.98000000 -0.680662602860450E+004  0.103898671462193E+000 
      3.00000000 -0.680661679269037E+004  0.113134585590974E+000 
      3.02000000 -0.680660743835440E+004  0.122488921555097E+000 
      3.04000000 -0.680659806033798E+004  0.131866937977400E+000 
      3.06000000 -0.680658876178617E+004  0.141165489790712E+000 
      3.08000000 -0.680657965290598E+004  0.150274369981451E+000 
      3.10000000 -0.680657084930029E+004  0.159077975667634E+000 
      3.12000000 -0.680656246997752E+004  0.167457298439366E+000 
      3.14000000 -0.680655463504461E+004  0.175292231349295E+000 
      3.16000000 -0.680654746309928E+004  0.182464176676024E+000 
      3.18000000 -0.680654106834496E+004  0.188858930996475E+000 
      3.20000000 -0.680653555746165E+004  0.194369814304308E+000 
      3.22000000 -0.680653102627449E+004  0.198901001465237E+000 
      3.24000000 -0.680652755626982E+004  0.202371006140808E+000 
      3.26000000 -0.680652521101786E+004  0.204716258097963E+000 
      3.28000000 -0.680652403256807E+004  0.205894707892116E+000 
      3.30000000 -0.680652403789042E+004  0.205889385542555E+000 
      3.32000000 -0.680652521544243E+004  0.204711833530545E+000 
      3.34000000 -0.680652752194520E+004  0.202405330759054E+000 
      3.36000000 -0.680653087945700E+004  0.199047818956846E+000 
      3.38000000 -0.680653517283297E+004  0.194754442990329E+000 
      3.40000000 -0.680654024766089E+004  0.189679615068595E+000 
      3.42000000 -0.680654590876117E+004  0.184018514783770E+000 
      3.44000000 -0.680655191933530E+004  0.178007940656566E+000 
      3.46000000 -0.680655800084208E+004  0.171926433877787E+000 
      3.48000000 -0.680656383367334E+004  0.166093602620220E+000 
      3.50000000 -0.680656905869105E+004  0.160868584907842E+000 
      3.52000000 -0.680657327967684E+004  0.156647599115913E+000 
      3.54000000 -0.680657606673086E+004  0.153860545101210E+000 
      3.56000000 -0.680657696064183E+004  0.152966634132596E+000 
      3.58000000 -0.680657547823250E+004  0.154449043454874E+000 
      3.60000000 -0.680657111866566E+004  0.158808610294872E+000 
      3.62000000 -0.680656337067491E+004  0.166556601051397E+000 
      3.64000000 -0.680655172066226E+004  0.178206613696816E+000 
      3.66000000 -0.680653566158111E+004  0.194265694848764E+000 
      3.68000000 -0.680651470249823E+004  0.215224777725284E+000 
      3.70000000 -0.680648837870429E+004  0.241548571663803E+000 
      3.72000000 -0.680645626221660E+004  0.273665059361474E+000 
      3.74000000 -0.680641797249435E+004  0.311954781605397E+000 
      3.76000000 -0.680637318716253E+004  0.356740113425119E+000 
      3.78000000 -0.680632165252065E+004  0.408274755306692E+000 
      3.80000000 -0.680626319359413E+004  0.466733681832213E+000 
      3.82000000 -0.680619772347109E+004  0.532203804863560E+000 
      3.84000000 -0.680612525166172E+004  0.604675614237469E+000 
      3.86000000 -0.680604589120935E+004  0.684036066609610E+000 
      3.88000000 -0.680595986429268E+004  0.770062983277119E+000 
      3.90000000 -0.680586750606367E+004  0.862421212290923E+000 
      3.92000000 -0.680576926649445E+004  0.960660781505599E+000 
      3.94000000 -0.680566571002957E+004  0.106421724638939E+001 
      3.96000000 -0.680555751288553E+004  0.117241439042398E+001 
      3.98000000 -0.680544545788292E+004  0.128446939303976E+001 
      4.00000000 -0.680533042676068E+004  0.139950051528054E+001 
      4.02000000 -0.680521338998048E+004  0.151653729548174E+001 
      4.04000000 -0.680509539410698E+004  0.163453316898048E+001 
      4.06000000 -0.680497754692285E+004  0.175238035310789E+001 
      4.08000000 -0.680486100051025E+004  0.186892676570275E+001 
      4.10000000 -0.680474693261495E+004  0.198299466100544E+001 
      4.12000000 -0.680463652666849E+004  0.209340060746342E+001 
      4.14000000 -0.680453095091344E+004  0.219897636252212E+001 
      4.16000000 -0.680443133712025E+004  0.229859015571230E+001 
      4.18000000 -0.680433875941797E+004  0.239116785798511E+001 
      4.20000000 -0.680425421377868E+004  0.247571349728152E+001 
      4.22000000 -0.680417859867896E+004  0.255132859699300E+001 
      4.24000000 -0.680411269744113E+004  0.261722983482599E+001 
      4.26000000 -0.680405716269433E+004  0.267276458162537E+001 
      4.28000000 -0.680401250332832E+004  0.271742394763929E+001 
      4.30000000 -0.680397907420749E+004  0.275085306846787E+001 
      4.32000000 -0.680395706881031E+004  0.277285846564722E+001 
      4.34000000 -0.680394651483645E+004  0.278341243951077E+001 
      4.36000000 -0.680394727269472E+004  0.278265458123814E+001 
      4.38000000 -0.680395903667916E+004  0.277089059680117E+001 
      4.40000000 -0.680398133852076E+004  0.274858875520109E+001 
      4.42000000 -0.680401355292994E+004  0.271637434601333E+001 
      4.44000000 -0.680405490468497E+004  0.267502259098717E+001 
      4.46000000 -0.680410447680435E+004  0.262545047160831E+001 
      4.48000000 -0.680416121936011E+004  0.256870791585102E+001 
      4.50000000 -0.680422395854961E+004  0.250596872634918E+001 
      4.52000000 -0.680429140574314E+004  0.243852153282238E+001 
      4.54000000 -0.680436216635651E+004  0.236776091944775E+001 
      4.56000000 -0.680443474855501E+004  0.229517872094374E+001 
      4.58000000 -0.680450757196300E+004  0.222235531295483E+001 
      4.60000000 -0.680457897672468E+004  0.215095055128125E+001 
      4.62000000 -0.680464723340896E+004  0.208269386699705E+001 
      4.64000000 -0.680471055437324E+004  0.201937290271489E+001 
      4.66000000 -0.680476710726638E+004  0.196282000957632E+001 
      4.68000000 -0.680481503136815E+004  0.191489590780379E+001 
      4.70000000 -0.680485245739815E+004  0.187746987780526E+001 
      4.72000000 -0.680487753130396E+004  0.185239597200006E+001 
      4.74000000 -0.680488844233665E+004  0.184148493930517E+001 
      4.76000000 -0.680488345546340E+004  0.184647181255293E+001 
      4.78000000 -0.680486094786015E+004  0.186897941580475E+001 
      4.80000000 -0.680481944889081E+004  0.191047838515025E+001 
      4.82000000 -0.680475768263660E+004  0.197224463935846E+001 
      4.84000000 -0.680467461171105E+004  0.205531556491148E+001 
      4.86000000 -0.680456948081153E+004  0.216044646442829E+001 
      4.88000000 -0.680444185823220E+004  0.228806904375993E+001 
      4.90000000 -0.680429167342075E+004  0.243825385520818E+001 
      4.92000000 -0.680411924861216E+004  0.261067866379666E+001 
      4.94000000 -0.680392532262661E+004  0.280460464934413E+001 
      4.96000000 -0.680371106507621E+004  0.301886219974736E+001 
      4.98000000 -0.680347807948120E+004  0.325184779475829E+001 
      5.00000000 -0.680322839414617E+004  0.350153312979054E+001 
      5.02000000 -0.680296444006464E+004  0.376548721131264E+001 
      5.04000000 -0.680268901560574E+004  0.404091167021498E+001 
      5.06000000 -0.680240523824615E+004  0.432468902980531E+001 
      5.08000000 -0.680211648414863E+004  0.461344312733102E+001 
      5.10000000 -0.680182631691039E+004  0.490361036556986E+001 
      5.12000000 -0.680153840730444E+004  0.519151997151982E+001 
      5.14000000 -0.680125644628583E+004  0.547348099012318E+001 
      5.16000000 -0.680098405391837E+004  0.574587335758485E+001 
      5.18000000 -0.680072468717343E+004  0.600524010252660E+001 
      5.20000000 -0.680048154975550E+004  0.624837752045982E+001 
      5.22000000 -0.680025750718847E+004  0.647242008748405E+001 
      5.24000000 -0.680005501036058E+004  0.667491691537982E+001 
      5.26000000 -0.679987603055648E+004  0.685389671948163E+001 
      5.28000000 -0.679972200871692E+004  0.700791855903403E+001 
      5.30000000 -0.679959382123681E+004  0.713610603914271E+001 
      5.32000000 -0.679949176406898E+004  0.723816320698016E+001 
      5.34000000 -0.679941555627106E+004  0.731437100489688E+001 
      5.36000000 -0.679936436339175E+004  0.736556388420869E+001 
      5.38000000 -0.679933684030713E+004  0.739308696882749E+001 
      5.40000000 -0.679933119227380E+004  0.739873500215686E+001 
      5.42000000 -0.679934525211708E+004  0.738467515887490E+001 
      5.44000000 -0.679937657063511E+004  0.735335664084545E+001 
      5.46000000 -0.679942251650096E+004  0.730741077499436E+001 
      5.48000000 -0.679948038126045E+004  0.724954601551185E+001 
      5.50000000 -0.679954748445459E+004  0.718244282136981E+001 
      5.52000000 -0.679962127356558E+004  0.710865371037450E+001 
      5.54000000 -0.679969941339704E+004  0.703051387892151E+001 
      5.56000000 -0.679977985976601E+004  0.695006750995230E+001 
      5.58000000 -0.679986091301668E+004  0.686901425927335E+001 
      5.60000000 -0.679994124788904E+004  0.678867938692142E+001 
      5.62000000 -0.680001991767941E+004  0.671000959654385E+001 
      5.64000000 -0.680009633230837E+004  0.663359496758947E+001 
      5.66000000 -0.680017021176372E+004  0.655971551224152E+001 
      5.68000000 -0.680024151823238E+004  0.648840904357412E+001 
      5.70000000 -0.680031037190989E+004  0.641955536606618E+001 
      5.72000000 -0.680037695675962E+004  0.635297051634049E+001 
      5.74000000 -0.680044142331480E+004  0.628850396115989E+001 
      5.76000000 -0.680050379579065E+004  0.622613148530363E+001 
      5.78000000 -0.680056389039377E+004  0.616603688218553E+001 
      5.80000000 -0.680062125075397E+004  0.610867652199195E+001 
      5.82000000 -0.680067510504160E+004  0.605482223435724E+001 
      5.84000000 -0.680072434770459E+004  0.600557957136266E+001 
      5.86000000 -0.680076754704898E+004  0.596238022697429E+001 
      5.88000000 -0.680080297825576E+004  0.592694902019634E+001 
      5.90000000 -0.680082867998551E+004  0.590124729045048E+001 
      5.92000000 -0.680084253154915E+004  0.588739572681196E+001 
      5.94000000 -0.680084234673112E+004  0.588758054483602E+001 
      5.96000000 -0.680082597972373E+004  0.590394755222494E+001 
      5.98000000 -0.680079143822015E+004  0.593848905580851E+001 
      6.00000000 -0.680073699847382E+004  0.599292880213464E+001 
      6.02000000 -0.680066131702763E+004  0.606861024832571E+001 
      6.04000000 -0.680056353383608E+004  0.616639343987451E+001 
      6.06000000 -0.680044336165657E+004  0.628656561939151E+001 
      6.08000000 -0.680030115691211E+004  0.642877036384722E+001 
      6.10000000 -0.680013796775381E+004  0.659195952215031E+001 
      6.12000000 -0.679995555582559E+004  0.677437145037184E+001 
      6.14000000 -0.679975638925048E+004  0.697353802548064E+001 
      6.16000000 -0.679954360561842E+004  0.718632165753995E+001 
      6.18000000 -0.679932094519296E+004  0.740898208299539E+001 
      6.20000000 -0.679909265609832E+004  0.763727117763593E+001 
      6.22000000 -0.679886337478973E+004  0.786655248622882E+001 
      6.24000000 -0.679863798653125E+004  0.809194074470552E+001 
      6.26000000 -0.679842147179260E+004  0.830845548336193E+001 
      6.28000000 -0.679821874534791E+004  0.851118192804564E+001 
      6.30000000 -0.679803449530354E+004  0.869543197241502E+001 
      6.32000000 -0.679787302930656E+004  0.885689796939750E+001 
      6.34000000 -0.679773813475188E+004  0.899179252407731E+001 
      6.36000000 -0.679763295894829E+004  0.909696832766563E+001 
      6.38000000 -0.679755991402269E+004  0.917001325326943E+001 
      6.40000000 -0.679752060986494E+004  0.920931741102036E+001 
      6.42000000 -0.679751581684395E+004  0.921411043200585E+001 
      6.44000000 -0.679754545840094E+004  0.918446887501545E+001 
      6.46000000 -0.679760863215732E+004  0.912129511864042E+001 
      6.48000000 -0.679770365691849E+004  0.902627035746431E+001 
      6.50000000 -0.679782814203909E+004  0.890178523686698E+001 
      6.52000000 -0.679797907509538E+004  0.875085218057913E+001 
      6.54000000 -0.679815292364185E+004  0.857700363410809E+001 
      6.56000000 -0.679834574702957E+004  0.838418024639173E+001 
      6.58000000 -0.679855331466250E+004  0.817661261345854E+001 
      6.60000000 -0.679877122758260E+004  0.795869969335337E+001 
      6.62000000 -0.679899504072469E+004  0.773488655126430E+001 
      6.64000000 -0.679922038347445E+004  0.750954380150712E+001 
      6.66000000 -0.679944307619604E+004  0.728685107991385E+001 
      6.68000000 -0.679965924018268E+004  0.707068709327738E+001 
      6.70000000 -0.679986539808380E+004  0.686452919215356E+001 
      6.72000000 -0.680005856142433E+004  0.667136585163200E+001 
      6.74000000 -0.680023630151809E+004  0.649362575786471E+001 
      6.76000000 -0.680039680008649E+004  0.633312718946540E+001 
      6.78000000 -0.680053887635439E+004  0.619105092156435E+001 
      6.80000000 -0.680066198836817E+004  0.606793890778483E+001 
      6.82000000 -0.680076620773770E+004  0.596371953825894E+001 
      6.84000000 -0.680085216878502E+004  0.587775849093870E+001 
      6.86000000 -0.680092099498837E+004  0.580893228759107E+001 
      6.88000000 -0.680097420736319E+004  0.575571991276824E+001 
      6.90000000 -0.680101362078327E+004  0.571630649268449E+001 
      6.92000000 -0.680104123501143E+004  0.568869226452474E+001 
      6.94000000 -0.680105912729871E+004  0.567079997724718E+001 
      6.96000000 -0.680106935280782E+004  0.566057446814059E+001 
      6.98000000 -0.680107385796438E+004  0.565606931157363E+001 
      7.00000000 -0.680107441029879E+004  0.565551697716345E+001 
      7.02000000 -0.680107254666460E+004  0.565738061136077E+001 
      7.04000000 -0.680106954010845E+004  0.566038716750296E+001 
      7.06000000 -0.680106638431778E+004  0.566354295817577E+001 
      7.08000000 -0.680106379358181E+004  0.566613369414448E+001 
      7.10000000 -0.680106221562091E+004  0.566771165504769E+001 
      7.12000000 -0.680106185442624E+004  0.566807284971601E+001 
      7.14000000 -0.680106270033565E+004  0.566722694030551E+001 
      7.16000000 -0.680106456484693E+004  0.566536242903213E+001 
      7.18000000 -0.680106711803877E+004  0.566280923718665E+001 
      7.20000000 -0.680106992685022E+004  0.566000042573649E+001 
      7.22000000 -0.680107249280847E+004  0.565743446748964E+001 
      7.24000000 -0.680107428807135E+004  0.565563920460888E+001 
      7.26000000 -0.680107478886205E+004  0.565513841390866E+001 
      7.28000000 -0.680107350553959E+004  0.565642173636608E+001 
      7.30000000 -0.680107000868460E+004  0.565991859136219E+001 
      7.32000000 -0.680106395070991E+004  0.566597656604916E+001 
      7.34000000 -0.680105508263677E+004  0.567484463919138E+001 
      7.36000000 -0.680104326581417E+004  0.568666146178809E+001 
      7.38000000 -0.680102847850549E+004  0.570144877046890E+001 
      7.40000000 -0.680101081740435E+004  0.571910987160969E+001 
      7.42000000 -0.680099049428408E+004  0.573943299187913E+001 
      7.44000000 -0.680096782810843E+004  0.576209916753121E+001 
      7.46000000 -0.680094323305379E+004  0.578669422217193E+001 
      7.48000000 -0.680091720299944E+004  0.581272427652259E+001 
      7.50000000 -0.680089029314334E+004  0.583963413262188E+001 
      7.52000000 -0.680086309949138E+004  0.586682778458181E+001 
      7.54000000 -0.680083623704110E+004  0.589369023485839E+001 
      7.56000000 -0.680081031753742E+004  0.591960973854012E+001 
      7.58000000 -0.680078592769815E+004  0.594399957781138E+001 
      7.60000000 -0.680076360879608E+004  0.596631847987696E+001 
      7.62000000 -0.680074383842500E+004  0.598608885096111E+001 
      7.64000000 -0.680072701517624E+004  0.600291209972066E+001 
      7.66000000 -0.680071344680978E+004  0.601648046617284E+001 
      7.68000000 -0.680070334232904E+004  0.602658494691270E+001 
      7.70000000 -0.680069680817265E+004  0.603311910330632E+001 
      7.72000000 -0.680069384853066E+004  0.603607874530103E+001 
      7.74000000 -0.680069436959424E+004  0.603555768171463E+001 
      7.76000000 -0.680069818736194E+004  0.603173991401785E+001 
      7.78000000 -0.680070503847298E+004  0.602488880298122E+001 
      7.80000000 -0.680071459341288E+004  0.601533386307711E+001 
      7.82000000 -0.680072647136485E+004  0.600345591110380E+001 
      7.84000000 -0.680074025594266E+004  0.598967133330048E+001 
      7.86000000 -0.680075551105855E+004  0.597441621741127E+001 
      7.88000000 -0.680077179623586E+004  0.595813104009349E+001 
      7.90000000 -0.680078868077049E+004  0.594124650546724E+001 
      7.92000000 -0.680080575626735E+004  0.592417100860699E+001 
      7.94000000 -0.680082264721563E+004  0.590728006032728E+001 
      7.96000000 -0.680083901940760E+004  0.589090786835967E+001 
      7.98000000 -0.680085458613714E+004  0.587534113882200E+001 
      8.00000000 -0.680086911222703E+004  0.586081504893030E+001 
      8.02000000 -0.680088241601984E+004  0.584751125611617E+001 
      8.04000000 -0.680089436952423E+004  0.583555775172308E+001 
      8.06000000 -0.680090489693749E+004  0.582503033847206E+001 
      8.08000000 -0.680091397177041E+004  0.581595550554963E+001 
      8.10000000 -0.680092161279171E+004  0.580831448424914E+001 
      8.12000000 -0.680092787899274E+004  0.580204828321486E+001 
      8.14000000 -0.680093286376045E+004  0.579706351550309E+001 
      8.16000000 -0.680093668844103E+004  0.579323883493007E+001 
      8.18000000 -0.680093949548511E+004  0.579043179084702E+001 
      8.20000000 -0.680094144138258E+004  0.578848589337425E+001 
      8.22000000 -0.680094268961946E+004  0.578723765649684E+001 
      8.24000000 -0.680094340390997E+004  0.578652336598446E+001 
      8.26000000 -0.680094374196643E+004  0.578618530952763E+001 
      8.28000000 -0.680094385005824E+004  0.578607721771746E+001 
      8.30000000 -0.680094385857618E+004  0.578606869978245E+001 
      8.32000000 -0.680094387875810E+004  0.578604851785669E+001 
      8.34000000 -0.680094400065408E+004  0.578592662187714E+001 
      8.36000000 -0.680094429232126E+004  0.578563495469539E+001 
      8.38000000 -0.680094480015393E+004  0.578512712202553E+001 
      8.40000000 -0.680094555018305E+004  0.578437709290779E+001 
      8.42000000 -0.680094655013074E+004  0.578337714521960E+001 
      8.44000000 -0.680094779198310E+004  0.578213529285959E+001 
      8.46000000 -0.680094925484898E+004  0.578067242697908E+001 
      8.48000000 -0.680095090789829E+004  0.577901937766778E+001 
      8.50000000 -0.680095271321396E+004  0.577721406199500E+001 
      8.52000000 -0.680095462843816E+004  0.577529883779776E+001 
      8.54000000 -0.680095660913866E+004  0.577331813729986E+001 
      8.56000000 -0.680095861085905E+004  0.577131641691067E+001 
      8.58000000 -0.680096059084463E+004  0.576933643133052E+001 
      8.60000000 -0.680096250945318E+004  0.576741782277935E+001 
      8.62000000 -0.680096433126848E+004  0.576559600747552E+001 
      8.64000000 -0.680096602593655E+004  0.576390133941197E+001 
      8.66000000 -0.680096756874304E+004  0.576235853291698E+001 
      8.68000000 -0.680096894094809E+004  0.576098632786737E+001 
      8.70000000 -0.680097012989263E+004  0.575979738332748E+001 
      8.72000000 -0.680097112889078E+004  0.575879838517619E+001 
      8.74000000 -0.680097193692520E+004  0.575799035075696E+001 
      8.76000000 -0.680097255816692E+004  0.575736910903875E+001 
      8.78000000 -0.680097300134745E+004  0.575692592850525E+001 
      8.80000000 -0.680097327901694E+004  0.575664825902238E+001 
      8.82000000 -0.680097340672797E+004  0.575652054799251E+001 
      8.84000000 -0.680097340218745E+004  0.575652508850485E+001 
      8.86000000 -0.680097328441926E+004  0.575664285669845E+001 
      8.88000000 -0.680097307297685E+004  0.575685429910759E+001 
      8.90000000 -0.680097278723859E+004  0.575714003736912E+001 
      8.92000000 -0.680097244580938E+004  0.575748146658052E+001 
      8.94000000 -0.680097206604208E+004  0.575786123387996E+001 
      8.96000000 -0.680097166368196E+004  0.575826359399879E+001 
      8.98000000 -0.680097125262883E+004  0.575867464712276E+001 
      9.00000000 -0.680097084480494E+004  0.575908247101786E+001 
      9.02000000 -0.680097045011275E+004  0.575947716321050E+001 
      9.04000000 -0.680097007646563E+004  0.575985081033246E+001 
      9.06000000 -0.680096972987462E+004  0.576019740133603E+001 
      9.08000000 -0.680096941457671E+004  0.576051269924672E+001 
      9.10000000 -0.680096913319218E+004  0.576079408377832E+001 
      9.12000000 -0.680096888690137E+004  0.576104037458993E+001 
      9.14000000 -0.680096867563336E+004  0.576125164259329E+001 
      9.16000000 -0.680096849826115E+004  0.576142901481149E+001 
      9.18000000 -0.680096835279908E+004  0.576157447688048E+001 
      9.20000000 -0.680096823659935E+004  0.576169067660769E+001 
      9.22000000 -0.680096814654417E+004  0.576178073179214E+001 
      9.24000000 -0.680096807922980E+004  0.576184804615663E+001 
      9.26000000 -0.680096803113801E+004  0.576189613794664E+001 
      9.28000000 -0.680096799878970E+004  0.576192848625299E+001 
      9.30000000 -0.680096797887572E+004  0.576194840023560E+001 
      9.32000000 -0.680096796836069E+004  0.576195891526979E+001 
      9.34000000 -0.680096796455735E+004  0.576196271861151E+001 
      9.36000000 -0.680096796517137E+004  0.576196210458224E+001 
      9.38000000 -0.680096796831862E+004  0.576195895733547E+001 
      9.40000000 -0.680096797251875E+004  0.576195475720933E+001 
      9.42000000 -0.680096797667027E+004  0.576195060568251E+001 
      9.44000000 -0.680096798001243E+004  0.576194726352651E+001 
      9.46000000 -0.680096798207879E+004  0.576194519716989E+001 
      9.48000000 -0.680096798264708E+004  0.576194462887296E+001 
      9.50000000 -0.680096798168871E+004  0.576194558724357E+001 
      9.52000000 -0.680096797932029E+004  0.576194795566781E+001 
      9.54000000 -0.680096797575921E+004  0.576195151675002E+001 
      9.56000000 -0.680096797128415E+004  0.576195599181233E+001 
      9.58000000 -0.680096796620118E+004  0.576196107478096E+001 
      9.60000000 -0.680096796081573E+004  0.576196646022401E+001 
      9.62000000 -0.680096795541048E+004  0.576197186547832E+001 
      9.64000000 -0.680096795022894E+004  0.576197704702221E+001 
      9.66000000 -0.680096794546479E+004  0.576198181116686E+001 
      9.68000000 -0.680096794125653E+004  0.576198601943142E+001 
      9.70000000 -0.680096793768704E+004  0.576198958892120E+001 
      9.72000000 -0.680096793478756E+004  0.576199248840112E+001 
      9.74000000 -0.680096793254506E+004  0.576199473089747E+001 
      9.76000000 -0.680096793091200E+004  0.576199636396083E+001 
      9.78000000 -0.680096792981702E+004  0.576199745893990E+001 
      9.80000000 -0.680096792917552E+004  0.576199810043858E+001 
      9.82000000 -0.680096792889875E+004  0.576199837720307E+001 
      9.84000000 -0.680096792890083E+004  0.576199837512418E+001 
      9.86000000 -0.680096792910319E+004  0.576199817276562E+001 
      9.88000000 -0.680096792943671E+004  0.576199783925180E+001 
      9.90000000 -0.680096792984196E+004  0.576199743399330E+001 
      9.92000000 -0.680096793026850E+004  0.576199700745487E+001 
      9.94000000 -0.680096793067387E+004  0.576199660209041E+001 
      9.96000000 -0.680096793102320E+004  0.576199625275450E+001 
      9.98000000 -0.680096793128972E+004  0.576199598623748E+001 
     10.00000000 -0.680096793145592E+004  0.576199582004283E+001 
     10.02000000 -0.680096793151509E+004  0.576199576086426E+001 
     10.04000000 -0.680096793147233E+004  0.576199580362909E+001 
     10.06000000 -0.680096793134419E+004  0.576199593176424E+001 
     10.08000000 -0.680096793115669E+004  0.576199611926668E+001 
     10.10000000 -0.680096793094136E+004  0.576199633459815E+001 
     10.12000000 -0.680096793073009E+004  0.576199654587008E+001 
     10.14000000 -0.680096793054956E+004  0.576199672640114E+001 
     10.16000000 -0.680096793041641E+004  0.576199685954712E+001 
     10.18000000 -0.680096793033427E+004  0.576199694169085E+001 
     10.20000000 -0.680096793029316E+004  0.576199698280061E+001 
     10.22000000 -0.680096793027156E+004  0.576199700439841E+001 
     10.24000000 -0.680096793024053E+004  0.576199703542466E+001 
     10.26000000 -0.680096793016912E+004  0.576199710683833E+001 
     10.28000000 -0.680096793002983E+004  0.576199724612660E+001 
     10.30000000 -0.680096792980315E+004  0.576199747280376E+001 
     10.32000000 -0.680096792948025E+004  0.576199779571203E+001 
     10.34000000 -0.680096792906338E+004  0.576199821258227E+001 
     10.36000000 -0.680096792856412E+004  0.576199871183367E+001 
     10.38000000 -0.680096792799978E+004  0.576199927617933E+001 
     10.40000000 -0.680096792738875E+004  0.576199988720319E+001 
     10.42000000 -0.680096792674612E+004  0.576200052983798E+001 
     10.44000000 -0.680096792608036E+004  0.576200119560190E+001 
     10.46000000 -0.680096792539238E+004  0.576200188357383E+001 
     10.48000000 -0.680096792467737E+004  0.576200259859058E+001 
     10.50000000 -0.680096792392911E+004  0.576200334685244E+001 
     10.52000000 -0.680096792314594E+004  0.576200413002068E+001 
     10.54000000 -0.680096792233641E+004  0.576200493954773E+001 
     10.56000000 -0.680096792152259E+004  0.576200575336712E+001 
     10.58000000 -0.680096792073938E+004  0.576200653658175E+001 
     10.60000000 -0.680096792002910E+004  0.576200724686224E+001 
     10.62000000 -0.680096791943219E+004  0.576200784377088E+001 
     10.64000000 -0.680096791897607E+004  0.576200829988700E+001 
     10.66000000 -0.680096791866523E+004  0.576200861072413E+001 
     10.68000000 -0.680096791847539E+004  0.576200880056454E+001 
     10.70000000 -0.680096791835369E+004  0.576200892226506E+001 
     10.72000000 -0.680096791822532E+004  0.576200905063842E+001 
     10.74000000 -0.680096791800521E+004  0.576200927074792E+001 
     10.76000000 -0.680096791761237E+004  0.576200966359267E+001 
     10.78000000 -0.680096791698370E+004  0.576201029226229E+001 
     10.80000000 -0.680096791608474E+004  0.576201119121303E+001 
     10.82000000 -0.680096791491542E+004  0.576201236053461E+001 
     10.84000000 -0.680096791351012E+004  0.576201376583805E+001 
     10.86000000 -0.680096791193268E+004  0.576201534327272E+001 
     10.88000000 -0.680096791026749E+004  0.576201700846519E+001 
     10.90000000 -0.680096790860837E+004  0.576201866759271E+001 
     10.92000000 -0.680096790704701E+004  0.576202022894929E+001 
     10.94000000 -0.680096790566247E+004  0.576202161348633E+001 
     10.96000000 -0.680096790451264E+004  0.576202276332147E+001 
     10.98000000 -0.680096790362832E+004  0.576202364764114E+001 
     11.00000000 -0.680096790301018E+004  0.576202426577327E+001 
     11.02000000 -0.680096790262843E+004  0.576202464752677E+001 
     11.04000000 -0.680096790242511E+004  0.576202485085053E+001 
     11.06000000 -0.680096790231900E+004  0.576202495695478E+001 
     11.08000000 -0.680096790221297E+004  0.576202506298711E+001 
     11.10000000 -0.680096790200344E+004  0.576202527252045E+001 
     11.12000000 -0.680096790159150E+004  0.576202568446107E+001 
     11.14000000 -0.680096790089452E+004  0.576202638143531E+001 
     11.16000000 -0.680096789985674E+004  0.576202741921802E+001 
     11.18000000 -0.680096789845704E+004  0.576202881892209E+001 
     11.20000000 -0.680096789671256E+004  0.576203056339674E+001 
     11.22000000 -0.680096789467723E+004  0.576203259873252E+001 
     11.24000000 -0.680096789243538E+004  0.576203484057613E+001 
     11.26000000 -0.680096789009169E+004  0.576203718426877E+001 
     11.28000000 -0.680096788775892E+004  0.576203951703490E+001 
     11.30000000 -0.680096788554559E+004  0.576204173036965E+001 
     11.32000000 -0.680096788354487E+004  0.576204373108832E+001 
     11.34000000 -0.680096788182591E+004  0.576204545004715E+001 
     11.36000000 -0.680096788042788E+004  0.576204684807295E+001 
     11.38000000 -0.680096787935693E+004  0.576204791902886E+001 
     11.40000000 -0.680096787858584E+004  0.576204869011900E+001 
     11.42000000 -0.680096787805646E+004  0.576204921949719E+001 
     11.44000000 -0.680096787768464E+004  0.576204959131258E+001 
     11.46000000 -0.680096787736757E+004  0.576204990838946E+001 
     11.48000000 -0.680096787699294E+004  0.576205028302232E+001 
     11.50000000 -0.680096787644930E+004  0.576205082665572E+001 
     11.52000000 -0.680096787563647E+004  0.576205163949212E+001 
     11.54000000 -0.680096787447471E+004  0.576205280125222E+001 
     11.56000000 -0.680096787291176E+004  0.576205436419658E+001 
     11.58000000 -0.680096787092672E+004  0.576205634923391E+001 
     11.60000000 -0.680096786853055E+004  0.576205874540908E+001 
     11.62000000 -0.680096786576345E+004  0.576206151251178E+001 
     11.64000000 -0.680096786269004E+004  0.576206458591256E+001 
     11.66000000 -0.680096785939345E+004  0.576206788251101E+001 
     11.68000000 -0.680096785596931E+004  0.576207130664678E+001 
     11.70000000 -0.680096785252061E+004  0.576207475534710E+001 
     11.72000000 -0.680096784915305E+004  0.576207812291219E+001 
     11.74000000 -0.680096784597040E+004  0.576208130556185E+001 
     11.76000000 -0.680096784306889E+004  0.576208420706884E+001 
     11.78000000 -0.680096784053004E+004  0.576208674591588E+001 
     11.80000000 -0.680096783841222E+004  0.576208886373801E+001 
     11.82000000 -0.680096783674213E+004  0.576209053382838E+001 
     11.84000000 -0.680096783550816E+004  0.576209176779411E+001 
     11.86000000 -0.680096783465731E+004  0.576209261865134E+001 
     11.88000000 -0.680096783409671E+004  0.576209317924913E+001 
     11.90000000 -0.680096783369985E+004  0.576209357610392E+001 
     11.92000000 -0.680096783331619E+004  0.576209395976307E+001 
     11.94000000 -0.680096783278289E+004  0.576209449306624E+001 
     11.96000000 -0.680096783193724E+004  0.576209533871698E+001 
     11.98000000 -0.680096783062909E+004  0.576209664687130E+001 
     12.00000000 -0.680096782873291E+004  0.576209854304333E+001 
     12.02000000 -0.680096782615941E+004  0.576210111654848E+001 
     12.04000000 -0.680096782286597E+004  0.576210440998452E+001 
     12.06000000 -0.680096781886501E+004  0.576210841095008E+001 
     12.08000000 -0.680096781422839E+004  0.576211304756437E+001 
     12.10000000 -0.680096780908653E+004  0.576211818943082E+001 
     12.12000000 -0.680096780362098E+004  0.576212365497816E+001 
     12.14000000 -0.680096779805067E+004  0.576212922528250E+001 
     12.16000000 -0.680096779261277E+004  0.576213466318642E+001 
     12.18000000 -0.680096778754029E+004  0.576213973566859E+001 
     12.20000000 -0.680096778303915E+004  0.576214423680357E+001 
     12.22000000 -0.680096777926737E+004  0.576214800858849E+001 
     12.24000000 -0.680096777631867E+004  0.576215095728335E+001 
     12.26000000 -0.680096777421241E+004  0.576215306355020E+001 
     12.28000000 -0.680096777289042E+004  0.576215438554054E+001 
     12.30000000 -0.680096777222100E+004  0.576215505496184E+001 
     12.32000000 -0.680096777200920E+004  0.576215526675813E+001 
     12.34000000 -0.680096777201233E+004  0.576215526362588E+001 
     12.36000000 -0.680096777195919E+004  0.576215531676424E+001 
     12.38000000 -0.680096777157165E+004  0.576215570430737E+001 
     12.40000000 -0.680096777058719E+004  0.576215668877230E+001 
     12.42000000 -0.680096776878114E+004  0.576215849481684E+001 
     12.44000000 -0.680096776598745E+004  0.576216128851115E+001 
     12.46000000 -0.680096776211639E+004  0.576216515956584E+001 
     12.48000000 -0.680096775716776E+004  0.576217010819901E+001 
     12.50000000 -0.680096775123741E+004  0.576217603854305E+001 
     12.52000000 -0.680096774451530E+004  0.576218276065855E+001 
     12.54000000 -0.680096773727335E+004  0.576219000260547E+001 
     12.56000000 -0.680096772984292E+004  0.576219743303704E+001 
     12.58000000 -0.680096772258289E+004  0.576220469306668E+001 
     12.60000000 -0.680096771584171E+004  0.576221143425099E+001 
     12.62000000 -0.680096770991805E+004  0.576221735790285E+001 
     12.64000000 -0.680096770502596E+004  0.576222225000168E+001 
     12.66000000 -0.680096770126961E+004  0.576222600634734E+001 
     12.68000000 -0.680096769863202E+004  0.576222864393514E+001 
     12.70000000 -0.680096769697914E+004  0.576223029681441E+001 
     12.72000000 -0.680096769607855E+004  0.576223119741170E+001 
     12.74000000 -0.680096769562955E+004  0.576223164641028E+001 
     12.76000000 -0.680096769529990E+004  0.576223197605636E+001 
     12.78000000 -0.680096769476379E+004  0.576223251216617E+001 
     12.80000000 -0.680096769373611E+004  0.576223353985068E+001 
     12.82000000 -0.680096769199922E+004  0.576223527673833E+001 
     12.84000000 -0.680096768941985E+004  0.576223785610425E+001 
     12.86000000 -0.680096768595532E+004  0.576224132063440E+001 
     12.88000000 -0.680096768164957E+004  0.576224562638374E+001 
     12.90000000 -0.680096767662057E+004  0.576225065538338E+001 
     12.92000000 -0.680096767104129E+004  0.576225623467224E+001 
     12.94000000 -0.680096766511669E+004  0.576226215926454E+001 
     12.96000000 -0.680096765905981E+004  0.576226821614513E+001 
     12.98000000 -0.680096765306947E+004  0.576227420648908E+001 
     13.00000000 -0.680096764731251E+004  0.576227996344899E+001 
     13.02000000 -0.680096764191254E+004  0.576228536341638E+001 
     13.04000000 -0.680096763694624E+004  0.576229032971232E+001 
     13.06000000 -0.680096763244693E+004  0.576229482902441E+001 
     13.08000000 -0.680096762841362E+004  0.576229886233718E+001 
     13.10000000 -0.680096762482267E+004  0.576230245328941E+001 
     13.12000000 -0.680096762163871E+004  0.576230563724920E+001 
     13.14000000 -0.680096761882213E+004  0.576230845382360E+001 
     13.16000000 -0.680096761633170E+004  0.576231094426236E+001 
     13.18000000 -0.680096761412255E+004  0.576231315340299E+001 
     13.20000000 -0.680096761214167E+004  0.576231513429184E+001 
     13.22000000 -0.680096761032323E+004  0.576231695273312E+001 
     13.24000000 -0.680096760858687E+004  0.576231868908867E+001 
     13.26000000 -0.680096760684025E+004  0.576232043570716E+001 
     13.28000000 -0.680096760498611E+004  0.576232228984986E+001 
     13.30000000 -0.680096760293228E+004  0.576232434367827E+001 
     13.32000000 -0.680096760060223E+004  0.576232667372902E+001 
     13.34000000 -0.680096759794342E+004  0.576232933253567E+001 
     13.36000000 -0.680096759493185E+004  0.576233234411056E+001 
     13.38000000 -0.680096759157212E+004  0.576233570383498E+001 
     13.40000000 -0.680096758789417E+004  0.576233938178631E+001 
     13.42000000 -0.680096758394815E+004  0.576234332780841E+001 
     13.44000000 -0.680096757979946E+004  0.576234747649765E+001 
     13.46000000 -0.680096757552517E+004  0.576235175078609E+001 
     13.48000000 -0.680096757121207E+004  0.576235606388422E+001 
     13.50000000 -0.680096756695572E+004  0.576236032023843E+001 
     13.52000000 -0.680096756285910E+004  0.576236441685273E+001 
     13.54000000 -0.680096755902950E+004  0.576236824645272E+001 
     13.56000000 -0.680096755557240E+004  0.576237170356293E+001 
     13.58000000 -0.680096755258221E+004  0.576237469375038E+001 
     13.60000000 -0.680096755013070E+004  0.576237714525725E+001 
     13.62000000 -0.680096754825466E+004  0.576237902129473E+001 
     13.64000000 -0.680096754694526E+004  0.576238033069422E+001 
     13.66000000 -0.680096754614158E+004  0.576238113437286E+001 
     13.68000000 -0.680096754573025E+004  0.576238154570560E+001 
     13.70000000 -0.680096754555227E+004  0.576238172368446E+001 
     13.72000000 -0.680096754541676E+004  0.576238185919702E+001 
     13.74000000 -0.680096754512004E+004  0.576238215591894E+001 
     13.76000000 -0.680096754446760E+004  0.576238280835728E+001 
     13.78000000 -0.680096754329582E+004  0.576238398013825E+001 
     13.80000000 -0.680096754149037E+004  0.576238578558496E+001 
     13.82000000 -0.680096753899885E+004  0.576238827710570E+001 
     13.84000000 -0.680096753583597E+004  0.576239143998740E+001 
     13.86000000 -0.680096753208091E+004  0.576239519504613E+001 
     13.88000000 -0.680096752786751E+004  0.576239940844448E+001 
     13.90000000 -0.680096752336898E+004  0.576240390697467E+001 
     13.92000000 -0.680096751877939E+004  0.576240849657046E+001 
     13.94000000 -0.680096751429426E+004  0.576241298169696E+001 
     13.96000000 -0.680096751009238E+004  0.576241718358179E+001 
     13.98000000 -0.680096750632008E+004  0.576242095587483E+001 
     14.00000000 -0.680096750307909E+004  0.576242419686625E+001 
     14.02000000 -0.680096750041835E+004  0.576242685760715E+001 
     14.04000000 -0.680096749833069E+004  0.576242894526691E+001 
     14.06000000 -0.680096749675509E+004  0.576243052087251E+001 
     14.08000000 -0.680096749558520E+004  0.576243169076021E+001 
     14.10000000 -0.680096749468417E+004  0.576243259178519E+001 
     14.12000000 -0.680096749390420E+004  0.576243337175622E+001 
     14.14000000 -0.680096749310778E+004  0.576243416817424E+001 
     14.16000000 -0.680096749218648E+004  0.576243508947607E+001 
     14.18000000 -0.680096749107290E+004  0.576243620305449E+001 
     14.20000000 -0.680096748974317E+004  0.576243753279115E+001 
     14.22000000 -0.680096748820968E+004  0.576243906628157E+001 
     14.24000000 -0.680096748650688E+004  0.576244076907569E+001 
     14.26000000 -0.680096748467478E+004  0.576244260117975E+001 
     14.28000000 -0.680096748274516E+004  0.576244453079798E+001 
     14.30000000 -0.680096748073446E+004  0.576244654150039E+001 
     14.32000000 -0.680096747864429E+004  0.576244863166362E+001 
     14.34000000 -0.680096747646825E+004  0.576245080770995E+001 
     14.36000000 -0.680096747420151E+004  0.576245307444602E+001 
     14.38000000 -0.680096747184982E+004  0.576245542613710E+001 
     14.40000000 -0.680096746943489E+004  0.576245784107249E+001 
     14.42000000 -0.680096746699546E+004  0.576246028049663E+001 
     14.44000000 -0.680096746458469E+004  0.576246269127270E+001 
     14.46000000 -0.680096746226522E+004  0.576246501074032E+001 
     14.48000000 -0.680096746010368E+004  0.576246717228087E+001 
     14.50000000 -0.680096745816511E+004  0.576246911084649E+001 
     14.52000000 -0.680096745650739E+004  0.576247076857107E+001 
     14.54000000 -0.680096745517501E+004  0.576247210095042E+001 
     14.56000000 -0.680096745419201E+004  0.576247308394280E+001 
     14.58000000 -0.680096745355441E+004  0.576247372154589E+001 
     14.60000000 -0.680096745322343E+004  0.576247405252994E+001 
     14.62000000 -0.680096745312158E+004  0.576247415437589E+001 
     14.64000000 -0.680096745313353E+004  0.576247414242695E+001 
     14.66000000 -0.680096745311299E+004  0.576247416296984E+001 
     14.68000000 -0.680096745289600E+004  0.576247437995793E+001 
     14.70000000 -0.680096745231930E+004  0.576247495665314E+001 
     14.72000000 -0.680096745124150E+004  0.576247603445513E+001 
     14.74000000 -0.680096744956374E+004  0.576247771221680E+001 
     14.76000000 -0.680096744724656E+004  0.576248002939673E+001 
     14.78000000 -0.680096744431983E+004  0.576248295612951E+001 
     14.80000000 -0.680096744088371E+004  0.576248639224748E+001 
     14.82000000 -0.680096743709996E+004  0.576249017599294E+001 
     14.84000000 -0.680096743317436E+004  0.576249410159820E+001 
     14.86000000 -0.680096742933244E+004  0.576249794352146E+001 
     14.88000000 -0.680096742579191E+004  0.576250148404840E+001 
     14.90000000 -0.680096742273563E+004  0.576250454032315E+001 
     14.92000000 -0.680096742028892E+004  0.576250698704116E+001 
     14.94000000 -0.680096741850455E+004  0.576250877140516E+001 
     14.96000000 -0.680096741735763E+004  0.576250991833001E+001 
     14.98000000 -0.680096741675081E+004  0.576251052514893E+001 
     15.00000000 -0.680096741652922E+004  0.576251074674103E+001 
     15.02000000 -0.680096741650259E+004  0.576251077336976E+001 
     15.04000000 -0.680096741647136E+004  0.576251080459477E+001 
     15.06000000 -0.680096741625295E+004  0.576251102301054E+001 
     15.08000000 -0.680096741570440E+004  0.576251157155885E+001 
     15.10000000 -0.680096741473852E+004  0.576251253743834E+001 
     15.12000000 -0.680096741333141E+004  0.576251394454689E+001 
     15.14000000 -0.680096741152083E+004  0.576251575513126E+001 
     15.16000000 -0.680096740939617E+004  0.576251787979097E+001 
     15.18000000 -0.680096740708212E+004  0.576252019384019E+001 
     15.20000000 -0.680096740471889E+004  0.576252255706645E+001 
     15.22000000 -0.680096740244240E+004  0.576252483355501E+001 
     15.24000000 -0.680096740036745E+004  0.576252690851023E+001 
     15.26000000 -0.680096739857622E+004  0.576252869973345E+001 
     15.28000000 -0.680096739711327E+004  0.576253016268724E+001 
     15.30000000 -0.680096739598667E+004  0.576253128929194E+001 
     15.32000000 -0.680096739517407E+004  0.576253210188782E+001 
     15.34000000 -0.680096739463157E+004  0.576253264439283E+001 
     15.36000000 -0.680096739430303E+004  0.576253297292754E+001 
     15.38000000 -0.680096739412824E+004  0.576253314771306E+001 
     15.40000000 -0.680096739404859E+004  0.576253322736337E+001 
     15.42000000 -0.680096739401023E+004  0.576253326572913E+001 
     15.44000000 -0.680096739396521E+004  0.576253331075226E+001 
     15.46000000 -0.680096739387143E+004  0.576253340452243E+001 
     15.48000000 -0.680096739369250E+004  0.576253358345411E+001 
     15.50000000 -0.680096739339797E+004  0.576253387799196E+001 
     15.52000000 -0.680096739296446E+004  0.576253431149713E+001 
     15.54000000 -0.680096739237746E+004  0.576253489849628E+001 
     15.56000000 -0.680096739163325E+004  0.576253564270942E+001 
     15.58000000 -0.680096739074050E+004  0.576253653545909E+001 
     15.60000000 -0.680096738972095E+004  0.576253755500440E+001 
     15.62000000 -0.680096738860881E+004  0.576253866714663E+001 
     15.64000000 -0.680096738744868E+004  0.576253982728106E+001 
     15.66000000 -0.680096738629216E+004  0.576254098379523E+001 
     15.68000000 -0.680096738519331E+004  0.576254208264359E+001 
     15.70000000 -0.680096738420322E+004  0.576254307273418E+001 
     15.72000000 -0.680096738336427E+004  0.576254391168424E+001 
     15.74000000 -0.680096738270469E+004  0.576254457126565E+001 
     15.76000000 -0.680096738223416E+004  0.576254504180170E+001 
     15.78000000 -0.680096738194143E+004  0.576254533452285E+001 
     15.80000000 -0.680096738179479E+004  0.576254548117074E+001 
     15.82000000 -0.680096738174557E+004  0.576254553038722E+001 
     15.84000000 -0.680096738173478E+004  0.576254554118225E+001 
     15.86000000 -0.680096738170156E+004  0.576254557439721E+001 
     15.88000000 -0.680096738159222E+004  0.576254568373966E+001 
     15.90000000 -0.680096738136785E+004  0.576254590810825E+001 
     15.92000000 -0.680096738100916E+004  0.576254626679682E+001 
     15.94000000 -0.680096738051754E+004  0.576254675841559E+001 
     15.96000000 -0.680096737991244E+004  0.576254736352067E+001 
     15.98000000 -0.680096737922581E+004  0.576254805014303E+001 
     16.00000000 -0.680096737849527E+004  0.576254878068257E+001 
     16.02000000 -0.680096737775733E+004  0.576254951862426E+001 
     16.04000000 -0.680096737704236E+004  0.576255023360156E+001 
     16.06000000 -0.680096737637189E+004  0.576255090407159E+001 
     16.08000000 -0.680096737575847E+004  0.576255151748523E+001 
     16.10000000 -0.680096737520734E+004  0.576255206861977E+001 
     16.12000000 -0.680096737471887E+004  0.576255255709083E+001 
     16.14000000 -0.680096737429084E+004  0.576255298511496E+001 
     16.16000000 -0.680096737391965E+004  0.576255335630390E+001 
     16.18000000 -0.680096737360029E+004  0.576255367567235E+001 
     16.20000000 -0.680096737332550E+004  0.576255395046081E+001 
     16.22000000 -0.680096737308488E+004  0.576255419107376E+001 
     16.24000000 -0.680096737286465E+004  0.576255441130933E+001 
     16.26000000 -0.680096737264852E+004  0.576255462743430E+001 
     16.28000000 -0.680096737241983E+004  0.576255485612538E+001 
     16.30000000 -0.680096737216413E+004  0.576255511182493E+001 
     16.32000000 -0.680096737187168E+004  0.576255540427927E+001 
     16.34000000 -0.680096737153893E+004  0.576255573702975E+001 
     16.36000000 -0.680096737116878E+004  0.576255610717461E+001 
     16.38000000 -0.680096737076958E+004  0.576255650637975E+001 
     16.40000000 -0.680096737035326E+004  0.576255692269314E+001 
     16.42000000 -0.680096736993336E+004  0.576255734260204E+001 
     16.44000000 -0.680096736952311E+004  0.576255775285125E+001 
     16.46000000 -0.680096736913411E+004  0.576255814184837E+001 
     16.48000000 -0.680096736877541E+004  0.576255850054699E+001 
     16.50000000 -0.680096736845299E+004  0.576255882296880E+001 
     16.52000000 -0.680096736816952E+004  0.576255910643242E+001 
     16.54000000 -0.680096736792445E+004  0.576255935150631E+001 
     16.56000000 -0.680096736771426E+004  0.576255956169626E+001 
     16.58000000 -0.680096736753317E+004  0.576255974279190E+001 
     16.60000000 -0.680096736737400E+004  0.576255990195795E+001 
     16.62000000 -0.680096736722932E+004  0.576256004663755E+001 
     16.64000000 -0.680096736709239E+004  0.576256018357239E+001 
     16.66000000 -0.680096736695780E+004  0.576256031815610E+001 
     16.68000000 -0.680096736682156E+004  0.576256045439566E+001 
     16.70000000 -0.680096736668044E+004  0.576256059551765E+001 
     16.72000000 -0.680096736653093E+004  0.576256074502555E+001 
     16.74000000 -0.680096736636816E+004  0.576256090779330E+001 
     16.76000000 -0.680096736618540E+004  0.576256109056024E+001 
     16.78000000 -0.680096736597465E+004  0.576256130130548E+001 
     16.80000000 -0.680096736572866E+004  0.576256154729275E+001 
     16.82000000 -0.680096736544383E+004  0.576256183212992E+001 
     16.84000000 -0.680096736512328E+004  0.576256215267470E+001 
     16.86000000 -0.680096736477895E+004  0.576256249701295E+001 
     16.88000000 -0.680096736443143E+004  0.576256284452829E+001 
     16.90000000 -0.680096736410733E+004  0.576256316862372E+001 
     16.92000000 -0.680096736383419E+004  0.576256344176331E+001 
     16.94000000 -0.680096736363421E+004  0.576256364174446E+001 
     16.96000000 -0.680096736351839E+004  0.576256375757260E+001 
     16.98000000 -0.680096736348261E+004  0.576256379334826E+001 
     17.00000000 -0.680096736350694E+004  0.576256376902038E+001 
     17.02000000 -0.680096736355830E+004  0.576256371765463E+001 
     17.04000000 -0.680096736359613E+004  0.576256367982406E+001 
     17.06000000 -0.680096736357970E+004  0.576256369626255E+001 
     17.08000000 -0.680096736347547E+004  0.576256380048514E+001 
     17.10000000 -0.680096736326314E+004  0.576256401281739E+001 
     17.12000000 -0.680096736293888E+004  0.576256433707601E+001 
     17.14000000 -0.680096736251561E+004  0.576256476034917E+001 
     17.16000000 -0.680096736202015E+004  0.576256525580862E+001 
     17.18000000 -0.680096736148818E+004  0.576256578777614E+001 
     17.20000000 -0.680096736095802E+004  0.576256631793546E+001 
     17.22000000 -0.680096736046453E+004  0.576256681142971E+001 
     17.24000000 -0.680096736003427E+004  0.576256724168895E+001 
     17.26000000 -0.680096735968272E+004  0.576256759323600E+001 
     17.28000000 -0.680096735941378E+004  0.576256786218224E+001 
     17.30000000 -0.680096735922127E+004  0.576256805468931E+001 
     17.32000000 -0.680096735909194E+004  0.576256818402091E+001 
     17.34000000 -0.680096735900888E+004  0.576256826707415E+001 
     17.36000000 -0.680096735895477E+004  0.576256832118699E+001 
     17.38000000 -0.680096735891417E+004  0.576256836178244E+001 
     17.40000000 -0.680096735887482E+004  0.576256840113737E+001 
     17.42000000 -0.680096735882780E+004  0.576256844816205E+001 
     17.44000000 -0.680096735876710E+004  0.576256850885416E+001 
     17.46000000 -0.680096735868883E+004  0.576256858712782E+001 
     17.48000000 -0.680096735859035E+004  0.576256868560796E+001 
     17.50000000 -0.680096735846968E+004  0.576256880627677E+001 
     17.52000000 -0.680096735832505E+004  0.576256895090533E+001 
     17.54000000 -0.680096735815462E+004  0.576256912133741E+001 
     17.56000000 -0.680096735795631E+004  0.576256931964957E+001 
     17.58000000 -0.680096735772781E+004  0.576256954814808E+001 
     17.60000000 -0.680096735746690E+004  0.576256980906263E+001 
     17.62000000 -0.680096735717211E+004  0.576257010384565E+001 
     17.64000000 -0.680096735684384E+004  0.576257043212127E+001 
     17.66000000 -0.680096735648540E+004  0.576257079055694E+001 
     17.68000000 -0.680096735610385E+004  0.576257117210473E+001 
     17.70000000 -0.680096735570985E+004  0.576257156610570E+001 
     17.72000000 -0.680096735531633E+004  0.576257195963181E+001 
     17.74000000 -0.680096735493597E+004  0.576257233998392E+001 
     17.76000000 -0.680096735457803E+004  0.576257269793236E+001 
     17.78000000 -0.680096735424514E+004  0.576257303081664E+001 
     17.80000000 -0.680096735393140E+004  0.576257334455400E+001 
     17.82000000 -0.680096735362232E+004  0.576257365363553E+001 
     17.84000000 -0.680096735329730E+004  0.576257397865439E+001 
     17.86000000 -0.680096735293445E+004  0.576257434150460E+001 
     17.88000000 -0.680096735251683E+004  0.576257475912503E+001 
     17.90000000 -0.680096735203864E+004  0.576257523731458E+001 
     17.92000000 -0.680096735150948E+004  0.576257576647777E+001 
     17.94000000 -0.680096735095494E+004  0.576257632101602E+001 
     17.96000000 -0.680096735041272E+004  0.576257686323875E+001 
     17.98000000 -0.680096734992453E+004  0.576257735142442E+001 
     18.00000000 -0.680096734952578E+004  0.576257775017713E+001 
