# Real time calculation: 
# Eall: Total energy
# Eall0: Initial total energy
# 1:Time[fs] 2:Eall[eV] 3:Eall-Eall0[eV] 
      0.00000000 -0.850763852755376E+003  0.000000000000000E+000 
      0.02000000 -0.850763852755433E+003 -0.565544420334518E-010 
      0.04000000 -0.850763852754981E+003  0.394527654595755E-009 
      0.06000000 -0.850763852749567E+003  0.580905960230442E-008 
      0.08000000 -0.850763852722255E+003  0.331214715053656E-007 
      0.10000000 -0.850763852630661E+003  0.124714725640507E-006 
      0.12000000 -0.850763852390885E+003  0.364491252071880E-006 
      0.14000000 -0.850763851860045E+003  0.895331063221135E-006 
      0.16000000 -0.850763850819339E+003  0.193603672146603E-005 
      0.18000000 -0.850763848959429E+003  0.379594681361333E-005 
      0.20000000 -0.850763845869696E+003  0.688567984477131E-005 
      0.22000000 -0.850763841032407E+003  0.117229689166309E-004 
      0.24000000 -0.850763833822724E+003  0.189326525434109E-004 
      0.26000000 -0.850763823515490E+003  0.292398857986321E-004 
      0.28000000 -0.850763809299182E+003  0.434561937963627E-004 
      0.30000000 -0.850763790296996E+003  0.624583801712651E-004 
      0.32000000 -0.850763765595061E+003  0.871603148226819E-004 
      0.34000000 -0.850763734277280E+003  0.118478095991646E-003 
      0.36000000 -0.850763695465462E+003  0.157289914201752E-003 
      0.38000000 -0.850763648362734E+003  0.204392641649498E-003 
      0.40000000 -0.850763592298531E+003  0.260456844837444E-003 
      0.42000000 -0.850763526773406E+003  0.325981969674261E-003 
      0.44000000 -0.850763451501808E+003  0.401253567948434E-003 
      0.46000000 -0.850763366450965E+003  0.486304410880626E-003 
      0.48000000 -0.850763271873387E+003  0.580881988977635E-003 
      0.50000000 -0.850763168330399E+003  0.684424976683829E-003 
      0.52000000 -0.850763056705208E+003  0.796050168401708E-003 
      0.54000000 -0.850762938204989E+003  0.914550386847615E-003 
      0.56000000 -0.850762814350720E+003  0.103840465647081E-002 
      0.58000000 -0.850762686953473E+003  0.116580190353496E-002 
      0.60000000 -0.850762558077412E+003  0.129467796428160E-002 
      0.62000000 -0.850762429989550E+003  0.142276582605966E-002 
      0.64000000 -0.850762305096390E+003  0.154765898647521E-002 
      0.66000000 -0.850762185868164E+003  0.166688721227200E-002 
      0.68000000 -0.850762074752486E+003  0.177800288994042E-002 
      0.70000000 -0.850761974079866E+003  0.187867551001537E-002 
      0.72000000 -0.850761885963064E+003  0.196679231174806E-002 
      0.74000000 -0.850761812192236E+003  0.204056314016520E-002 
      0.76000000 -0.850761754128352E+003  0.209862702402682E-002 
      0.78000000 -0.850761712598363E+003  0.214015701316397E-002 
      0.80000000 -0.850761687796110E+003  0.216495926630817E-002 
      0.82000000 -0.850761679192500E+003  0.217356287559331E-002 
      0.84000000 -0.850761685457511E+003  0.216729786508862E-002 
      0.86000000 -0.850761704396438E+003  0.214835893838575E-002 
      0.88000000 -0.850761732903165E+003  0.211985221122594E-002 
      0.90000000 -0.850761766933167E+003  0.208582220856056E-002 
      0.92000000 -0.850761801498336E+003  0.205125704010424E-002 
      0.94000000 -0.850761830684804E+003  0.202207057157124E-002 
      0.96000000 -0.850761847694257E+003  0.200506111895437E-002 
      0.98000000 -0.850761844909058E+003  0.200784631791609E-002 
      1.00000000 -0.850761813981256E+003  0.203877411995438E-002 
      1.02000000 -0.850761745944790E+003  0.210681058626295E-002 
      1.04000000 -0.850761631349817E+003  0.222140555884709E-002 
      1.06000000 -0.850761460417858E+003  0.239233751767141E-002 
      1.08000000 -0.850761223216006E+003  0.262953936958324E-002 
      1.10000000 -0.850760909848329E+003  0.294290704700577E-002 
      1.12000000 -0.850760510661648E+003  0.334209372759182E-002 
      1.14000000 -0.850760016462207E+003  0.383629316893603E-002 
      1.16000000 -0.850759418739623E+003  0.443401575298439E-002 
      1.18000000 -0.850758709894312E+003  0.514286106360815E-002 
      1.20000000 -0.850757883463665E+003  0.596929171069565E-002 
      1.22000000 -0.850756934341447E+003  0.691841392907959E-002 
      1.24000000 -0.850755858985906E+003  0.799376946998462E-002 
      1.26000000 -0.850754655612252E+003  0.919714312383265E-002 
      1.28000000 -0.850753324363632E+003  0.105283917438870E-001 
      1.30000000 -0.850751867456376E+003  0.119852989999440E-001 
      1.32000000 -0.850750289297231E+003  0.135634581454219E-001 
      1.34000000 -0.850748596568637E+003  0.152561867394492E-001 
      1.36000000 -0.850746798276802E+003  0.170544785740421E-001 
      1.38000000 -0.850744905758389E+003  0.189469969870497E-001 
      1.40000000 -0.850742932643131E+003  0.209201122454130E-001 
      1.42000000 -0.850740894770523E+003  0.229579848530486E-001 
      1.44000000 -0.850738810059010E+003  0.250426963662036E-001 
      1.46000000 -0.850736698325258E+003  0.271544301178636E-001 
      1.48000000 -0.850734581052168E+003  0.292717032085207E-001 
      1.50000000 -0.850732481106998E+003  0.313716483777671E-001 
      1.52000000 -0.850730422414599E+003  0.334303407774071E-001 
      1.54000000 -0.850728429588817E+003  0.354231665587011E-001 
      1.56000000 -0.850726527524601E+003  0.373252307747112E-001 
      1.58000000 -0.850724740958627E+003  0.391117967485703E-001 
      1.60000000 -0.850723094008670E+003  0.407587467062231E-001 
      1.62000000 -0.850721609699812E+003  0.422430555644052E-001 
      1.64000000 -0.850720309485727E+003  0.435432696491080E-001 
      1.66000000 -0.850719212773688E+003  0.446399816879258E-001 
      1.68000000 -0.850718336463485E+003  0.455162918906887E-001 
      1.70000000 -0.850717694509896E+003  0.461582454805338E-001 
      1.72000000 -0.850717297518125E+003  0.465552372511287E-001 
      1.74000000 -0.850717152382934E+003  0.467003724424020E-001 
      1.76000000 -0.850717261978950E+003  0.465907764258044E-001 
      1.78000000 -0.850717624909268E+003  0.462278461079451E-001 
      1.80000000 -0.850718235318360E+003  0.456174370160696E-001 
      1.82000000 -0.850719082777399E+003  0.447699779768368E-001 
      1.84000000 -0.850720152246275E+003  0.437005091006995E-001 
      1.86000000 -0.850721424115648E+003  0.424286397283112E-001 
      1.88000000 -0.850722874329952E+003  0.409784254241313E-001 
      1.90000000 -0.850724474590219E+003  0.393781651568245E-001 
      1.92000000 -0.850726192634960E+003  0.376601204163563E-001 
      1.94000000 -0.850727992597397E+003  0.358601579788202E-001 
      1.96000000 -0.850729835434166E+003  0.340173212104265E-001 
      1.98000000 -0.850731679417744E+003  0.321733376319273E-001 
      2.00000000 -0.850733480686108E+003  0.303720692681214E-001 
      2.02000000 -0.850735193842336E+003  0.286589130400650E-001 
      2.04000000 -0.850736772594853E+003  0.270801605233511E-001 
      2.06000000 -0.850738170428597E+003  0.256823267793264E-001 
      2.08000000 -0.850739341297036E+003  0.245114583402435E-001 
      2.10000000 -0.850740240323557E+003  0.236124318187516E-001 
      2.12000000 -0.850740824501557E+003  0.230282538192008E-001 
      2.14000000 -0.850741053381708E+003  0.227993736684385E-001 
      2.16000000 -0.850740889734339E+003  0.229630210365525E-001 
      2.18000000 -0.850740300174920E+003  0.235525804565369E-001 
      2.20000000 -0.850739255740927E+003  0.245970144488748E-001 
      2.22000000 -0.850737732409201E+003  0.261203461750372E-001 
      2.24000000 -0.850735711544975E+003  0.281412104008201E-001 
      2.26000000 -0.850733180275601E+003  0.306724797753110E-001 
      2.28000000 -0.850730131781094E+003  0.337209742822015E-001 
      2.30000000 -0.850726565494963E+003  0.372872604135128E-001 
      2.32000000 -0.850722487214921E+003  0.413655404545604E-001 
      2.34000000 -0.850717909124376E+003  0.459436310003231E-001 
      2.36000000 -0.850712849723245E+003  0.510030321311927E-001 
      2.38000000 -0.850707333669573E+003  0.565190858028254E-001 
      2.40000000 -0.850701391535235E+003  0.624612201412221E-001 
      2.42000000 -0.850695059479830E+003  0.687932755462764E-001 
      2.44000000 -0.850688378849578E+003  0.754739057976283E-001 
      2.46000000 -0.850681395707351E+003  0.824570480251718E-001 
      2.48000000 -0.850674160301556E+003  0.896924538199402E-001 
      2.50000000 -0.850666726484451E+003  0.971262709252549E-001 
      2.52000000 -0.850659151087387E+003  0.104701667989393E+000 
      2.54000000 -0.850651493259638E+003  0.112359495737960E+000 
      2.56000000 -0.850643813780509E+003  0.120038974866649E+000 
      2.58000000 -0.850636174361371E+003  0.127678394005124E+000 
      2.60000000 -0.850628636949547E+003  0.135215805829218E+000 
      2.62000000 -0.850621263042709E+003  0.142589712666661E+000 
      2.64000000 -0.850614113025485E+003  0.149739729891321E+000 
      2.66000000 -0.850607245537198E+003  0.156607218178178E+000 
      2.68000000 -0.850600716877859E+003  0.163135877517252E+000 
      2.70000000 -0.850594580465009E+003  0.169272290367107E+000 
      2.72000000 -0.850588886354124E+003  0.174966401251499E+000 
      2.74000000 -0.850583680825634E+003  0.180171929741958E+000 
      2.76000000 -0.850579006034097E+003  0.184846721278813E+000 
      2.78000000 -0.850574899718228E+003  0.188953037147668E+000 
      2.80000000 -0.850571394970925E+003  0.192457784450543E+000 
      2.82000000 -0.850568520060249E+003  0.195332695126600E+000 
      2.84000000 -0.850566298289438E+003  0.197554465937912E+000 
      2.86000000 -0.850564747888412E+003  0.199104866964479E+000 
      2.88000000 -0.850563881922576E+003  0.199970832799953E+000 
      2.90000000 -0.850563708198182E+003  0.200144557193905E+000 
      2.92000000 -0.850564229143614E+003  0.199623611761623E+000 
      2.94000000 -0.850565441649432E+003  0.198411105944155E+000 
      2.96000000 -0.850567336858969E+003  0.196515896406778E+000 
      2.98000000 -0.850569899904990E+003  0.193952850385970E+000 
      3.00000000 -0.850573109588033E+003  0.190743167342943E+000 
      3.02000000 -0.850576937999490E+003  0.186914755886238E+000 
      3.04000000 -0.850581350104644E+003  0.182502650731868E+000 
      3.06000000 -0.850586303309999E+003  0.177549445377476E+000 
      3.08000000 -0.850591747046809E+003  0.172105708566830E+000 
      3.10000000 -0.850597622410286E+003  0.166230345089662E+000 
      3.12000000 -0.850603861901348E+003  0.159990854028106E+000 
      3.14000000 -0.850610389321729E+003  0.153463433646818E+000 
      3.16000000 -0.850617119868935E+003  0.146732886440580E+000 
      3.18000000 -0.850623960473159E+003  0.139892282216772E+000 
      3.20000000 -0.850630810417752E+003  0.133042337624311E+000 
      3.22000000 -0.850637562272381E+003  0.126290482995011E+000 
      3.24000000 -0.850644103145541E+003  0.119749609834873E+000 
      3.26000000 -0.850650316244125E+003  0.113536511251041E+000 
      3.28000000 -0.850656082710506E+003  0.107770044869698E+000 
      3.30000000 -0.850661283691167E+003  0.102569064209239E+000 
      3.32000000 -0.850665802572821E+003  0.980501825555322E-001 
      3.34000000 -0.850669527308318E+003  0.943254470583040E-001 
      3.36000000 -0.850672352745995E+003  0.915000093808001E-001 
      3.38000000 -0.850674182871414E+003  0.896698839620381E-001 
      3.40000000 -0.850674932873055E+003  0.889198823206660E-001 
      3.42000000 -0.850674530951959E+003  0.893218034175151E-001 
      3.44000000 -0.850672919808226E+003  0.909329471496434E-001 
      3.46000000 -0.850670057754170E+003  0.937950012057847E-001 
      3.48000000 -0.850665919423803E+003  0.979333315729878E-001 
      3.50000000 -0.850660496070647E+003  0.103356684729046E+000 
      3.52000000 -0.850653795465030E+003  0.110057290346137E+000 
      3.54000000 -0.850645841419708E+003  0.118011335667744E+000 
      3.56000000 -0.850636672992719E+003  0.127179762657142E+000 
      3.58000000 -0.850626343428844E+003  0.137509326531828E+000 
      3.60000000 -0.850614918903903E+003  0.148933851473306E+000 
      3.62000000 -0.850602477134861E+003  0.161375620515342E+000 
      3.64000000 -0.850589105914294E+003  0.174746841081659E+000 
      3.66000000 -0.850574901619401E+003  0.188951135974585E+000 
      3.68000000 -0.850559967730497E+003  0.203885024878691E+000 
      3.70000000 -0.850544413374626E+003  0.219439380749629E+000 
      3.72000000 -0.850528351897206E+003  0.235500858169550E+000 
      3.74000000 -0.850511899453636E+003  0.251953301740261E+000 
      3.76000000 -0.850495173596382E+003  0.268679158993966E+000 
      3.78000000 -0.850478291826038E+003  0.285560929338374E+000 
      3.80000000 -0.850461370087926E+003  0.302482667450489E+000 
      3.82000000 -0.850444521212280E+003  0.319331543095781E+000 
      3.84000000 -0.850427853295311E+003  0.335999460064825E+000 
      3.86000000 -0.850411468028933E+003  0.352384726443209E+000 
      3.88000000 -0.850395459022773E+003  0.368393732603281E+000 
      3.90000000 -0.850379910191647E+003  0.383942563728878E+000 
      3.92000000 -0.850364894296725E+003  0.398958458651172E+000 
      3.94000000 -0.850350471746617E+003  0.413381008759341E+000 
      3.96000000 -0.850336689776488E+003  0.427162978888388E+000 
      3.98000000 -0.850323582121619E+003  0.440270633757375E+000 
      4.00000000 -0.850311169292428E+003  0.452683462948365E+000 
      4.02000000 -0.850299459538624E+003  0.464393216752370E+000 
      4.04000000 -0.850288450552572E+003  0.475402202803501E+000 
      4.06000000 -0.850278131904336E+003  0.485720851039784E+000 
      4.08000000 -0.850268488147758E+003  0.495364607618066E+000 
      4.10000000 -0.850259502475690E+003  0.504350279686056E+000 
      4.12000000 -0.850251160728334E+003  0.512692027041587E+000 
      4.14000000 -0.850243455494729E+003  0.520397260646996E+000 
      4.16000000 -0.850236390005656E+003  0.527462749720247E+000 
      4.18000000 -0.850229981479631E+003  0.533871275745032E+000 
      4.20000000 -0.850224263566124E+003  0.539589189251580E+000 
      4.22000000 -0.850219287553876E+003  0.544565201499975E+000 
      4.24000000 -0.850215122061426E+003  0.548730693949640E+000 
      4.26000000 -0.850211851008088E+003  0.552001747287609E+000 
      4.28000000 -0.850209569768057E+003  0.554282987319388E+000 
      4.30000000 -0.850208379549504E+003  0.555473205872220E+000 
      4.32000000 -0.850208380188399E+003  0.555472566977365E+000 
      4.34000000 -0.850209661692030E+003  0.554191063345896E+000 
      4.36000000 -0.850212295016657E+003  0.551557738719256E+000 
      4.38000000 -0.850216322678738E+003  0.547530076638261E+000 
      4.40000000 -0.850221749880403E+003  0.542102874973304E+000 
      4.42000000 -0.850228536865998E+003  0.535315889378324E+000 
      4.44000000 -0.850236593201193E+003  0.527259554183390E+000 
      4.46000000 -0.850245774581579E+003  0.518078173796956E+000 
      4.48000000 -0.850255882639050E+003  0.507970116325549E+000 
      4.50000000 -0.850266668020601E+003  0.497184734774798E+000 
      4.52000000 -0.850277836774332E+003  0.486015981043640E+000 
      4.54000000 -0.850289059822730E+003  0.474792932646355E+000 
      4.56000000 -0.850299985053027E+003  0.463867702349168E+000 
      4.58000000 -0.850310251319453E+003  0.453601435923328E+000 
      4.60000000 -0.850319503468320E+003  0.444349287056193E+000 
      4.62000000 -0.850327407383102E+003  0.436445372274526E+000 
      4.64000000 -0.850333664013912E+003  0.430188741464139E+000 
      4.66000000 -0.850338021414186E+003  0.425831341189723E+000 
      4.68000000 -0.850340283955358E+003  0.423568800017712E+000 
      4.70000000 -0.850340318112552E+003  0.423534642824396E+000 
      4.72000000 -0.850338054492747E+003  0.425798262629118E+000 
      4.74000000 -0.850333486088177E+003  0.430366667199325E+000 
      4.76000000 -0.850326663049700E+003  0.437189705676469E+000 
      4.78000000 -0.850317684554687E+003  0.446168200689169E+000 
      4.80000000 -0.850306688567459E+003  0.457164187917479E+000 
      4.82000000 -0.850293840435245E+003  0.470012320130621E+000 
      4.84000000 -0.850279321315831E+003  0.484531439545425E+000 
      4.86000000 -0.850263317390677E+003  0.500535364698973E+000 
      4.88000000 -0.850246010683852E+003  0.517842071523586E+000 
      4.90000000 -0.850227572105694E+003  0.536280649681832E+000 
      4.92000000 -0.850208157090665E+003  0.555695664710887E+000 
      4.94000000 -0.850187903925018E+003  0.575948830357788E+000 
      4.96000000 -0.850166934586454E+003  0.596918168921718E+000 
      4.98000000 -0.850145357682351E+003  0.618495073024722E+000 
      5.00000000 -0.850123272891969E+003  0.640579863407131E+000 
      5.02000000 -0.850100776198044E+003  0.663076557332028E+000 
      5.04000000 -0.850077965148161E+003  0.685887607215197E+000 
      5.06000000 -0.850054943409764E+003  0.708909345611652E+000 
      5.08000000 -0.850031823983120E+003  0.732028772256366E+000 
      5.10000000 -0.850008730595091E+003  0.755122160285079E+000 
      5.12000000 -0.849985796994681E+003  0.778055760694797E+000 
      5.14000000 -0.849963164094601E+003  0.800688660774661E+000 
      5.16000000 -0.849940975120638E+003  0.822877634738391E+000 
      5.18000000 -0.849919369143117E+003  0.844483612259435E+000 
      5.20000000 -0.849898473554723E+003  0.865379200653174E+000 
      5.22000000 -0.849878396201979E+003  0.885456553396693E+000 
      5.24000000 -0.849859217965161E+003  0.904634790215332E+000 
      5.26000000 -0.849840986593557E+003  0.922866161819068E+000 
      5.28000000 -0.849823712539486E+003  0.940140215890074E+000 
      5.30000000 -0.849807367403816E+003  0.956485351560249E+000 
      5.32000000 -0.849791885419540E+003  0.971967335835845E+000 
      5.34000000 -0.849777168165949E+003  0.986684589426835E+000 
      5.36000000 -0.849763092426609E+003  0.100076032876667E+001 
      5.38000000 -0.849749520807194E+003  0.101433194818182E+001 
      5.40000000 -0.849736314448871E+003  0.102753830650525E+001 
      5.42000000 -0.849723346951185E+003  0.104050580419080E+001 
      5.44000000 -0.849710518457693E+003  0.105333429768282E+001 
      5.46000000 -0.849697768757832E+003  0.106608399754399E+001 
      5.48000000 -0.849685088249128E+003  0.107876450624805E+001 
      5.50000000 -0.849672525699765E+003  0.109132705561098E+001 
      5.52000000 -0.849660191942826E+003  0.110366081254952E+001 
      5.54000000 -0.849648258896695E+003  0.111559385868150E+001 
      5.56000000 -0.849636953638547E+003  0.112689911682947E+001 
      5.58000000 -0.849626547625039E+003  0.113730513033716E+001 
      5.60000000 -0.849617341521062E+003  0.114651123431444E+001 
      5.62000000 -0.849609646446156E+003  0.115420630922031E+001 
      5.64000000 -0.849603762741737E+003  0.116009001363951E+001 
      5.66000000 -0.849599957605700E+003  0.116389514967573E+001 
      5.68000000 -0.849598443075761E+003  0.116540967961473E+001 
      5.70000000 -0.849599355874986E+003  0.116449688038987E+001 
      5.72000000 -0.849602740575732E+003  0.116111217964377E+001 
      5.74000000 -0.849608537388627E+003  0.115531536674938E+001 
      5.76000000 -0.849616575657574E+003  0.114727709780183E+001 
      5.78000000 -0.849626573847453E+003  0.113727890792290E+001 
      5.80000000 -0.849638146446740E+003  0.112570630863617E+001 
      5.82000000 -0.849650817779834E+003  0.111303497554182E+001 
      5.84000000 -0.849664042261511E+003  0.109981049386484E+001 
      5.86000000 -0.849677230144757E+003  0.108662261061884E+001 
      5.88000000 -0.849689777333891E+003  0.107407542148548E+001 
      5.90000000 -0.849701097398842E+003  0.106275535653386E+001 
      5.92000000 -0.849710653595987E+003  0.105319915938950E+001 
      5.94000000 -0.849717988537134E+003  0.104586421824156E+001 
      5.96000000 -0.849722749190243E+003  0.104110356513306E+001 
      5.98000000 -0.849724705170188E+003  0.103914758518831E+001 
      6.00000000 -0.849723758783058E+003  0.104009397231816E+001 
      6.02000000 -0.849719945985459E+003  0.104390676991699E+001 
      6.04000000 -0.849713428239029E+003  0.105042451634677E+001 
      6.06000000 -0.849704476087585E+003  0.105937666779051E+001 
      6.08000000 -0.849693446053967E+003  0.107040670140923E+001 
      6.10000000 -0.849680753049144E+003  0.108309970623199E+001 
      6.12000000 -0.849666840839361E+003  0.109701191601483E+001 
      6.14000000 -0.849652153184937E+003  0.111169957043893E+001 
      6.16000000 -0.849637108047780E+003  0.112674470759572E+001 
      6.18000000 -0.849622076800183E+003  0.114177595519298E+001 
      6.20000000 -0.849607369726191E+003  0.115648302918491E+001 
      6.22000000 -0.849593228380179E+003  0.117062437519731E+001 
      6.24000000 -0.849579824638957E+003  0.118402811641892E+001 
      6.26000000 -0.849567265632584E+003  0.119658712279164E+001 
      6.28000000 -0.849555603240235E+003  0.120824951514071E+001 
      6.30000000 -0.849544846539546E+003  0.121900621583028E+001 
      6.32000000 -0.849534975494102E+003  0.122887726127432E+001 
      6.34000000 -0.849525954248416E+003  0.123789850695961E+001 
      6.36000000 -0.849517742649701E+003  0.124611010567475E+001 
      6.38000000 -0.849510304972864E+003  0.125354778251207E+001 
      6.40000000 -0.849503615245680E+003  0.126023750969566E+001 
      6.42000000 -0.849497659001945E+003  0.126619375343095E+001 
      6.44000000 -0.849492431688295E+003  0.127142106708054E+001 
      6.46000000 -0.849487934298782E+003  0.127591845659432E+001 
      6.48000000 -0.849484167078396E+003  0.127968567697962E+001 
      6.50000000 -0.849481122289468E+003  0.128273046590780E+001 
      6.52000000 -0.849478777086678E+003  0.128507566869778E+001 
      6.54000000 -0.849477087499571E+003  0.128676525580528E+001 
      6.56000000 -0.849475984383177E+003  0.128786837219894E+001 
      6.58000000 -0.849475371986454E+003  0.128848076892230E+001 
      6.60000000 -0.849475129512967E+003  0.128872324240952E+001 
      6.62000000 -0.849475115728816E+003  0.128873702655970E+001 
      6.64000000 -0.849475176347595E+003  0.128867640778145E+001 
      6.66000000 -0.849475153630145E+003  0.128869912523069E+001 
      6.68000000 -0.849474897411096E+003  0.128895534428056E+001 
      6.70000000 -0.849474276605643E+003  0.128957614973278E+001 
      6.72000000 -0.849473190175675E+003  0.129066257970120E+001 
      6.74000000 -0.849471576553496E+003  0.129227620188052E+001 
      6.76000000 -0.849469420634373E+003  0.129443212100337E+001 
      6.78000000 -0.849466757651471E+003  0.129709510390470E+001 
      6.80000000 -0.849463673502600E+003  0.130017925277636E+001 
      6.82000000 -0.849460301384386E+003  0.130355137098973E+001 
      6.84000000 -0.849456814896386E+003  0.130703785899020E+001 
      6.86000000 -0.849453418065595E+003  0.131043468978138E+001 
      6.88000000 -0.849450332986068E+003  0.131351976930790E+001 
      6.90000000 -0.849447785950179E+003  0.131606680519676E+001 
      6.92000000 -0.849445993061812E+003  0.131785969356435E+001 
      6.94000000 -0.849445146342254E+003  0.131870641312158E+001 
      6.96000000 -0.849445401250714E+003  0.131845150466242E+001 
      6.98000000 -0.849446866363571E+003  0.131698639180530E+001 
      7.00000000 -0.849449595726263E+003  0.131425702911264E+001 
      7.02000000 -0.849453584138503E+003  0.131026861687320E+001 
      7.04000000 -0.849458765393270E+003  0.130508736210630E+001 
      7.06000000 -0.849465013311421E+003  0.129883944395492E+001 
      7.08000000 -0.849472145318222E+003  0.129170743715416E+001 
      7.10000000 -0.849479928290288E+003  0.128392446508806E+001 
      7.12000000 -0.849488086451587E+003  0.127576630378855E+001 
      7.14000000 -0.849496311172689E+003  0.126754158268745E+001 
      7.16000000 -0.849504272566873E+003  0.125958018850328E+001 
      7.18000000 -0.849511632741654E+003  0.125222001372232E+001 
      7.20000000 -0.849518060443903E+003  0.124579231147255E+001 
      7.22000000 -0.849523246627917E+003  0.124060612745934E+001 
      7.24000000 -0.849526920207762E+003  0.123693254761396E+001 
      7.26000000 -0.849528862994253E+003  0.123498976112341E+001 
      7.28000000 -0.849528922637647E+003  0.123493011772899E+001 
      7.30000000 -0.849527022361800E+003  0.123683039357609E+001 
      7.32000000 -0.849523166421019E+003  0.124068633435728E+001 
      7.34000000 -0.849517440538176E+003  0.124641221720025E+001 
      7.36000000 -0.849510007056866E+003  0.125384569851033E+001 
      7.38000000 -0.849501095094203E+003  0.126275766117315E+001 
      7.40000000 -0.849490986525921E+003  0.127286622945520E+001 
      7.42000000 -0.849479999083847E+003  0.128385367152938E+001 
      7.44000000 -0.849468468128434E+003  0.129538462694189E+001 
      7.46000000 -0.849456728733538E+003  0.130712402183789E+001 
      7.48000000 -0.849445099588639E+003  0.131875316673701E+001 
      7.50000000 -0.849433869915427E+003  0.132998283994870E+001 
      7.52000000 -0.849423290164060E+003  0.134056259131620E+001 
      7.54000000 -0.849413566766155E+003  0.135028598922093E+001 
      7.56000000 -0.849404860752522E+003  0.135899200285438E+001 
      7.58000000 -0.849397289660522E+003  0.136656309485392E+001 
      7.60000000 -0.849390931885893E+003  0.137292086948294E+001 
      7.62000000 -0.849385832499512E+003  0.137802025586409E+001 
      7.64000000 -0.849382009563375E+003  0.138184319200094E+001 
      7.66000000 -0.849379460108460E+003  0.138439264691576E+001 
      7.68000000 -0.849378165143687E+003  0.138568761168928E+001 
      7.70000000 -0.849378093321919E+003  0.138575943345731E+001 
      7.72000000 -0.849379203158681E+003  0.138464959669455E+001 
      7.74000000 -0.849381443946600E+003  0.138240880877645E+001 
      7.76000000 -0.849384755698343E+003  0.137909705703282E+001 
      7.78000000 -0.849389068574194E+003  0.137478418118228E+001 
      7.80000000 -0.849394302299558E+003  0.136955045581833E+001 
      7.82000000 -0.849400366035959E+003  0.136348671941730E+001 
      7.84000000 -0.849407159065541E+003  0.135669368983460E+001 
      7.86000000 -0.849414572498525E+003  0.134928025685110E+001 
      7.88000000 -0.849422492025955E+003  0.134136072942153E+001 
      7.90000000 -0.849430801551921E+003  0.133305120345490E+001 
      7.92000000 -0.849439387385698E+003  0.132446536967830E+001 
      7.94000000 -0.849448142571730E+003  0.131571018364572E+001 
      7.96000000 -0.849456970895813E+003  0.130688185956281E+001 
      7.98000000 -0.849465790142717E+003  0.129806261265897E+001 
      8.00000000 -0.849474534273322E+003  0.128931848205422E+001 
      8.02000000 -0.849483154307919E+003  0.128069844745705E+001 
      8.04000000 -0.849491617846726E+003  0.127223490864976E+001 
      8.06000000 -0.849499907300331E+003  0.126394545504467E+001 
      8.08000000 -0.849508017019789E+003  0.125583573558735E+001 
      8.10000000 -0.849515949608410E+003  0.124790314696623E+001 
      8.12000000 -0.849523711762756E+003  0.124014099262002E+001 
      8.14000000 -0.849531310031155E+003  0.123254272422056E+001 
      8.16000000 -0.849538746886567E+003  0.122510586880954E+001 
      8.18000000 -0.849546017488323E+003  0.121783526705305E+001 
      8.20000000 -0.849553107445085E+003  0.121074531029094E+001 
      8.22000000 -0.849559991800987E+003  0.120386095438923E+001 
      8.24000000 -0.849566635355319E+003  0.119721740005693E+001 
      8.26000000 -0.849572994292896E+003  0.119085846248036E+001 
      8.28000000 -0.849579018956983E+003  0.118483379839339E+001 
      8.30000000 -0.849584657465552E+003  0.117919528982394E+001 
      8.32000000 -0.849589859773288E+003  0.117399298208836E+001 
      8.34000000 -0.849594581725695E+003  0.116927102968116E+001 
      8.36000000 -0.849598788651422E+003  0.116506410395442E+001 
      8.38000000 -0.849602458100635E+003  0.116139465474127E+001 
      8.40000000 -0.849605581447725E+003  0.115827130765067E+001 
      8.42000000 -0.849608164224187E+003  0.115568853118865E+001 
      8.44000000 -0.849610225212797E+003  0.115362754257870E+001 
      8.46000000 -0.849611794490109E+003  0.115205826526716E+001 
      8.48000000 -0.849612910724302E+003  0.115094203107356E+001 
      8.50000000 -0.849613618104309E+003  0.115023465106659E+001 
      8.52000000 -0.849613963284581E+003  0.114988947079530E+001 
      8.54000000 -0.849613992678532E+003  0.114986007684408E+001 
      8.56000000 -0.849613750337108E+003  0.115010241826779E+001 
      8.58000000 -0.849613276527087E+003  0.115057622828879E+001 
      8.60000000 -0.849612606999402E+003  0.115124575597365E+001 
      8.62000000 -0.849611772833570E+003  0.115207992180592E+001 
      8.64000000 -0.849610800677300E+003  0.115305207807613E+001 
      8.66000000 -0.849609713178247E+003  0.115413957712894E+001 
      8.68000000 -0.849608529426230E+003  0.115532332914575E+001 
      8.70000000 -0.849607265278594E+003  0.115658747678199E+001 
      8.72000000 -0.849605933510990E+003  0.115791924438640E+001 
      8.74000000 -0.849604543806682E+003  0.115930894869446E+001 
      8.76000000 -0.849603102656015E+003  0.116075009936141E+001 
      8.78000000 -0.849601613271448E+003  0.116223948392789E+001 
      8.80000000 -0.849600075625833E+003  0.116377712954311E+001 
      8.82000000 -0.849598486701488E+003  0.116536605388773E+001 
      8.84000000 -0.849596841005648E+003  0.116701174972762E+001 
      8.86000000 -0.849595131368263E+003  0.116872138711355E+001 
      8.88000000 -0.849593349998842E+003  0.117050275653445E+001 
      8.90000000 -0.849591489744931E+003  0.117236301044493E+001 
      8.92000000 -0.849589545467086E+003  0.117430728828994E+001 
      8.94000000 -0.849587515425270E+003  0.117633733010619E+001 
      8.96000000 -0.849585402563298E+003  0.117845019207836E+001 
      8.98000000 -0.849583215576432E+003  0.118063717894379E+001 
      9.00000000 -0.849580969649360E+003  0.118288310601576E+001 
      9.02000000 -0.849578686763708E+003  0.118516599166812E+001 
      9.04000000 -0.849576395505413E+003  0.118745724996277E+001 
      9.06000000 -0.849574130345443E+003  0.118972240993317E+001 
      9.08000000 -0.849571930416066E+003  0.119192233930963E+001 
      9.10000000 -0.849569837855581E+003  0.119401489979492E+001 
      9.12000000 -0.849567895842741E+003  0.119595691263540E+001 
      9.14000000 -0.849566146473053E+003  0.119770628232340E+001 
      9.16000000 -0.849564628640366E+003  0.119922411501000E+001 
      9.18000000 -0.849563376082386E+003  0.120047667299007E+001 
      9.20000000 -0.849562415725266E+003  0.120143703010992E+001 
      9.22000000 -0.849561766427119E+003  0.120208632825675E+001 
      9.24000000 -0.849561438182478E+003  0.120241457289821E+001 
      9.26000000 -0.849561431813079E+003  0.120242094229651E+001 
      9.28000000 -0.849561739133866E+003  0.120211362151013E+001 
      9.30000000 -0.849562343548712E+003  0.120150920666379E+001 
      9.32000000 -0.849563221000721E+003  0.120063175465516E+001 
      9.34000000 -0.849564341181183E+003  0.119951157419324E+001 
      9.36000000 -0.849565668889744E+003  0.119818386563222E+001 
      9.38000000 -0.849567165438786E+003  0.119668731659020E+001 
      9.40000000 -0.849568790009936E+003  0.119506274543949E+001 
      9.42000000 -0.849570500896547E+003  0.119335185882936E+001 
      9.44000000 -0.849572256600776E+003  0.119159615460001E+001 
      9.46000000 -0.849574016790920E+003  0.118983596445599E+001 
      9.48000000 -0.849575743152996E+003  0.118810960238028E+001 
      9.50000000 -0.849577400181063E+003  0.118645257431336E+001 
      9.52000000 -0.849578955944148E+003  0.118489681122799E+001 
      9.54000000 -0.849580382845345E+003  0.118346991003102E+001 
      9.56000000 -0.849581658355947E+003  0.118219439942892E+001 
      9.58000000 -0.849582765674351E+003  0.118108708102512E+001 
      9.60000000 -0.849583694236277E+003  0.118015851909941E+001 
      9.62000000 -0.849584439995269E+003  0.117941276010751E+001 
      9.64000000 -0.849585005403772E+003  0.117884735160355E+001 
      9.66000000 -0.849585399053599E+003  0.117845370177704E+001 
      9.68000000 -0.849585634973431E+003  0.117821778194531E+001 
      9.70000000 -0.849585731623158E+003  0.117812113221845E+001 
      9.72000000 -0.849585710663006E+003  0.117814209237007E+001 
      9.74000000 -0.849585595602736E+003  0.117825715264012E+001 
      9.76000000 -0.849585410448004E+003  0.117844230737223E+001 
      9.78000000 -0.849585178456414E+003  0.117867429896152E+001 
      9.80000000 -0.849584921097029E+003  0.117893165834654E+001 
      9.82000000 -0.849584657277888E+003  0.117919547748801E+001 
      9.84000000 -0.849584402871497E+003  0.117944988387868E+001 
      9.86000000 -0.849584170533892E+003  0.117968222148400E+001 
      9.88000000 -0.849583969783544E+003  0.117988297183155E+001 
      9.90000000 -0.849583807285901E+003  0.118004546947473E+001 
      9.92000000 -0.849583687278879E+003  0.118016547649667E+001 
      9.94000000 -0.849583612072860E+003  0.118024068251635E+001 
      9.96000000 -0.849583582563298E+003  0.118027019207818E+001 
      9.98000000 -0.849583598703058E+003  0.118025405231804E+001 
     10.00000000 -0.849583659893076E+003  0.118019286229981E+001 
     10.02000000 -0.849583765263177E+003  0.118008749219923E+001 
     10.04000000 -0.849583913829041E+003  0.117993892633498E+001 
     10.06000000 -0.849584104525348E+003  0.117974823002789E+001 
     10.08000000 -0.849584336128169E+003  0.117951662720689E+001 
     10.10000000 -0.849584607091295E+003  0.117924566408104E+001 
     10.12000000 -0.849584915330926E+003  0.117893742445009E+001 
     10.14000000 -0.849585257999339E+003  0.117859475603739E+001 
     10.16000000 -0.849585631290808E+003  0.117822146456852E+001 
     10.18000000 -0.849586030319894E+003  0.117782243548216E+001 
     10.20000000 -0.849586449102797E+003  0.117740365257865E+001 
     10.22000000 -0.849586880659080E+003  0.117697209629582E+001 
     10.24000000 -0.849587317235032E+003  0.117653552034397E+001 
     10.26000000 -0.849587750632333E+003  0.117610212304314E+001 
     10.28000000 -0.849588172610599E+003  0.117568014477672E+001 
     10.30000000 -0.849588575322752E+003  0.117527743262389E+001 
     10.32000000 -0.849588951738469E+003  0.117490101690706E+001 
     10.34000000 -0.849589296013125E+003  0.117455674225066E+001 
     10.36000000 -0.849589603767678E+003  0.117424898769789E+001 
     10.38000000 -0.849589872256905E+003  0.117398049847070E+001 
     10.40000000 -0.849590100416643E+003  0.117375233873285E+001 
     10.42000000 -0.849590288793771E+003  0.117356396160501E+001 
     10.44000000 -0.849590439374380E+003  0.117341338099601E+001 
     10.46000000 -0.849590555334066E+003  0.117329742130973E+001 
     10.48000000 -0.849590640738744E+003  0.117321201663253E+001 
     10.50000000 -0.849590700224903E+003  0.117315253047348E+001 
     10.52000000 -0.849590738685132E+003  0.117311407024389E+001 
     10.54000000 -0.849590760978565E+003  0.117309177681153E+001 
     10.56000000 -0.849590771678306E+003  0.117308107707015E+001 
     10.58000000 -0.849590774860379E+003  0.117307789499676E+001 
     10.60000000 -0.849590773932937E+003  0.117307882243905E+001 
     10.62000000 -0.849590771501720E+003  0.117308125365622E+001 
     10.64000000 -0.849590769268292E+003  0.117308348708385E+001 
     10.66000000 -0.849590767960557E+003  0.117308479481918E+001 
     10.68000000 -0.849590767309721E+003  0.117308544565466E+001 
     10.70000000 -0.849590766717847E+003  0.117308603752938E+001 
     10.72000000 -0.849590766118875E+003  0.117308663650115E+001 
     10.74000000 -0.849590765505440E+003  0.117308724993577E+001 
     10.76000000 -0.849590764872321E+003  0.117308788305521E+001 
     10.78000000 -0.849590764219280E+003  0.117308853609602E+001 
     10.80000000 -0.849590763550550E+003  0.117308920482591E+001 
     10.82000000 -0.849590762871394E+003  0.117308988398202E+001 
     10.84000000 -0.849590762183423E+003  0.117309057195327E+001 
     10.86000000 -0.849590761480582E+003  0.117309127479409E+001 
     10.88000000 -0.849590760747322E+003  0.117309200805365E+001 
     10.90000000 -0.849590759959873E+003  0.117309279550282E+001 
     10.92000000 -0.849590759090956E+003  0.117309366442015E+001 
     10.94000000 -0.849590758117608E+003  0.117309463776831E+001 
     10.96000000 -0.849590757030785E+003  0.117309572459097E+001 
     10.98000000 -0.849590755844122E+003  0.117309691125379E+001 
     11.00000000 -0.849590754598486E+003  0.117309815688954E+001 
     11.02000000 -0.849590753359486E+003  0.117309939588977E+001 
     11.04000000 -0.849590752207134E+003  0.117310054824211E+001 
     11.06000000 -0.849590751219747E+003  0.117310153562931E+001 
     11.08000000 -0.849590750456488E+003  0.117310229888854E+001 
     11.10000000 -0.849590749943717E+003  0.117310281165867E+001 
     11.12000000 -0.849590749669047E+003  0.117310308632871E+001 
     11.14000000 -0.849590749584253E+003  0.117310317112277E+001 
     11.16000000 -0.849590749615272E+003  0.117310314010415E+001 
     11.18000000 -0.849590749675612E+003  0.117310307976453E+001 
     11.20000000 -0.849590749679293E+003  0.117310307608269E+001 
     11.22000000 -0.849590749550563E+003  0.117310320481307E+001 
     11.24000000 -0.849590749229343E+003  0.117310352603254E+001 
     11.26000000 -0.849590748672925E+003  0.117310408245100E+001 
     11.28000000 -0.849590747855269E+003  0.117310490010652E+001 
     11.30000000 -0.849590746765391E+003  0.117310598998458E+001 
     11.32000000 -0.849590745405876E+003  0.117310734949961E+001 
     11.34000000 -0.849590743792053E+003  0.117310896332344E+001 
     11.36000000 -0.849590741951850E+003  0.117311080352591E+001 
     11.38000000 -0.849590739925915E+003  0.117311282946051E+001 
     11.40000000 -0.849590737767260E+003  0.117311498811572E+001 
     11.42000000 -0.849590735539651E+003  0.117311721572481E+001 
     11.44000000 -0.849590733314201E+003  0.117311944117526E+001 
     11.46000000 -0.849590731164064E+003  0.117312159131202E+001 
     11.48000000 -0.849590729157737E+003  0.117312359763876E+001 
     11.50000000 -0.849590727351886E+003  0.117312540348957E+001 
     11.52000000 -0.849590725784830E+003  0.117312697054616E+001 
     11.54000000 -0.849590724471790E+003  0.117312828358573E+001 
     11.56000000 -0.849590723402752E+003  0.117312935262400E+001 
     11.58000000 -0.849590722543418E+003  0.117313021195840E+001 
     11.60000000 -0.849590721839259E+003  0.117313091611708E+001 
     11.62000000 -0.849590721222090E+003  0.117313153328556E+001 
     11.64000000 -0.849590720618046E+003  0.117313213733021E+001 
     11.66000000 -0.849590719955440E+003  0.117313279993559E+001 
     11.68000000 -0.849590719170946E+003  0.117313358442952E+001 
     11.70000000 -0.849590718212916E+003  0.117313454245974E+001 
     11.72000000 -0.849590717041582E+003  0.117313571379378E+001 
     11.74000000 -0.849590715626907E+003  0.117313712846941E+001 
     11.76000000 -0.849590713945801E+003  0.117313880957533E+001 
     11.78000000 -0.849590711980920E+003  0.117314077445598E+001 
     11.80000000 -0.849590709722974E+003  0.117314303240165E+001 
     11.82000000 -0.849590707177387E+003  0.117314557798882E+001 
     11.84000000 -0.849590704374206E+003  0.117314838116958E+001 
     11.86000000 -0.849590701378009E+003  0.117315137736707E+001 
     11.88000000 -0.849590698292978E+003  0.117315446239777E+001 
     11.90000000 -0.849590695258469E+003  0.117315749690679E+001 
     11.92000000 -0.849590692432728E+003  0.117316032264794E+001 
     11.94000000 -0.849590689966348E+003  0.117316278902757E+001 
     11.96000000 -0.849590687971428E+003  0.117316478394810E+001 
     11.98000000 -0.849590686495430E+003  0.117316625994614E+001 
     12.00000000 -0.849590685508449E+003  0.117316724692721E+001 
     12.02000000 -0.849590684908613E+003  0.117316784676286E+001 
     12.04000000 -0.849590684544326E+003  0.117316821104955E+001 
     12.06000000 -0.849590684246419E+003  0.117316850895737E+001 
     12.08000000 -0.849590683860419E+003  0.117316889495710E+001 
     12.10000000 -0.849590683270284E+003  0.117316948509216E+001 
     12.12000000 -0.849590682409138E+003  0.117317034623843E+001 
     12.14000000 -0.849590681257614E+003  0.117317149776199E+001 
     12.16000000 -0.849590679834066E+003  0.117317292131038E+001 
     12.18000000 -0.849590678181980E+003  0.117317457339576E+001 
     12.20000000 -0.849590676358813E+003  0.117317639656335E+001 
     12.22000000 -0.849590674428312E+003  0.117317832706353E+001 
     12.24000000 -0.849590672456415E+003  0.117318029896090E+001 
     12.26000000 -0.849590670509367E+003  0.117318224600910E+001 
     12.28000000 -0.849590668652296E+003  0.117318410308007E+001 
     12.30000000 -0.849590666946906E+003  0.117318580847047E+001 
     12.32000000 -0.849590665447747E+003  0.117318730762935E+001 
     12.34000000 -0.849590664197362E+003  0.117318855801403E+001 
     12.36000000 -0.849590663221256E+003  0.117318953411972E+001 
     12.38000000 -0.849590662523854E+003  0.117319023152165E+001 
     12.40000000 -0.849590662086506E+003  0.117319066887020E+001 
     12.42000000 -0.849590661868225E+003  0.117319088715111E+001 
     12.44000000 -0.849590661809356E+003  0.117319094602051E+001 
     12.46000000 -0.849590661837727E+003  0.117319091764865E+001 
     12.48000000 -0.849590661876333E+003  0.117319087904352E+001 
     12.50000000 -0.849590661851290E+003  0.117319090408621E+001 
     12.52000000 -0.849590661698923E+003  0.117319105645336E+001 
     12.54000000 -0.849590661371045E+003  0.117319138433117E+001 
     12.56000000 -0.849590660837988E+003  0.117319191738772E+001 
     12.58000000 -0.849590660089370E+003  0.117319266600650E+001 
     12.60000000 -0.849590659132969E+003  0.117319362240699E+001 
     12.62000000 -0.849590657992367E+003  0.117319476300935E+001 
     12.64000000 -0.849590656703893E+003  0.117319605148350E+001 
     12.66000000 -0.849590655313342E+003  0.117319744203406E+001 
     12.68000000 -0.849590653872692E+003  0.117319888268404E+001 
     12.70000000 -0.849590652436806E+003  0.117320031857009E+001 
     12.72000000 -0.849590651059987E+003  0.117320169538914E+001 
     12.74000000 -0.849590649792244E+003  0.117320296313247E+001 
     12.76000000 -0.849590648675259E+003  0.117320408011740E+001 
     12.78000000 -0.849590647738309E+003  0.117320501706693E+001 
     12.80000000 -0.849590646994801E+003  0.117320576057464E+001 
     12.82000000 -0.849590646440355E+003  0.117320631502124E+001 
     12.84000000 -0.849590646053307E+003  0.117320670206931E+001 
     12.86000000 -0.849590645798032E+003  0.117320695734417E+001 
     12.88000000 -0.849590645630681E+003  0.117320712469476E+001 
     12.90000000 -0.849590645506109E+003  0.117320724926718E+001 
     12.92000000 -0.849590645384359E+003  0.117320737101739E+001 
     12.94000000 -0.849590645235233E+003  0.117320752014304E+001 
     12.96000000 -0.849590645040106E+003  0.117320771527037E+001 
     12.98000000 -0.849590644791067E+003  0.117320796430867E+001 
     13.00000000 -0.849590644488295E+003  0.117320826708085E+001 
     13.02000000 -0.849590644136738E+003  0.117320861863825E+001 
     13.04000000 -0.849590643743085E+003  0.117320901229071E+001 
     13.06000000 -0.849590643313702E+003  0.117320944167408E+001 
     13.08000000 -0.849590642853757E+003  0.117320990161946E+001 
     13.10000000 -0.849590642367429E+003  0.117321038794668E+001 
     13.12000000 -0.849590641858888E+003  0.117321089648789E+001 
     13.14000000 -0.849590641333551E+003  0.117321142182471E+001 
     13.16000000 -0.849590640799134E+003  0.117321195624157E+001 
     13.18000000 -0.849590640266059E+003  0.117321248931659E+001 
     13.20000000 -0.849590639747032E+003  0.117321300834406E+001 
     13.22000000 -0.849590639255785E+003  0.117321349959083E+001 
     13.24000000 -0.849590638805209E+003  0.117321395016713E+001 
     13.26000000 -0.849590638405186E+003  0.117321435019013E+001 
     13.28000000 -0.849590638060383E+003  0.117321469499280E+001 
     13.30000000 -0.849590637768139E+003  0.117321498723696E+001 
     13.32000000 -0.849590637516591E+003  0.117321523878552E+001 
     13.34000000 -0.849590637283368E+003  0.117321547200849E+001 
     13.36000000 -0.849590637035382E+003  0.117321571999392E+001 
     13.38000000 -0.849590636730388E+003  0.117321602498768E+001 
     13.40000000 -0.849590636320790E+003  0.117321643458617E+001 
     13.42000000 -0.849590635759713E+003  0.117321699566298E+001 
     13.44000000 -0.849590635008649E+003  0.117321774672695E+001 
     13.46000000 -0.849590634045197E+003  0.117321871017857E+001 
     13.48000000 -0.849590632869023E+003  0.117321988635280E+001 
     13.50000000 -0.849590631504375E+003  0.117322125100076E+001 
     13.52000000 -0.849590629998274E+003  0.117322275710181E+001 
     13.54000000 -0.849590628414539E+003  0.117322434083655E+001 
     13.56000000 -0.849590626824924E+003  0.117322593045247E+001 
     13.58000000 -0.849590625299210E+003  0.117322745616564E+001 
     13.60000000 -0.849590623896225E+003  0.117322885915055E+001 
     13.62000000 -0.849590622657293E+003  0.117323009808349E+001 
     13.64000000 -0.849590621602998E+003  0.117323115237788E+001 
     13.66000000 -0.849590620733370E+003  0.117323202200567E+001 
     13.68000000 -0.849590620030771E+003  0.117323272460480E+001 
     13.70000000 -0.849590619464362E+003  0.117323329101388E+001 
     13.72000000 -0.849590618994888E+003  0.117323376048767E+001 
     13.74000000 -0.849590618578776E+003  0.117323417659998E+001 
     13.76000000 -0.849590618171006E+003  0.117323458436988E+001 
     13.78000000 -0.849590617726729E+003  0.117323502864708E+001 
     13.80000000 -0.849590617202077E+003  0.117323555329906E+001 
     13.82000000 -0.849590616555053E+003  0.117323620032277E+001 
     13.84000000 -0.849590615747472E+003  0.117323700790406E+001 
     13.86000000 -0.849590614748613E+003  0.117323800676320E+001 
     13.88000000 -0.849590613540494E+003  0.117323921488180E+001 
     13.90000000 -0.849590612123649E+003  0.117324063172709E+001 
     13.92000000 -0.849590610521529E+003  0.117324223384686E+001 
     13.94000000 -0.849590608781621E+003  0.117324397375490E+001 
     13.96000000 -0.849590606972051E+003  0.117324578332458E+001 
     13.98000000 -0.849590605173665E+003  0.117324758171078E+001 
     14.00000000 -0.849590603468782E+003  0.117324928659452E+001 
     14.02000000 -0.849590601928852E+003  0.117325082652441E+001 
     14.04000000 -0.849590600603616E+003  0.117325215176040E+001 
     14.06000000 -0.849590599514064E+003  0.117325324131179E+001 
     14.08000000 -0.849590598650734E+003  0.117325410464212E+001 
     14.10000000 -0.849590597977698E+003  0.117325477767827E+001 
     14.12000000 -0.849590597441357E+003  0.117325531401913E+001 
     14.14000000 -0.849590596982028E+003  0.117325577334793E+001 
     14.16000000 -0.849590596545604E+003  0.117325620977218E+001 
     14.18000000 -0.849590596092582E+003  0.117325666279395E+001 
     14.20000000 -0.849590595602636E+003  0.117325715273987E+001 
     14.22000000 -0.849590595074375E+003  0.117325768100099E+001 
     14.24000000 -0.849590594521332E+003  0.117325823404388E+001 
     14.26000000 -0.849590593965918E+003  0.117325878945800E+001 
     14.28000000 -0.849590593433071E+003  0.117325932230506E+001 
     14.30000000 -0.849590592944930E+003  0.117325981044598E+001 
     14.32000000 -0.849590592517192E+003  0.117326023818385E+001 
     14.34000000 -0.849590592157243E+003  0.117326059813267E+001 
     14.36000000 -0.849590591863743E+003  0.117326089163282E+001 
     14.38000000 -0.849590591627273E+003  0.117326112810319E+001 
     14.40000000 -0.849590591431787E+003  0.117326132358927E+001 
     14.42000000 -0.849590591256789E+003  0.117326149858728E+001 
     14.44000000 -0.849590591080230E+003  0.117326167514618E+001 
     14.46000000 -0.849590590882075E+003  0.117326187330125E+001 
     14.48000000 -0.849590590648182E+003  0.117326210719370E+001 
     14.50000000 -0.849590590373776E+003  0.117326238160001E+001 
     14.52000000 -0.849590590065540E+003  0.117326268983612E+001 
     14.54000000 -0.849590589741365E+003  0.117326301401102E+001 
     14.56000000 -0.849590589427164E+003  0.117326332821155E+001 
     14.58000000 -0.849590589150913E+003  0.117326360446288E+001 
     14.60000000 -0.849590588935065E+003  0.117326382031147E+001 
     14.62000000 -0.849590588789250E+003  0.117326396612554E+001 
     14.64000000 -0.849590588705321E+003  0.117326405005533E+001 
     14.66000000 -0.849590588656222E+003  0.117326409915387E+001 
     14.68000000 -0.849590588599097E+003  0.117326415627937E+001 
     14.70000000 -0.849590588481794E+003  0.117326427358188E+001 
     14.72000000 -0.849590588251252E+003  0.117326450412389E+001 
     14.74000000 -0.849590587862023E+003  0.117326489335302E+001 
     14.76000000 -0.849590587283615E+003  0.117326547176102E+001 
     14.78000000 -0.849590586505787E+003  0.117326624958887E+001 
     14.80000000 -0.849590585541175E+003  0.117326721420135E+001 
     14.82000000 -0.849590584424643E+003  0.117326833073336E+001 
     14.84000000 -0.849590583208889E+003  0.117326954648701E+001 
     14.86000000 -0.849590581956368E+003  0.117327079900800E+001 
     14.88000000 -0.849590580728733E+003  0.117327202664291E+001 
     14.90000000 -0.849590579576296E+003  0.117327317907955E+001 
     14.92000000 -0.849590578530569E+003  0.117327422480657E+001 
     14.94000000 -0.849590577602255E+003  0.117327515312096E+001 
     14.96000000 -0.849590576785225E+003  0.117327597015070E+001 
     14.98000000 -0.849590576064738E+003  0.117327669063825E+001 
     15.00000000 -0.849590575426431E+003  0.117327732894542E+001 
     15.02000000 -0.849590574862169E+003  0.117327789320687E+001 
     15.04000000 -0.849590574369970E+003  0.117327838540627E+001 
     15.06000000 -0.849590573947605E+003  0.117327880777109E+001 
     15.08000000 -0.849590573582113E+003  0.117327917326263E+001 
     15.10000000 -0.849590573239403E+003  0.117327951597269E+001 
     15.12000000 -0.849590572858694E+003  0.117327989668163E+001 
     15.14000000 -0.849590572355413E+003  0.117328039996347E+001 
     15.16000000 -0.849590571633535E+003  0.117328112184090E+001 
     15.18000000 -0.849590570605080E+003  0.117328215029639E+001 
     15.20000000 -0.849590569211706E+003  0.117328354367013E+001 
     15.22000000 -0.849590567442238E+003  0.117328531313768E+001 
     15.24000000 -0.849590565340859E+003  0.117328741451687E+001 
     15.26000000 -0.849590563003490E+003  0.117328975188567E+001 
     15.28000000 -0.849590560563313E+003  0.117329219206251E+001 
     15.30000000 -0.849590558169318E+003  0.117329458605806E+001 
     15.32000000 -0.849590555963134E+003  0.117329679224220E+001 
     15.34000000 -0.849590554059010E+003  0.117329869636636E+001 
     15.36000000 -0.849590552530063E+003  0.117330022531338E+001 
     15.38000000 -0.849590551401940E+003  0.117330135343626E+001 
     15.40000000 -0.849590550653714E+003  0.117330210166216E+001 
     15.42000000 -0.849590550225021E+003  0.117330253035517E+001 
     15.44000000 -0.849590550027906E+003  0.117330272747041E+001 
     15.46000000 -0.849590549961389E+003  0.117330279398694E+001 
     15.48000000 -0.849590549926422E+003  0.117330282895441E+001 
     15.50000000 -0.849590549838859E+003  0.117330291651664E+001 
     15.52000000 -0.849590549638582E+003  0.117330311679409E+001 
     15.54000000 -0.849590549293788E+003  0.117330346158845E+001 
     15.56000000 -0.849590548800534E+003  0.117330395484179E+001 
     15.58000000 -0.849590548178388E+003  0.117330457698783E+001 
     15.60000000 -0.849590547463433E+003  0.117330529194309E+001 
     15.62000000 -0.849590546699987E+003  0.117330605538920E+001 
     15.64000000 -0.849590545932312E+003  0.117330682306393E+001 
     15.66000000 -0.849590545197599E+003  0.117330755777748E+001 
     15.68000000 -0.849590544521374E+003  0.117330823400213E+001 
     15.70000000 -0.849590543916153E+003  0.117330883922350E+001 
     15.72000000 -0.849590543383390E+003  0.117330937198646E+001 
     15.74000000 -0.849590542917844E+003  0.117330983753199E+001 
     15.76000000 -0.849590542512721E+003  0.117331024265495E+001 
     15.78000000 -0.849590542163720E+003  0.117331059165589E+001 
     15.80000000 -0.849590541870562E+003  0.117331088481430E+001 
     15.82000000 -0.849590541635618E+003  0.117331111975779E+001 
     15.84000000 -0.849590541460356E+003  0.117331129502039E+001 
     15.86000000 -0.849590541341027E+003  0.117331141434891E+001 
     15.88000000 -0.849590541265198E+003  0.117331149017846E+001 
     15.90000000 -0.849590541210306E+003  0.117331154507049E+001 
     15.92000000 -0.849590541144865E+003  0.117331161051094E+001 
     15.94000000 -0.849590541032199E+003  0.117331172317754E+001 
     15.96000000 -0.849590540835855E+003  0.117331191952113E+001 
     15.98000000 -0.849590540525376E+003  0.117331223000047E+001 
     16.00000000 -0.849590540080938E+003  0.117331267443766E+001 
     16.02000000 -0.849590539495806E+003  0.117331325957032E+001 
     16.04000000 -0.849590538776283E+003  0.117331397909266E+001 
     16.06000000 -0.849590537939652E+003  0.117331481572370E+001 
     16.08000000 -0.849590537010987E+003  0.117331574438901E+001 
     16.10000000 -0.849590536019942E+003  0.117331673543397E+001 
     16.12000000 -0.849590534998199E+003  0.117331775717707E+001 
     16.14000000 -0.849590533977672E+003  0.117331877770401E+001 
     16.16000000 -0.849590532989193E+003  0.117331976618256E+001 
     16.18000000 -0.849590532061237E+003  0.117332069413877E+001 
     16.20000000 -0.849590531218351E+003  0.117332153702482E+001 
     16.22000000 -0.849590530479256E+003  0.117332227612032E+001 
     16.24000000 -0.849590529854871E+003  0.117332290050543E+001 
     16.26000000 -0.849590529346760E+003  0.117332340861558E+001 
     16.28000000 -0.849590528946589E+003  0.117332380878737E+001 
     16.30000000 -0.849590528636955E+003  0.117332411842100E+001 
     16.32000000 -0.849590528393623E+003  0.117332436175272E+001 
     16.34000000 -0.849590528188667E+003  0.117332456670873E+001 
     16.36000000 -0.849590527993690E+003  0.117332476168602E+001 
     16.38000000 -0.849590527782157E+003  0.117332497321935E+001 
     16.40000000 -0.849590527530081E+003  0.117332522529468E+001 
     16.42000000 -0.849590527214835E+003  0.117332554054074E+001 
     16.44000000 -0.849590526812577E+003  0.117332594279953E+001 
     16.46000000 -0.849590526295566E+003  0.117332645981009E+001 
     16.48000000 -0.849590525630989E+003  0.117332712438733E+001 
     16.50000000 -0.849590524782736E+003  0.117332797264035E+001 
     16.52000000 -0.849590523716808E+003  0.117332903856852E+001 
     16.54000000 -0.849590522409691E+003  0.117333034568543E+001 
     16.56000000 -0.849590520857636E+003  0.117333189773963E+001 
     16.58000000 -0.849590519084036E+003  0.117333367133952E+001 
     16.60000000 -0.849590517142290E+003  0.117333561308573E+001 
     16.62000000 -0.849590515112585E+003  0.117333764279111E+001 
     16.64000000 -0.849590513092648E+003  0.117333966272823E+001 
     16.66000000 -0.849590511184261E+003  0.117334157111514E+001 
     16.68000000 -0.849590509478438E+003  0.117334327693797E+001 
     16.70000000 -0.849590508042391E+003  0.117334471298547E+001 
     16.72000000 -0.849590506910766E+003  0.117334584460970E+001 
     16.74000000 -0.849590506082438E+003  0.117334667293844E+001 
     16.76000000 -0.849590505522770E+003  0.117334723260593E+001 
     16.78000000 -0.849590505170355E+003  0.117334758502131E+001 
     16.80000000 -0.849590504946644E+003  0.117334780873203E+001 
     16.82000000 -0.849590504766859E+003  0.117334798851705E+001 
     16.84000000 -0.849590504550721E+003  0.117334820465518E+001 
     16.86000000 -0.849590504231866E+003  0.117334852351018E+001 
     16.88000000 -0.849590503765080E+003  0.117334899029585E+001 
     16.90000000 -0.849590503130621E+003  0.117334962475510E+001 
     16.92000000 -0.849590502335093E+003  0.117335042028256E+001 
     16.94000000 -0.849590501408756E+003  0.117335134662044E+001 
     16.96000000 -0.849590500399662E+003  0.117335235571429E+001 
     16.98000000 -0.849590499365630E+003  0.117335338974585E+001 
     17.00000000 -0.849590498365494E+003  0.117335438988245E+001 
     17.02000000 -0.849590497451171E+003  0.117335530420488E+001 
     17.04000000 -0.849590496661617E+003  0.117335609375931E+001 
     17.06000000 -0.849590496019207E+003  0.117335673616925E+001 
     17.08000000 -0.849590495528640E+003  0.117335722673620E+001 
     17.10000000 -0.849590495178088E+003  0.117335757728819E+001 
     17.12000000 -0.849590494942213E+003  0.117335781316255E+001 
     17.14000000 -0.849590494786557E+003  0.117335796881855E+001 
     17.16000000 -0.849590494672673E+003  0.117335808270344E+001 
     17.18000000 -0.849590494563312E+003  0.117335819206427E+001 
     17.20000000 -0.849590494427043E+003  0.117335832833301E+001 
     17.22000000 -0.849590494241770E+003  0.117335851360575E+001 
     17.24000000 -0.849590493996872E+003  0.117335875850389E+001 
     17.26000000 -0.849590493693777E+003  0.117335906159877E+001 
     17.28000000 -0.849590493344928E+003  0.117335941044764E+001 
     17.30000000 -0.849590492971247E+003  0.117335978412885E+001 
     17.32000000 -0.849590492598392E+003  0.117336015698445E+001 
     17.34000000 -0.849590492252309E+003  0.117336050306670E+001 
     17.36000000 -0.849590491954847E+003  0.117336080052876E+001 
     17.38000000 -0.849590491720253E+003  0.117336103512316E+001 
     17.40000000 -0.849590491553131E+003  0.117336120224482E+001 
     17.42000000 -0.849590491448077E+003  0.117336130729900E+001 
     17.44000000 -0.849590491390888E+003  0.117336136448772E+001 
     17.46000000 -0.849590491360901E+003  0.117336139447501E+001 
     17.48000000 -0.849590491333838E+003  0.117336142153801E+001 
     17.50000000 -0.849590491284632E+003  0.117336147074453E+001 
     17.52000000 -0.849590491189951E+003  0.117336156542536E+001 
     17.54000000 -0.849590491030486E+003  0.117336172489014E+001 
     17.56000000 -0.849590490793256E+003  0.117336196212045E+001 
     17.58000000 -0.849590490474136E+003  0.117336228124045E+001 
     17.60000000 -0.849590490080385E+003  0.117336267499065E+001 
     17.62000000 -0.849590489632318E+003  0.117336312305815E+001 
     17.64000000 -0.849590489162714E+003  0.117336359266158E+001 
     17.66000000 -0.849590488712700E+003  0.117336404267611E+001 
     17.68000000 -0.849590488323836E+003  0.117336443153991E+001 
     17.70000000 -0.849590488027946E+003  0.117336472743043E+001 
     17.72000000 -0.849590487837728E+003  0.117336491764767E+001 
     17.74000000 -0.849590487741852E+003  0.117336501352417E+001 
     17.76000000 -0.849590487707136E+003  0.117336504823980E+001 
     17.78000000 -0.849590487687630E+003  0.117336506774606E+001 
     17.80000000 -0.849590487637286E+003  0.117336511808966E+001 
     17.82000000 -0.849590487521151E+003  0.117336523422503E+001 
     17.84000000 -0.849590487320385E+003  0.117336543499146E+001 
     17.86000000 -0.849590487029020E+003  0.117336572635627E+001 
     17.88000000 -0.849590486644014E+003  0.117336611136248E+001 
     17.90000000 -0.849590486153222E+003  0.117336660215372E+001 
     17.92000000 -0.849590485527085E+003  0.117336722829086E+001 
     17.94000000 -0.849590484718499E+003  0.117336803687747E+001 
     17.96000000 -0.849590483672217E+003  0.117336908315939E+001 
     17.98000000 -0.849590482341507E+003  0.117337041386917E+001 
     18.00000000 -0.849590480706927E+003  0.117337204844868E+001 
