# Real time calculation: 
# Eall: Total energy
# Eall0: Initial total energy
# 1:Time[fs] 2:Eall[eV] 3:Eall-Eall0[eV] 
      0.00000000 -0.850763852755376E+003  0.000000000000000E+000 
      0.02000000 -0.850763852755440E+003 -0.642883828243512E-010 
      0.04000000 -0.850763852755501E+003 -0.124806469513139E-009 
      0.06000000 -0.850763852755559E+003 -0.183101048224543E-009 
      0.08000000 -0.850763852755615E+003 -0.239075444698678E-009 
      0.10000000 -0.850763852755669E+003 -0.293213030234973E-009 
      0.12000000 -0.850763852755721E+003 -0.345417130573544E-009 
      0.14000000 -0.850763852755773E+003 -0.396847836833025E-009 
      0.16000000 -0.850763852755822E+003 -0.446151709375009E-009 
      0.18000000 -0.850763852755870E+003 -0.493715445239040E-009 
      0.20000000 -0.850763852755916E+003 -0.540119089984437E-009 
      0.22000000 -0.850763852755960E+003 -0.583815855453018E-009 
      0.24000000 -0.850763852756001E+003 -0.624999090164557E-009 
      0.26000000 -0.850763852756038E+003 -0.662122005960875E-009 
      0.28000000 -0.850763852756071E+003 -0.695377951361742E-009 
      0.30000000 -0.850763852756100E+003 -0.723510160988639E-009 
      0.32000000 -0.850763852756122E+003 -0.745841915022361E-009 
      0.34000000 -0.850763852756138E+003 -0.761599819383818E-009 
      0.36000000 -0.850763852756145E+003 -0.769237085914831E-009 
      0.38000000 -0.850763852756145E+003 -0.769043737395059E-009 
      0.40000000 -0.850763852756135E+003 -0.759376311406434E-009 
      0.42000000 -0.850763852756117E+003 -0.740524830728617E-009 
      0.44000000 -0.850763852756087E+003 -0.711425878502858E-009 
      0.46000000 -0.850763852756049E+003 -0.672756174548361E-009 
      0.48000000 -0.850763852756001E+003 -0.624709067384899E-009 
      0.50000000 -0.850763852755943E+003 -0.567381231272357E-009 
      0.52000000 -0.850763852755878E+003 -0.501932757329371E-009 
      0.54000000 -0.850763852755806E+003 -0.429717085194348E-009 
      0.56000000 -0.850763852755728E+003 -0.352184328765581E-009 
      0.58000000 -0.850763852755647E+003 -0.270881276201251E-009 
      0.60000000 -0.850763852755564E+003 -0.188418132518287E-009 
      0.62000000 -0.850763852755482E+003 -0.106051663095208E-009 
      0.64000000 -0.850763852755403E+003 -0.274554898076929E-010 
      0.66000000 -0.850763852755331E+003  0.455335764064202E-010 
      0.68000000 -0.850763852755266E+003  0.110498679049975E-009 
      0.70000000 -0.850763852755211E+003  0.164829613106043E-009 
      0.72000000 -0.850763852755169E+003  0.206882916156559E-009 
      0.74000000 -0.850763852755142E+003  0.234435080224138E-009 
      0.76000000 -0.850763852755130E+003  0.246422688450032E-009 
      0.78000000 -0.850763852755134E+003  0.241782323975492E-009 
      0.80000000 -0.850763852755156E+003  0.220320638280747E-009 
      0.82000000 -0.850763852755193E+003  0.183004373964657E-009 
      0.84000000 -0.850763852755246E+003  0.130413576586541E-009 
      0.86000000 -0.850763852755311E+003  0.654484739429861E-010 
      0.88000000 -0.850763852755385E+003 -0.928072894907928E-011 
      0.90000000 -0.850763852755465E+003 -0.893270161348880E-010 
      0.92000000 -0.850763852755546E+003 -0.170050023139900E-009 
      0.94000000 -0.850763852755622E+003 -0.245552620111056E-009 
      0.96000000 -0.850763852755685E+003 -0.308680911816772E-009 
      0.98000000 -0.850763852755728E+003 -0.352184328765581E-009 
      1.00000000 -0.850763852755743E+003 -0.367265513307835E-009 
      1.02000000 -0.850763852755721E+003 -0.345127107793886E-009 
      1.04000000 -0.850763852755653E+003 -0.276778406054312E-009 
      1.06000000 -0.850763852755528E+003 -0.151875262281287E-009 
      1.08000000 -0.850763852755337E+003  0.394430980335869E-010 
      1.10000000 -0.850763852755069E+003  0.306650752359161E-009 
      1.12000000 -0.850763852754716E+003  0.660188520763150E-009 
      1.14000000 -0.850763852754267E+003  0.110856373811554E-008 
      1.16000000 -0.850763852753716E+003  0.166047708780610E-008 
      1.18000000 -0.850763852753052E+003  0.232356583636584E-008 
      1.20000000 -0.850763852752272E+003  0.310440383346702E-008 
      1.22000000 -0.850763852751368E+003  0.400801814062373E-008 
      1.24000000 -0.850763852750338E+003  0.503817905397153E-008 
      1.26000000 -0.850763852749180E+003  0.619633668740871E-008 
      1.28000000 -0.850763852747894E+003  0.748229769241551E-008 
      1.30000000 -0.850763852746481E+003  0.889451528083374E-008 
      1.32000000 -0.850763852744948E+003  0.104281557396691E-007 
      1.34000000 -0.850763852743299E+003  0.120766452192493E-007 
      1.36000000 -0.850763852741546E+003  0.138304129678456E-007 
      1.38000000 -0.850763852739697E+003  0.156788248168706E-007 
      1.40000000 -0.850763852737768E+003  0.176079596729005E-007 
      1.42000000 -0.850763852735774E+003  0.196017696087944E-007 
      1.44000000 -0.850763852733734E+003  0.216423698864732E-007 
      1.46000000 -0.850763852731666E+003  0.237101356311801E-007 
      1.48000000 -0.850763852729593E+003  0.257827350888812E-007 
      1.50000000 -0.850763852727538E+003  0.278376431570232E-007 
      1.52000000 -0.850763852725525E+003  0.298507879448943E-007 
      1.54000000 -0.850763852723579E+003  0.317973241677038E-007 
      1.56000000 -0.850763852721724E+003  0.336524065406609E-007 
      1.58000000 -0.850763852719986E+003  0.353902230363760E-007 
      1.60000000 -0.850763852718389E+003  0.369868951126572E-007 
      1.62000000 -0.850763852716957E+003  0.384192209471317E-007 
      1.64000000 -0.850763852715711E+003  0.396649654600258E-007 
      1.66000000 -0.850763852714671E+003  0.407051804964018E-007 
      1.68000000 -0.850763852713854E+003  0.415215946211411E-007 
      1.70000000 -0.850763852713275E+003  0.421005767635998E-007 
      1.72000000 -0.850763852712945E+003  0.424310093838910E-007 
      1.74000000 -0.850763852712870E+003  0.425058352610430E-007 
      1.76000000 -0.850763852713054E+003  0.423216707959597E-007 
      1.78000000 -0.850763852713496E+003  0.418802561253191E-007 
      1.80000000 -0.850763852714190E+003  0.411864249621155E-007 
      1.82000000 -0.850763852715124E+003  0.402515848690156E-007 
      1.84000000 -0.850763852716286E+003  0.390899469622225E-007 
      1.86000000 -0.850763852717654E+003  0.377220061848321E-007 
      1.88000000 -0.850763852719205E+003  0.361713510562568E-007 
      1.90000000 -0.850763852720909E+003  0.344669838544624E-007 
      1.92000000 -0.850763852722734E+003  0.326421605248497E-007 
      1.94000000 -0.850763852724643E+003  0.307329405663562E-007 
      1.96000000 -0.850763852726597E+003  0.287790570997954E-007 
      1.98000000 -0.850763852728552E+003  0.268235301708165E-007 
      2.00000000 -0.850763852730464E+003  0.249117000073062E-007 
      2.02000000 -0.850763852732286E+003  0.230897769054900E-007 
      2.04000000 -0.850763852733970E+003  0.214059046467915E-007 
      2.06000000 -0.850763852735467E+003  0.199086137096733E-007 
      2.08000000 -0.850763852736730E+003  0.186456611785195E-007 
      2.10000000 -0.850763852737712E+003  0.176641274178944E-007 
      2.12000000 -0.850763852738367E+003  0.170093526556849E-007 
      2.14000000 -0.850763852738651E+003  0.167246469603199E-007 
      2.16000000 -0.850763852738527E+003  0.168492600813133E-007 
      2.18000000 -0.850763852737956E+003  0.174202182602015E-007 
      2.20000000 -0.850763852736907E+003  0.184690373057073E-007 
      2.22000000 -0.850763852735353E+003  0.200227860105990E-007 
      2.24000000 -0.850763852733273E+003  0.221033127576108E-007 
      2.26000000 -0.850763852730649E+003  0.247265687996240E-007 
      2.28000000 -0.850763852727473E+003  0.279028016081865E-007 
      2.30000000 -0.850763852723742E+003  0.316343313655356E-007 
      2.32000000 -0.850763852719457E+003  0.359188378894340E-007 
      2.34000000 -0.850763852714630E+003  0.407463637311134E-007 
      2.36000000 -0.850763852709276E+003  0.460999908950937E-007 
      2.38000000 -0.850763852703419E+003  0.519567109075220E-007 
      2.40000000 -0.850763852697090E+003  0.582862647250540E-007 
      2.42000000 -0.850763852690323E+003  0.650525928487520E-007 
      2.44000000 -0.850763852683163E+003  0.722133519527858E-007 
      2.46000000 -0.850763852675656E+003  0.797200115586927E-007 
      2.48000000 -0.850763852667857E+003  0.875188207779758E-007 
      2.50000000 -0.850763852659824E+003  0.955519684032231E-007 
      2.52000000 -0.850763852651620E+003  0.103755939445689E-006 
      2.54000000 -0.850763852643312E+003  0.112064028666053E-006 
      2.56000000 -0.850763852634970E+003  0.120406147225897E-006 
      2.58000000 -0.850763852626666E+003  0.128710079453086E-006 
      2.60000000 -0.850763852618474E+003  0.136901579516027E-006 
      2.62000000 -0.850763852610472E+003  0.144904468097929E-006 
      2.64000000 -0.850763852602732E+003  0.152643725973123E-006 
      2.66000000 -0.850763852595332E+003  0.160043753870375E-006 
      2.68000000 -0.850763852588346E+003  0.167030305958094E-006 
      2.70000000 -0.850763852581845E+003  0.173531359912664E-006 
      2.72000000 -0.850763852575898E+003  0.179478373683826E-006 
      2.74000000 -0.850763852570569E+003  0.184806478843196E-006 
      2.76000000 -0.850763852565922E+003  0.189454383910007E-006 
      2.78000000 -0.850763852562009E+003  0.193367467927423E-006 
      2.80000000 -0.850763852558880E+003  0.196496427022901E-006 
      2.82000000 -0.850763852556576E+003  0.198800077961730E-006 
      2.84000000 -0.850763852555132E+003  0.200243908033131E-006 
      2.86000000 -0.850763852554575E+003  0.200801331815635E-006 
      2.88000000 -0.850763852554920E+003  0.200456011359321E-006 
      2.90000000 -0.850763852556176E+003  0.199199729352100E-006 
      2.92000000 -0.850763852558341E+003  0.197034999324727E-006 
      2.94000000 -0.850763852561402E+003  0.193973712211169E-006 
      2.96000000 -0.850763852565338E+003  0.190037909742681E-006 
      2.98000000 -0.850763852570114E+003  0.185261621258741E-006 
      3.00000000 -0.850763852575688E+003  0.179687963479259E-006 
      3.02000000 -0.850763852582005E+003  0.173370977315513E-006 
      3.04000000 -0.850763852589001E+003  0.166375144498845E-006 
      3.06000000 -0.850763852596601E+003  0.158774807535108E-006 
      3.08000000 -0.850763852604723E+003  0.150653202962065E-006 
      3.10000000 -0.850763852613273E+003  0.142103524766245E-006 
      3.12000000 -0.850763852622150E+003  0.133225540783852E-006 
      3.14000000 -0.850763852631248E+003  0.124127622860218E-006 
      3.16000000 -0.850763852640452E+003  0.114924426667567E-006 
      3.18000000 -0.850763852649641E+003  0.105734861545561E-006 
      3.20000000 -0.850763852658693E+003  0.966827672211124E-007 
      3.22000000 -0.850763852667481E+003  0.878945936261536E-007 
      3.24000000 -0.850763852675877E+003  0.794986275035532E-007 
      3.26000000 -0.850763852683754E+003  0.716223822021012E-007 
      3.28000000 -0.850763852690983E+003  0.643930810478080E-007 
      3.30000000 -0.850763852697441E+003  0.579346604418477E-007 
      3.32000000 -0.850763852703010E+003  0.523665130951798E-007 
      3.34000000 -0.850763852707573E+003  0.478031980057695E-007 
      3.36000000 -0.850763852711025E+003  0.443514435565312E-007 
      3.38000000 -0.850763852713266E+003  0.421100508410687E-007 
      3.40000000 -0.850763852714209E+003  0.411666067388388E-007 
      3.42000000 -0.850763852713777E+003  0.415986440062705E-007 
      3.44000000 -0.850763852711905E+003  0.434708377232274E-007 
      3.46000000 -0.850763852708542E+003  0.468345219217094E-007 
      3.48000000 -0.850763852703650E+003  0.517259494491736E-007 
      3.50000000 -0.850763852697210E+003  0.581662919685352E-007 
      3.52000000 -0.850763852689215E+003  0.661605765413082E-007 
      3.54000000 -0.850763852679679E+003  0.756966222107470E-007 
      3.56000000 -0.850763852668630E+003  0.867457167216655E-007 
      3.58000000 -0.850763852656115E+003  0.992613597550582E-007 
      3.60000000 -0.850763852642197E+003  0.113179552950881E-006 
      3.62000000 -0.850763852626957E+003  0.128419476627868E-006 
      3.64000000 -0.850763852610492E+003  0.144883683132054E-006 
      3.66000000 -0.850763852592918E+003  0.162458290185294E-006 
      3.68000000 -0.850763852574361E+003  0.181014721021938E-006 
      3.70000000 -0.850763852554966E+003  0.200409704388836E-006 
      3.72000000 -0.850763852534890E+003  0.220486434636451E-006 
      3.74000000 -0.850763852514297E+003  0.241078632037780E-006 
      3.76000000 -0.850763852493368E+003  0.262008222606112E-006 
      3.78000000 -0.850763852472286E+003  0.283090075133765E-006 
      3.80000000 -0.850763852451243E+003  0.304132677911904E-006 
      3.82000000 -0.850763852430435E+003  0.324941135632599E-006 
      3.84000000 -0.850763852410059E+003  0.345317169388822E-006 
      3.86000000 -0.850763852390312E+003  0.365064337084485E-006 
      3.88000000 -0.850763852371388E+003  0.383987743411658E-006 
      3.90000000 -0.850763852353478E+003  0.401897713472443E-006 
      3.92000000 -0.850763852336765E+003  0.418611242892876E-006 
      3.94000000 -0.850763852321421E+003  0.433954801376461E-006 
      3.96000000 -0.850763852307610E+003  0.447766072840849E-006 
      3.98000000 -0.850763852295480E+003  0.459895985577296E-006 
      4.00000000 -0.850763852285165E+003  0.470210742410118E-006 
      4.02000000 -0.850763852276782E+003  0.478593560833374E-006 
      4.04000000 -0.850763852270429E+003  0.484946896518838E-006 
      4.06000000 -0.850763852266183E+003  0.489193120035822E-006 
      4.08000000 -0.850763852264101E+003  0.491274903548212E-006 
      4.10000000 -0.850763852264217E+003  0.491158894436349E-006 
      4.12000000 -0.850763852266542E+003  0.488834071834604E-006 
      4.14000000 -0.850763852271063E+003  0.484312713373985E-006 
      4.16000000 -0.850763852277745E+003  0.477631265250467E-006 
      4.18000000 -0.850763852286526E+003  0.468849762179440E-006 
      4.20000000 -0.850763852297325E+003  0.458051054001627E-006 
      4.22000000 -0.850763852310036E+003  0.445340515660303E-006 
      4.24000000 -0.850763852324530E+003  0.430846047201299E-006 
      4.26000000 -0.850763852340662E+003  0.414714496825381E-006 
      4.28000000 -0.850763852358263E+003  0.397112627630854E-006 
      4.30000000 -0.850763852377153E+003  0.378222670597602E-006 
      4.32000000 -0.850763852397132E+003  0.358244258072291E-006 
      4.34000000 -0.850763852417988E+003  0.337387656570173E-006 
      4.36000000 -0.850763852439501E+003  0.315875120214727E-006 
      4.38000000 -0.850763852461439E+003  0.293937507138561E-006 
      4.40000000 -0.850763852483566E+003  0.271810315838758E-006 
      4.42000000 -0.850763852505643E+003  0.249733395154096E-006 
      4.44000000 -0.850763852527429E+003  0.227947367317432E-006 
      4.46000000 -0.850763852548685E+003  0.206690824402165E-006 
      4.48000000 -0.850763852569178E+003  0.186198201488519E-006 
      4.50000000 -0.850763852588679E+003  0.166696876435746E-006 
      4.52000000 -0.850763852606970E+003  0.148405816442489E-006 
      4.54000000 -0.850763852623844E+003  0.131532001099165E-006 
      4.56000000 -0.850763852639107E+003  0.116268875599805E-006 
      4.58000000 -0.850763852652581E+003  0.102794803953900E-006 
      4.60000000 -0.850763852664106E+003  0.912695887130422E-007 
      4.62000000 -0.850763852673541E+003  0.818354377135234E-007 
      4.64000000 -0.850763852680764E+003  0.746121303633432E-007 
      4.66000000 -0.850763852685677E+003  0.696989511274046E-007 
      4.68000000 -0.850763852688205E+003  0.671714992769386E-007 
      4.70000000 -0.850763852688294E+003  0.670824622835834E-007 
      4.72000000 -0.850763852685917E+003  0.694593923114065E-007 
      4.74000000 -0.850763852681070E+003  0.743058663080236E-007 
      4.76000000 -0.850763852673775E+003  0.816013893303389E-007 
      4.78000000 -0.850763852664076E+003  0.912996544078668E-007 
      4.80000000 -0.850763852652045E+003  0.103331346096269E-006 
      4.82000000 -0.850763852637773E+003  0.117603463757535E-006 
      4.84000000 -0.850763852621375E+003  0.134001255045179E-006 
      4.86000000 -0.850763852602989E+003  0.152387249161644E-006 
      4.88000000 -0.850763852582772E+003  0.172604350434615E-006 
      4.90000000 -0.850763852560898E+003  0.194477868476476E-006 
      4.92000000 -0.850763852537561E+003  0.217814648115975E-006 
      4.94000000 -0.850763852512969E+003  0.242406646345838E-006 
      4.96000000 -0.850763852487343E+003  0.268032865807963E-006 
      4.98000000 -0.850763852460915E+003  0.294461384952884E-006 
      5.00000000 -0.850763852433926E+003  0.321450131433846E-006 
      5.02000000 -0.850763852406625E+003  0.348751522471281E-006 
      5.04000000 -0.850763852379263E+003  0.376112754875584E-006 
      5.06000000 -0.850763852352096E+003  0.403279865366037E-006 
      5.08000000 -0.850763852325378E+003  0.429997923919317E-006 
      5.10000000 -0.850763852299360E+003  0.456015867482502E-006 
      5.12000000 -0.850763852274288E+003  0.481088143435479E-006 
      5.14000000 -0.850763852250401E+003  0.504975386310771E-006 
      5.16000000 -0.850763852227926E+003  0.527449831552085E-006 
      5.18000000 -0.850763852207081E+003  0.548294928817276E-006 
      5.20000000 -0.850763852188067E+003  0.567309208948742E-006 
      5.22000000 -0.850763852171070E+003  0.584306477321941E-006 
      5.24000000 -0.850763852156255E+003  0.599120647558389E-006 
      5.26000000 -0.850763852143772E+003  0.611604194737499E-006 
      5.28000000 -0.850763852133743E+003  0.621632602412539E-006 
      5.30000000 -0.850763852126272E+003  0.629104169262107E-006 
      5.32000000 -0.850763852121435E+003  0.633940975832735E-006 
      5.34000000 -0.850763852119285E+003  0.636091204721125E-006 
      5.36000000 -0.850763852119847E+003  0.635529043899887E-006 
      5.38000000 -0.850763852123122E+003  0.632254493369020E-006 
      5.40000000 -0.850763852129080E+003  0.626295588663892E-006 
      5.42000000 -0.850763852137670E+003  0.617706274021519E-006 
      5.44000000 -0.850763852148809E+003  0.606567465797426E-006 
      5.46000000 -0.850763852162391E+003  0.592985312328968E-006 
      5.48000000 -0.850763852178285E+003  0.577091193935331E-006 
      5.50000000 -0.850763852196337E+003  0.559039016038253E-006 
      5.52000000 -0.850763852216370E+003  0.539006562601666E-006 
      5.54000000 -0.850763852238185E+003  0.517190855767216E-006 
      5.56000000 -0.850763852261569E+003  0.493807189111672E-006 
      5.58000000 -0.850763852286288E+003  0.469087580858760E-006 
      5.60000000 -0.850763852312099E+003  0.443276713560252E-006 
      5.62000000 -0.850763852338745E+003  0.416631354050406E-006 
      5.64000000 -0.850763852365960E+003  0.389416389801310E-006 
      5.66000000 -0.850763852393474E+003  0.361902122043606E-006 
      5.68000000 -0.850763852421015E+003  0.334360978841654E-006 
      5.70000000 -0.850763852448309E+003  0.307066935047971E-006 
      5.72000000 -0.850763852475087E+003  0.280288745105041E-006 
      5.74000000 -0.850763852501086E+003  0.254289749696795E-006 
      5.76000000 -0.850763852526051E+003  0.229324975520811E-006 
      5.78000000 -0.850763852549739E+003  0.205637074969405E-006 
      5.80000000 -0.850763852571922E+003  0.183453812598868E-006 
      5.82000000 -0.850763852592389E+003  0.162987291735391E-006 
      5.84000000 -0.850763852610946E+003  0.144429700807628E-006 
      5.86000000 -0.850763852627424E+003  0.127951766558538E-006 
      5.88000000 -0.850763852641674E+003  0.113702173999826E-006 
      5.90000000 -0.850763852653572E+003  0.101803892790066E-006 
      5.92000000 -0.850763852663021E+003  0.923546606060054E-007 
      5.94000000 -0.850763852669951E+003  0.854245662860601E-007 
      5.96000000 -0.850763852674319E+003  0.810572099214392E-007 
      5.98000000 -0.850763852676109E+003  0.792669959768657E-007 
      6.00000000 -0.850763852675335E+003  0.800413567985546E-007 
      6.02000000 -0.850763852672037E+003  0.833394958488336E-007 
      6.04000000 -0.850763852666283E+003  0.890934511230029E-007 
      6.06000000 -0.850763852658168E+003  0.972083851721139E-007 
      6.08000000 -0.850763852647810E+003  0.107565485330767E-006 
      6.10000000 -0.850763852635355E+003  0.120021577020069E-006 
      6.12000000 -0.850763852620965E+003  0.134411153907097E-006 
      6.14000000 -0.850763852604826E+003  0.150550438223806E-006 
      6.16000000 -0.850763852587140E+003  0.168236124001655E-006 
      6.18000000 -0.850763852568126E+003  0.187250114110341E-006 
      6.20000000 -0.850763852548014E+003  0.207362033788555E-006 
      6.22000000 -0.850763852527045E+003  0.228331357477700E-006 
      6.24000000 -0.850763852505467E+003  0.249909438981349E-006 
      6.26000000 -0.850763852483532E+003  0.271844055155458E-006 
      6.28000000 -0.850763852461495E+003  0.293880952696527E-006 
      6.30000000 -0.850763852439608E+003  0.315768005134773E-006 
      6.32000000 -0.850763852418120E+003  0.337255986228208E-006 
      6.34000000 -0.850763852397271E+003  0.358104563766755E-006 
      6.36000000 -0.850763852377294E+003  0.378081912875207E-006 
      6.38000000 -0.850763852358408E+003  0.396968389635103E-006 
      6.40000000 -0.850763852340817E+003  0.414559431312524E-006 
      6.42000000 -0.850763852324708E+003  0.430667683191809E-006 
      6.44000000 -0.850763852310252E+003  0.445123771969639E-006 
      6.46000000 -0.850763852297597E+003  0.457778915960047E-006 
      6.48000000 -0.850763852286871E+003  0.468505408465725E-006 
      6.50000000 -0.850763852278176E+003  0.477199711354334E-006 
      6.52000000 -0.850763852271596E+003  0.483779941527751E-006 
      6.54000000 -0.850763852267186E+003  0.488190221263762E-006 
      6.56000000 -0.850763852264979E+003  0.490396811245665E-006 
      6.58000000 -0.850763852264985E+003  0.490391494161372E-006 
      6.60000000 -0.850763852267187E+003  0.488189351195423E-006 
      6.62000000 -0.850763852271548E+003  0.483827698612135E-006 
      6.64000000 -0.850763852278009E+003  0.477366957823938E-006 
      6.66000000 -0.850763852286488E+003  0.468887561815055E-006 
      6.68000000 -0.850763852296887E+003  0.458489181747431E-006 
      6.70000000 -0.850763852309086E+003  0.446290050240906E-006 
      6.72000000 -0.850763852322952E+003  0.432423867796903E-006 
      6.74000000 -0.850763852338338E+003  0.417038352684527E-006 
      6.76000000 -0.850763852355081E+003  0.400294757569269E-006 
      6.78000000 -0.850763852373013E+003  0.382362842451490E-006 
      6.80000000 -0.850763852391955E+003  0.363421454711978E-006 
      6.82000000 -0.850763852411721E+003  0.343654855490078E-006 
      6.84000000 -0.850763852432124E+003  0.323251946289606E-006 
      6.86000000 -0.850763852452974E+003  0.302402402008460E-006 
      6.88000000 -0.850763852474080E+003  0.281295704196017E-006 
      6.90000000 -0.850763852495257E+003  0.260119304242195E-006 
      6.92000000 -0.850763852516318E+003  0.239057559960599E-006 
      6.94000000 -0.850763852537090E+003  0.218286515178480E-006 
      6.96000000 -0.850763852557399E+003  0.197976993313059E-006 
      6.98000000 -0.850763852577087E+003  0.178289086938705E-006 
      7.00000000 -0.850763852596003E+003  0.159373221203804E-006 
      7.02000000 -0.850763852614008E+003  0.141368317019811E-006 
      7.04000000 -0.850763852630977E+003  0.124399470879018E-006 
      7.06000000 -0.850763852646797E+003  0.108579308294194E-006 
      7.08000000 -0.850763852661371E+003  0.940053735935630E-007 
      7.10000000 -0.850763852674615E+003  0.807608066406280E-007 
      7.12000000 -0.850763852686464E+003  0.689125060232300E-007 
      7.14000000 -0.850763852696863E+003  0.585127725159674E-007 
      7.16000000 -0.850763852705779E+003  0.495975689435181E-007 
      7.18000000 -0.850763852713188E+003  0.421875835974975E-007 
      7.20000000 -0.850763852719088E+003  0.362881335621994E-007 
      7.22000000 -0.850763852723486E+003  0.318896480858951E-007 
      7.24000000 -0.850763852726409E+003  0.289668951867544E-007 
      7.26000000 -0.850763852727894E+003  0.274824619262011E-007 
      7.28000000 -0.850763852727991E+003  0.273848209237160E-007 
      7.30000000 -0.850763852726766E+003  0.286099738192544E-007 
      7.32000000 -0.850763852724293E+003  0.310829980614043E-007 
      7.34000000 -0.850763852720657E+003  0.347185302786864E-007 
      7.36000000 -0.850763852715954E+003  0.394217330221521E-007 
      7.38000000 -0.850763852710286E+003  0.450898415535423E-007 
      7.40000000 -0.850763852703763E+003  0.516131305878863E-007 
      7.42000000 -0.850763852696500E+003  0.588764610816595E-007 
      7.44000000 -0.850763852688616E+003  0.667602469753826E-007 
      7.46000000 -0.850763852680234E+003  0.751424853530791E-007 
      7.48000000 -0.850763852671477E+003  0.838985630937557E-007 
      7.50000000 -0.850763852662471E+003  0.929048338190180E-007 
      7.52000000 -0.850763852653339E+003  0.102036877756392E-006 
      7.54000000 -0.850763852644202E+003  0.111173852081021E-006 
      7.56000000 -0.850763852635177E+003  0.120198780938441E-006 
      7.58000000 -0.850763852626378E+003  0.128997782050507E-006 
      7.60000000 -0.850763852617913E+003  0.137463353640226E-006 
      7.62000000 -0.850763852609881E+003  0.145495244500094E-006 
      7.64000000 -0.850763852602376E+003  0.152999680598024E-006 
      7.66000000 -0.850763852595483E+003  0.159892942024952E-006 
      7.68000000 -0.850763852589278E+003  0.166098462767050E-006 
      7.70000000 -0.850763852583825E+003  0.171550504327595E-006 
      7.72000000 -0.850763852579183E+003  0.176192802287332E-006 
      7.74000000 -0.850763852575396E+003  0.179980403115415E-006 
      7.76000000 -0.850763852572498E+003  0.182878020706986E-006 
      7.78000000 -0.850763852570515E+003  0.184861486497072E-006 
      7.80000000 -0.850763852569458E+003  0.185917846134849E-006 
      7.82000000 -0.850763852569332E+003  0.186043619346961E-006 
      7.84000000 -0.850763852570129E+003  0.185246733422718E-006 
      7.86000000 -0.850763852571831E+003  0.183545266448721E-006 
      7.88000000 -0.850763852574410E+003  0.180965997194956E-006 
      7.90000000 -0.850763852577831E+003  0.177545081834621E-006 
      7.92000000 -0.850763852582049E+003  0.173327377224304E-006 
      7.94000000 -0.850763852587011E+003  0.168364604093044E-006 
      7.96000000 -0.850763852592661E+003  0.162715443716591E-006 
      7.98000000 -0.850763852598931E+003  0.156444667849070E-006 
      8.00000000 -0.850763852605754E+003  0.149622462003158E-006 
      8.02000000 -0.850763852613054E+003  0.142321911919328E-006 
      8.04000000 -0.850763852620756E+003  0.134620550354011E-006 
      8.06000000 -0.850763852628780E+003  0.126596393434933E-006 
      8.08000000 -0.850763852637046E+003  0.118330164169100E-006 
      8.10000000 -0.850763852645474E+003  0.109902005517957E-006 
      8.12000000 -0.850763852653985E+003  0.101391383723132E-006 
      8.14000000 -0.850763852662501E+003  0.928752514954928E-007 
      8.16000000 -0.850763852670947E+003  0.844290147577516E-007 
      8.18000000 -0.850763852679251E+003  0.761246958335233E-007 
      8.20000000 -0.850763852687347E+003  0.680290966363895E-007 
      8.22000000 -0.850763852695171E+003  0.602054421323157E-007 
      8.24000000 -0.850763852702665E+003  0.527105767861150E-007 
      8.26000000 -0.850763852709780E+003  0.455958346297869E-007 
      8.28000000 -0.850763852716470E+003  0.389065558912183E-007 
      8.30000000 -0.850763852722695E+003  0.326812169258437E-007 
      8.32000000 -0.850763852728425E+003  0.269511401938663E-007 
      8.34000000 -0.850763852733634E+003  0.217417510256363E-007 
      8.36000000 -0.850763852738305E+003  0.170705474621929E-007 
      8.38000000 -0.850763852742428E+003  0.129485503691633E-007 
      8.40000000 -0.850763852745996E+003  0.937982006546267E-008 
      8.42000000 -0.850763852749014E+003  0.636203636885373E-008 
      8.44000000 -0.850763852751490E+003  0.388640192168683E-008 
      8.46000000 -0.850763852753438E+003  0.193841558497905E-008 
      8.48000000 -0.850763852754878E+003  0.497582415634490E-009 
      8.50000000 -0.850763852755837E+003 -0.460846196877718E-009 
      8.52000000 -0.850763852756342E+003 -0.966452576082766E-009 
      8.54000000 -0.850763852756430E+003 -0.105355608424027E-008 
      8.56000000 -0.850763852756135E+003 -0.758892940107003E-009 
      8.58000000 -0.850763852755498E+003 -0.122196264496210E-009 
      8.60000000 -0.850763852754562E+003  0.814480639541593E-009 
      8.62000000 -0.850763852753369E+003  0.200724765801805E-008 
      8.64000000 -0.850763852751964E+003  0.341202132842504E-008 
      8.66000000 -0.850763852750392E+003  0.498384811991546E-008 
      8.68000000 -0.850763852748698E+003  0.667796785016197E-008 
      8.70000000 -0.850763852746925E+003  0.845097377647566E-008 
      8.72000000 -0.850763852745116E+003  0.102605225730263E-007 
      8.74000000 -0.850763852743310E+003  0.120658177021420E-007 
      8.76000000 -0.850763852741546E+003  0.138297362480264E-007 
      8.78000000 -0.850763852739860E+003  0.155156386661826E-007 
      8.80000000 -0.850763852738284E+003  0.170924925191871E-007 
      8.82000000 -0.850763852736845E+003  0.185309088320345E-007 
      8.84000000 -0.850763852735570E+003  0.198061389941939E-007 
      8.86000000 -0.850763852734480E+003  0.208962379486712E-007 
      8.88000000 -0.850763852733591E+003  0.217847710712856E-007 
      8.90000000 -0.850763852732918E+003  0.224578172686137E-007 
      8.92000000 -0.850763852732470E+003  0.229062891602259E-007 
      8.94000000 -0.850763852732251E+003  0.231246763133090E-007 
      8.96000000 -0.850763852732264E+003  0.231118186367441E-007 
      8.98000000 -0.850763852732507E+003  0.228687795473901E-007 
      9.00000000 -0.850763852732974E+003  0.224019395463994E-007 
      9.02000000 -0.850763852733657E+003  0.217191292488229E-007 
      9.04000000 -0.850763852734544E+003  0.208323362628864E-007 
      9.06000000 -0.850763852735621E+003  0.197554816820135E-007 
      9.08000000 -0.850763852736872E+003  0.185045167590856E-007 
      9.10000000 -0.850763852738279E+003  0.170971328836616E-007 
      9.12000000 -0.850763852739823E+003  0.155533416275382E-007 
      9.14000000 -0.850763852741483E+003  0.138928645397321E-007 
      9.16000000 -0.850763852743239E+003  0.121369699574183E-007 
      9.18000000 -0.850763852745069E+003  0.103071195662915E-007 
      9.20000000 -0.850763852746951E+003  0.842487172630637E-008 
      9.22000000 -0.850763852748865E+003  0.651091472907854E-008 
      9.24000000 -0.850763852750791E+003  0.458555016918414E-008 
      9.26000000 -0.850763852752708E+003  0.266840292138006E-008 
      9.28000000 -0.850763852754598E+003  0.777744420784821E-009 
      9.30000000 -0.850763852756446E+003 -0.106989403416105E-008 
      9.32000000 -0.850763852758235E+003 -0.285933458465539E-008 
      9.34000000 -0.850763852759953E+003 -0.457704283431415E-008 
      9.36000000 -0.850763852761587E+003 -0.621122452343119E-008 
      9.38000000 -0.850763852763128E+003 -0.775240557453767E-008 
      9.40000000 -0.850763852764568E+003 -0.919227200128336E-008 
      9.42000000 -0.850763852765902E+003 -0.105256033936344E-007 
      9.44000000 -0.850763852767124E+003 -0.117477593871163E-007 
      9.46000000 -0.850763852768233E+003 -0.128571931935708E-007 
      9.48000000 -0.850763852769229E+003 -0.138527447218793E-007 
      9.50000000 -0.850763852770113E+003 -0.147365408057594E-007 
      9.52000000 -0.850763852770887E+003 -0.155108049531883E-007 
      9.54000000 -0.850763852771555E+003 -0.161793074603016E-007 
      9.56000000 -0.850763852772124E+003 -0.167479454569525E-007 
      9.58000000 -0.850763852772599E+003 -0.172227127472539E-007 
      9.60000000 -0.850763852772987E+003 -0.176106665521774E-007 
      9.62000000 -0.850763852773296E+003 -0.179194441382540E-007 
      9.64000000 -0.850763852773534E+003 -0.181575528403538E-007 
      9.66000000 -0.850763852773709E+003 -0.183332099705671E-007 
      9.68000000 -0.850763852773831E+003 -0.184550195380238E-007 
      9.70000000 -0.850763852773907E+003 -0.185313922033339E-007 
      9.72000000 -0.850763852773947E+003 -0.185712219984071E-007 
      9.74000000 -0.850763852773958E+003 -0.185823395382940E-007 
      9.76000000 -0.850763852773949E+003 -0.185724787637856E-007 
      9.78000000 -0.850763852773925E+003 -0.185486968958536E-007 
      9.80000000 -0.850763852773894E+003 -0.185178578069499E-007 
      9.82000000 -0.850763852773862E+003 -0.184855686041478E-007 
      9.84000000 -0.850763852773833E+003 -0.184572430460012E-007 
      9.86000000 -0.850763852773814E+003 -0.184379081940239E-007 
      9.88000000 -0.850763852773807E+003 -0.184304642760127E-007 
      9.90000000 -0.850763852773815E+003 -0.184386815881030E-007 
      9.92000000 -0.850763852773841E+003 -0.184646869640124E-007 
      9.94000000 -0.850763852773886E+003 -0.185096404948595E-007 
      9.96000000 -0.850763852773951E+003 -0.185747022717630E-007 
      9.98000000 -0.850763852774037E+003 -0.186606456888018E-007 
     10.00000000 -0.850763852774142E+003 -0.187661173063377E-007 
     10.02000000 -0.850763852774267E+003 -0.188908271015910E-007 
     10.04000000 -0.850763852774410E+003 -0.190335183091831E-007 
     10.06000000 -0.850763852774568E+003 -0.191916773983570E-007 
     10.08000000 -0.850763852774741E+003 -0.193645309750336E-007 
     10.10000000 -0.850763852774924E+003 -0.195484054173372E-007 
     10.12000000 -0.850763852775118E+003 -0.197421406341492E-007 
     10.14000000 -0.850763852775318E+003 -0.199420630035940E-007 
     10.16000000 -0.850763852775523E+003 -0.201465290632534E-007 
     10.18000000 -0.850763852775728E+003 -0.203521552140314E-007 
     10.20000000 -0.850763852775933E+003 -0.205569112964705E-007 
     10.22000000 -0.850763852776135E+003 -0.207587671511130E-007 
     10.24000000 -0.850763852776331E+003 -0.209554025957216E-007 
     10.26000000 -0.850763852776521E+003 -0.211449808193585E-007 
     10.28000000 -0.850763852776702E+003 -0.213260517081254E-007 
     10.30000000 -0.850763852776873E+003 -0.214973584966438E-007 
     10.32000000 -0.850763852777034E+003 -0.216580311165748E-007 
     10.34000000 -0.850763852777184E+003 -0.218076828708787E-007 
     10.36000000 -0.850763852777322E+003 -0.219454436912166E-007 
     10.38000000 -0.850763852777448E+003 -0.220716036003681E-007 
     10.40000000 -0.850763852777563E+003 -0.221865492953729E-007 
     10.42000000 -0.850763852777667E+003 -0.222908608217901E-007 
     10.44000000 -0.850763852777761E+003 -0.223846348538798E-007 
     10.46000000 -0.850763852777845E+003 -0.224693215055401E-007 
     10.48000000 -0.850763852777921E+003 -0.225453074738107E-007 
     10.50000000 -0.850763852777990E+003 -0.226141395468497E-007 
     10.52000000 -0.850763852778053E+003 -0.226771711642955E-007 
     10.54000000 -0.850763852778111E+003 -0.227348856974476E-007 
     10.56000000 -0.850763852778164E+003 -0.227883465631647E-007 
     10.58000000 -0.850763852778215E+003 -0.228390038753451E-007 
     10.60000000 -0.850763852778264E+003 -0.228877277023278E-007 
     10.62000000 -0.850763852778311E+003 -0.229349047411523E-007 
     10.64000000 -0.850763852778357E+003 -0.229812117116378E-007 
     10.66000000 -0.850763852778404E+003 -0.230275186821233E-007 
     10.68000000 -0.850763852778450E+003 -0.230735356298291E-007 
     10.70000000 -0.850763852778496E+003 -0.231197459260548E-007 
     10.72000000 -0.850763852778542E+003 -0.231660528965403E-007 
     10.74000000 -0.850763852778588E+003 -0.232118764957264E-007 
     10.76000000 -0.850763852778634E+003 -0.232581834662119E-007 
     10.78000000 -0.850763852778680E+003 -0.233042004139177E-007 
     10.80000000 -0.850763852778726E+003 -0.233504107101433E-007 
     10.82000000 -0.850763852778773E+003 -0.233964276578492E-007 
     10.84000000 -0.850763852778819E+003 -0.234426379540748E-007 
     10.86000000 -0.850763852778865E+003 -0.234889449245603E-007 
     10.88000000 -0.850763852778911E+003 -0.235348651980063E-007 
     10.90000000 -0.850763852778957E+003 -0.235808821457121E-007 
     10.92000000 -0.850763852779003E+003 -0.236270924419378E-007 
     10.94000000 -0.850763852779049E+003 -0.236733027381634E-007 
     10.96000000 -0.850763852779095E+003 -0.237193196858692E-007 
     10.98000000 -0.850763852779142E+003 -0.237655299820949E-007 
     11.00000000 -0.850763852779188E+003 -0.238116436040606E-007 
     11.02000000 -0.850763852779234E+003 -0.238577572260263E-007 
     11.04000000 -0.850763852779280E+003 -0.239039675222520E-007 
     11.06000000 -0.850763852779326E+003 -0.239499844699578E-007 
     11.08000000 -0.850763852779372E+003 -0.239961947661834E-007 
     11.10000000 -0.850763852779418E+003 -0.240422117138893E-007 
     11.12000000 -0.850763852779464E+003 -0.240883253358550E-007 
     11.14000000 -0.850763852779510E+003 -0.241344389578208E-007 
     11.16000000 -0.850763852779557E+003 -0.241806492540464E-007 
     11.18000000 -0.850763852779603E+003 -0.242268595502720E-007 
     11.20000000 -0.850763852779649E+003 -0.242728764979779E-007 
     11.22000000 -0.850763852779695E+003 -0.243191834684634E-007 
     11.24000000 -0.850763852779741E+003 -0.243651037419093E-007 
     11.26000000 -0.850763852779787E+003 -0.244113140381350E-007 
     11.28000000 -0.850763852779833E+003 -0.244573309858408E-007 
     11.30000000 -0.850763852779879E+003 -0.245033479335467E-007 
     11.32000000 -0.850763852779926E+003 -0.245495582297723E-007 
     11.34000000 -0.850763852779972E+003 -0.245959618745177E-007 
     11.36000000 -0.850763852780018E+003 -0.246419788222235E-007 
     11.38000000 -0.850763852780064E+003 -0.246879957699294E-007 
     11.40000000 -0.850763852780110E+003 -0.247341093918951E-007 
     11.42000000 -0.850763852780156E+003 -0.247802230138609E-007 
     11.44000000 -0.850763852780202E+003 -0.248264333100865E-007 
     11.46000000 -0.850763852780249E+003 -0.248726436063121E-007 
     11.48000000 -0.850763852780295E+003 -0.249188539025377E-007 
     11.50000000 -0.850763852780341E+003 -0.249648708502436E-007 
     11.52000000 -0.850763852780387E+003 -0.250110811464692E-007 
     11.54000000 -0.850763852780433E+003 -0.250569047456553E-007 
     11.56000000 -0.850763852780479E+003 -0.251033083904007E-007 
     11.58000000 -0.850763852780525E+003 -0.251493253381065E-007 
     11.60000000 -0.850763852780572E+003 -0.251955356343322E-007 
     11.62000000 -0.850763852780617E+003 -0.252413592335182E-007 
     11.64000000 -0.850763852780664E+003 -0.252876662040038E-007 
     11.66000000 -0.850763852780710E+003 -0.253337798259695E-007 
     11.68000000 -0.850763852780756E+003 -0.253797967736753E-007 
     11.70000000 -0.850763852780802E+003 -0.254260070699010E-007 
     11.72000000 -0.850763852780848E+003 -0.254722173661266E-007 
     11.74000000 -0.850763852780894E+003 -0.255184276623522E-007 
     11.76000000 -0.850763852780941E+003 -0.255644446100581E-007 
     11.78000000 -0.850763852780987E+003 -0.256105582320238E-007 
     11.80000000 -0.850763852781033E+003 -0.256566718539895E-007 
     11.82000000 -0.850763852781079E+003 -0.257028821502152E-007 
     11.84000000 -0.850763852781125E+003 -0.257488990979210E-007 
     11.86000000 -0.850763852781171E+003 -0.257951093941466E-007 
     11.88000000 -0.850763852781217E+003 -0.258413196903723E-007 
     11.90000000 -0.850763852781263E+003 -0.258872399638182E-007 
     11.92000000 -0.850763852781310E+003 -0.259334502600439E-007 
     11.94000000 -0.850763852781355E+003 -0.259794672077497E-007 
     11.96000000 -0.850763852781402E+003 -0.260257741782352E-007 
     11.98000000 -0.850763852781448E+003 -0.260718878002010E-007 
     12.00000000 -0.850763852781494E+003 -0.261180014221667E-007 
     12.02000000 -0.850763852781540E+003 -0.261642117183923E-007 
     12.04000000 -0.850763852781586E+003 -0.262102286660982E-007 
     12.06000000 -0.850763852781633E+003 -0.262564389623238E-007 
     12.08000000 -0.850763852781678E+003 -0.263024559100296E-007 
     12.10000000 -0.850763852781725E+003 -0.263486662062553E-007 
     12.12000000 -0.850763852781771E+003 -0.263948765024809E-007 
     12.14000000 -0.850763852781817E+003 -0.264410867987065E-007 
     12.16000000 -0.850763852781863E+003 -0.264870070721525E-007 
     12.18000000 -0.850763852781909E+003 -0.265331206941182E-007 
     12.20000000 -0.850763852781955E+003 -0.265793309903438E-007 
     12.22000000 -0.850763852782002E+003 -0.266255412865695E-007 
     12.24000000 -0.850763852782048E+003 -0.266715582342753E-007 
     12.26000000 -0.850763852782094E+003 -0.267176718562411E-007 
     12.28000000 -0.850763852782140E+003 -0.267637854782068E-007 
     12.30000000 -0.850763852782186E+003 -0.268098024259126E-007 
     12.32000000 -0.850763852782232E+003 -0.268562060706580E-007 
     12.34000000 -0.850763852782278E+003 -0.269023196926238E-007 
     12.36000000 -0.850763852782324E+003 -0.269484333145895E-007 
     12.38000000 -0.850763852782370E+003 -0.269944502622954E-007 
     12.40000000 -0.850763852782417E+003 -0.270406605585210E-007 
     12.42000000 -0.850763852782463E+003 -0.270867741804867E-007 
     12.44000000 -0.850763852782509E+003 -0.271328878024525E-007 
     12.46000000 -0.850763852782555E+003 -0.271790014244182E-007 
     12.48000000 -0.850763852782601E+003 -0.272251150463839E-007 
     12.50000000 -0.850763852782647E+003 -0.272712286683497E-007 
     12.52000000 -0.850763852782693E+003 -0.273173422903154E-007 
     12.54000000 -0.850763852782739E+003 -0.273634559122812E-007 
     12.56000000 -0.850763852782786E+003 -0.274096662085068E-007 
     12.58000000 -0.850763852782832E+003 -0.274555864819527E-007 
     12.60000000 -0.850763852782878E+003 -0.275017967781784E-007 
     12.62000000 -0.850763852782924E+003 -0.275479104001441E-007 
     12.64000000 -0.850763852782970E+003 -0.275940240221098E-007 
     12.66000000 -0.850763852783016E+003 -0.276402343183355E-007 
     12.68000000 -0.850763852783062E+003 -0.276864446145611E-007 
     12.70000000 -0.850763852783109E+003 -0.277326549107867E-007 
     12.72000000 -0.850763852783155E+003 -0.277786718584926E-007 
     12.74000000 -0.850763852783201E+003 -0.278247854804583E-007 
     12.76000000 -0.850763852783247E+003 -0.278708991024240E-007 
     12.78000000 -0.850763852783293E+003 -0.279169160501299E-007 
     12.80000000 -0.850763852783339E+003 -0.279632230206154E-007 
     12.82000000 -0.850763852783385E+003 -0.280094333168410E-007 
     12.84000000 -0.850763852783432E+003 -0.280555469388068E-007 
     12.86000000 -0.850763852783478E+003 -0.281015638865126E-007 
     12.88000000 -0.850763852783524E+003 -0.281475808342185E-007 
     12.90000000 -0.850763852783570E+003 -0.281937911304441E-007 
     12.92000000 -0.850763852783616E+003 -0.282399047524098E-007 
     12.94000000 -0.850763852783662E+003 -0.282862117228953E-007 
     12.96000000 -0.850763852783708E+003 -0.283320353220814E-007 
     12.98000000 -0.850763852783754E+003 -0.283782456183070E-007 
     13.00000000 -0.850763852783801E+003 -0.284244559145327E-007 
     13.02000000 -0.850763852783847E+003 -0.284707628850182E-007 
     13.04000000 -0.850763852783893E+003 -0.285167798327240E-007 
     13.06000000 -0.850763852783939E+003 -0.285627967804299E-007 
     13.08000000 -0.850763852783985E+003 -0.286089104023956E-007 
     13.10000000 -0.850763852784031E+003 -0.286551206986212E-007 
     13.12000000 -0.850763852784077E+003 -0.287013309948469E-007 
     13.14000000 -0.850763852784124E+003 -0.287475412910725E-007 
     13.16000000 -0.850763852784169E+003 -0.287934615645185E-007 
     13.18000000 -0.850763852784216E+003 -0.288395751864842E-007 
     13.20000000 -0.850763852784262E+003 -0.288856888084499E-007 
     13.22000000 -0.850763852784308E+003 -0.289318991046756E-007 
     13.24000000 -0.850763852784354E+003 -0.289781094009012E-007 
     13.26000000 -0.850763852784400E+003 -0.290242230228669E-007 
     13.28000000 -0.850763852784446E+003 -0.290703366448326E-007 
     13.30000000 -0.850763852784492E+003 -0.291162569182786E-007 
     13.32000000 -0.850763852784539E+003 -0.291626605630240E-007 
     13.34000000 -0.850763852784585E+003 -0.292087741849898E-007 
     13.36000000 -0.850763852784631E+003 -0.292548878069555E-007 
     13.38000000 -0.850763852784677E+003 -0.293008080804015E-007 
     13.40000000 -0.850763852784723E+003 -0.293471150508870E-007 
     13.42000000 -0.850763852784769E+003 -0.293931319985928E-007 
     13.44000000 -0.850763852784816E+003 -0.294394389690783E-007 
     13.46000000 -0.850763852784861E+003 -0.294854559167842E-007 
     13.48000000 -0.850763852784908E+003 -0.295315695387499E-007 
     13.50000000 -0.850763852784954E+003 -0.295775864864558E-007 
     13.52000000 -0.850763852785000E+003 -0.296237967826814E-007 
     13.54000000 -0.850763852785046E+003 -0.296700070789070E-007 
     13.56000000 -0.850763852785092E+003 -0.297159273523530E-007 
     13.58000000 -0.850763852785138E+003 -0.297621376485786E-007 
     13.60000000 -0.850763852785184E+003 -0.298083479448042E-007 
     13.62000000 -0.850763852785231E+003 -0.298546549152897E-007 
     13.64000000 -0.850763852785277E+003 -0.299006718629956E-007 
     13.66000000 -0.850763852785323E+003 -0.299467854849613E-007 
     13.68000000 -0.850763852785369E+003 -0.299928991069271E-007 
     13.70000000 -0.850763852785415E+003 -0.300389160546329E-007 
     13.72000000 -0.850763852785461E+003 -0.300851263508585E-007 
     13.74000000 -0.850763852785507E+003 -0.301312399728243E-007 
     13.76000000 -0.850763852785553E+003 -0.301773535947900E-007 
     13.78000000 -0.850763852785600E+003 -0.302235638910156E-007 
     13.80000000 -0.850763852785646E+003 -0.302697741872413E-007 
     13.82000000 -0.850763852785692E+003 -0.303157911349471E-007 
     13.84000000 -0.850763852785738E+003 -0.303619047569129E-007 
     13.86000000 -0.850763852785784E+003 -0.304080183788786E-007 
     13.88000000 -0.850763852785830E+003 -0.304542286751042E-007 
     13.90000000 -0.850763852785876E+003 -0.305003422970700E-007 
     13.92000000 -0.850763852785922E+003 -0.305464559190357E-007 
     13.94000000 -0.850763852785969E+003 -0.305924728667415E-007 
     13.96000000 -0.850763852786015E+003 -0.306385864887073E-007 
     13.98000000 -0.850763852786061E+003 -0.306847967849329E-007 
     14.00000000 -0.850763852786107E+003 -0.307309104068986E-007 
     14.02000000 -0.850763852786153E+003 -0.307771207031243E-007 
     14.04000000 -0.850763852786199E+003 -0.308231376508301E-007 
     14.06000000 -0.850763852786245E+003 -0.308691545985360E-007 
     14.08000000 -0.850763852786291E+003 -0.309153648947616E-007 
     14.10000000 -0.850763852786338E+003 -0.309615751909872E-007 
     14.12000000 -0.850763852786384E+003 -0.310076888129529E-007 
     14.14000000 -0.850763852786430E+003 -0.310539957834385E-007 
     14.16000000 -0.850763852786476E+003 -0.311000127311443E-007 
     14.18000000 -0.850763852786522E+003 -0.311462230273699E-007 
     14.20000000 -0.850763852786568E+003 -0.311922399750758E-007 
     14.22000000 -0.850763852786614E+003 -0.312382569227816E-007 
     14.24000000 -0.850763852786661E+003 -0.312844672190073E-007 
     14.26000000 -0.850763852786706E+003 -0.313304841667131E-007 
     14.28000000 -0.850763852786753E+003 -0.313768878114585E-007 
     14.30000000 -0.850763852786799E+003 -0.314229047591644E-007 
     14.32000000 -0.850763852786845E+003 -0.314691150553900E-007 
     14.34000000 -0.850763852786891E+003 -0.315151320030958E-007 
     14.36000000 -0.850763852786937E+003 -0.315613422993215E-007 
     14.38000000 -0.850763852786984E+003 -0.316075525955471E-007 
     14.40000000 -0.850763852787030E+003 -0.316536662175128E-007 
     14.42000000 -0.850763852787076E+003 -0.316997798394786E-007 
     14.44000000 -0.850763852787122E+003 -0.317457967871844E-007 
     14.46000000 -0.850763852787168E+003 -0.317920070834100E-007 
     14.48000000 -0.850763852787214E+003 -0.318382173796357E-007 
     14.50000000 -0.850763852787260E+003 -0.318842343273415E-007 
     14.52000000 -0.850763852787306E+003 -0.319302512750474E-007 
     14.54000000 -0.850763852787352E+003 -0.319763648970131E-007 
     14.56000000 -0.850763852787398E+003 -0.320224785189788E-007 
     14.58000000 -0.850763852787445E+003 -0.320686888152045E-007 
     14.60000000 -0.850763852787491E+003 -0.321148991114301E-007 
     14.62000000 -0.850763852787537E+003 -0.321611094076557E-007 
     14.64000000 -0.850763852787583E+003 -0.322071263553616E-007 
     14.66000000 -0.850763852787629E+003 -0.322532399773273E-007 
     14.68000000 -0.850763852787675E+003 -0.322991602507733E-007 
     14.70000000 -0.850763852787722E+003 -0.323455638955187E-007 
     14.72000000 -0.850763852787768E+003 -0.323917741917443E-007 
     14.74000000 -0.850763852787814E+003 -0.324377911394501E-007 
     14.76000000 -0.850763852787860E+003 -0.324839047614159E-007 
     14.78000000 -0.850763852787906E+003 -0.325301150576415E-007 
     14.80000000 -0.850763852787952E+003 -0.325762286796072E-007 
     14.82000000 -0.850763852787998E+003 -0.326223423015730E-007 
     14.84000000 -0.850763852788044E+003 -0.326682625750189E-007 
     14.86000000 -0.850763852788090E+003 -0.327143761969847E-007 
     14.88000000 -0.850763852788137E+003 -0.327606831674702E-007 
     14.90000000 -0.850763852788183E+003 -0.328068934636958E-007 
     14.92000000 -0.850763852788229E+003 -0.328529104114017E-007 
     14.94000000 -0.850763852788275E+003 -0.328989273591075E-007 
     14.96000000 -0.850763852788321E+003 -0.329451376553331E-007 
     14.98000000 -0.850763852788367E+003 -0.329914446258186E-007 
     15.00000000 -0.850763852788413E+003 -0.330373648992646E-007 
     15.02000000 -0.850763852788460E+003 -0.330834785212303E-007 
     15.04000000 -0.850763852788506E+003 -0.331297854917159E-007 
     15.06000000 -0.850763852788552E+003 -0.331758024394217E-007 
     15.08000000 -0.850763852788598E+003 -0.332220127356473E-007 
     15.10000000 -0.850763852788644E+003 -0.332681263576131E-007 
     15.12000000 -0.850763852788690E+003 -0.333140466310590E-007 
     15.14000000 -0.850763852788736E+003 -0.333602569272847E-007 
     15.16000000 -0.850763852788782E+003 -0.334063705492504E-007 
     15.18000000 -0.850763852788829E+003 -0.334524841712161E-007 
     15.20000000 -0.850763852788875E+003 -0.334986944674418E-007 
     15.22000000 -0.850763852788921E+003 -0.335447114151476E-007 
     15.24000000 -0.850763852788967E+003 -0.335910183856331E-007 
     15.26000000 -0.850763852789013E+003 -0.336370353333390E-007 
     15.28000000 -0.850763852789059E+003 -0.336831489553047E-007 
     15.30000000 -0.850763852789105E+003 -0.337292625772704E-007 
     15.32000000 -0.850763852789151E+003 -0.337753761992362E-007 
     15.34000000 -0.850763852789197E+003 -0.338213931469420E-007 
     15.36000000 -0.850763852789244E+003 -0.338677001174275E-007 
     15.38000000 -0.850763852789290E+003 -0.339138137393933E-007 
     15.40000000 -0.850763852789336E+003 -0.339600240356189E-007 
     15.42000000 -0.850763852789382E+003 -0.340060409833248E-007 
     15.44000000 -0.850763852789428E+003 -0.340522512795504E-007 
     15.46000000 -0.850763852789474E+003 -0.340982682272562E-007 
     15.48000000 -0.850763852789521E+003 -0.341445751977417E-007 
     15.50000000 -0.850763852789567E+003 -0.341906888197075E-007 
     15.52000000 -0.850763852789613E+003 -0.342368024416732E-007 
     15.54000000 -0.850763852789659E+003 -0.342829160636390E-007 
     15.56000000 -0.850763852789705E+003 -0.343291263598646E-007 
     15.58000000 -0.850763852789751E+003 -0.343751433075704E-007 
     15.60000000 -0.850763852789797E+003 -0.344213536037961E-007 
     15.62000000 -0.850763852789844E+003 -0.344675639000217E-007 
     15.64000000 -0.850763852789889E+003 -0.345133874992078E-007 
     15.66000000 -0.850763852789936E+003 -0.345597911439532E-007 
     15.68000000 -0.850763852789982E+003 -0.346060014401788E-007 
     15.70000000 -0.850763852790028E+003 -0.346520183878846E-007 
     15.72000000 -0.850763852790074E+003 -0.346980353355905E-007 
     15.74000000 -0.850763852790120E+003 -0.347440522832963E-007 
     15.76000000 -0.850763852790166E+003 -0.347902625795220E-007 
     15.78000000 -0.850763852790212E+003 -0.348362795272278E-007 
     15.80000000 -0.850763852790259E+003 -0.348824898234534E-007 
     15.82000000 -0.850763852790305E+003 -0.349287967939389E-007 
     15.84000000 -0.850763852790351E+003 -0.349749104159047E-007 
     15.86000000 -0.850763852790397E+003 -0.350209273636105E-007 
     15.88000000 -0.850763852790443E+003 -0.350671376598362E-007 
     15.90000000 -0.850763852790489E+003 -0.351131546075420E-007 
     15.92000000 -0.850763852790536E+003 -0.351595582522874E-007 
     15.94000000 -0.850763852790582E+003 -0.352055751999933E-007 
     15.96000000 -0.850763852790628E+003 -0.352515921476991E-007 
     15.98000000 -0.850763852790674E+003 -0.352976090954050E-007 
     16.00000000 -0.850763852790720E+003 -0.353439160658905E-007 
     16.02000000 -0.850763852790766E+003 -0.353899330135963E-007 
     16.04000000 -0.850763852790812E+003 -0.354360466355621E-007 
     16.06000000 -0.850763852790858E+003 -0.354824502803075E-007 
     16.08000000 -0.850763852790904E+003 -0.355284672280133E-007 
     16.10000000 -0.850763852790951E+003 -0.355744841757192E-007 
     16.12000000 -0.850763852790997E+003 -0.356206944719448E-007 
     16.14000000 -0.850763852791043E+003 -0.356669047681704E-007 
     16.16000000 -0.850763852791089E+003 -0.357130183901361E-007 
     16.18000000 -0.850763852791135E+003 -0.357591320121019E-007 
     16.20000000 -0.850763852791181E+003 -0.358053423083275E-007 
     16.22000000 -0.850763852791227E+003 -0.358513592560334E-007 
     16.24000000 -0.850763852791274E+003 -0.358975695522590E-007 
     16.26000000 -0.850763852791320E+003 -0.359435864999648E-007 
     16.28000000 -0.850763852791366E+003 -0.359897001219306E-007 
     16.30000000 -0.850763852791412E+003 -0.360358137438963E-007 
     16.32000000 -0.850763852791458E+003 -0.360820240401219E-007 
     16.34000000 -0.850763852791504E+003 -0.361282343363476E-007 
     16.36000000 -0.850763852791550E+003 -0.361742512840534E-007 
     16.38000000 -0.850763852791596E+003 -0.362202682317593E-007 
     16.40000000 -0.850763852791643E+003 -0.362664785279849E-007 
     16.42000000 -0.850763852791689E+003 -0.363126888242105E-007 
     16.44000000 -0.850763852791735E+003 -0.363587057719164E-007 
     16.46000000 -0.850763852791781E+003 -0.364049160681420E-007 
     16.48000000 -0.850763852791827E+003 -0.364509330158478E-007 
     16.50000000 -0.850763852791873E+003 -0.364972399863333E-007 
     16.52000000 -0.850763852791919E+003 -0.365431602597793E-007 
     16.54000000 -0.850763852791966E+003 -0.365895639045247E-007 
     16.56000000 -0.850763852792012E+003 -0.366354841779707E-007 
     16.58000000 -0.850763852792058E+003 -0.366815977999364E-007 
     16.60000000 -0.850763852792104E+003 -0.367276147476423E-007 
     16.62000000 -0.850763852792150E+003 -0.367738250438679E-007 
     16.64000000 -0.850763852792196E+003 -0.368200353400935E-007 
     16.66000000 -0.850763852792242E+003 -0.368662456363191E-007 
     16.68000000 -0.850763852792288E+003 -0.369122625840250E-007 
     16.70000000 -0.850763852792334E+003 -0.369582795317308E-007 
     16.72000000 -0.850763852792380E+003 -0.370044898279565E-007 
     16.74000000 -0.850763852792427E+003 -0.370507001241821E-007 
     16.76000000 -0.850763852792473E+003 -0.370969104204077E-007 
     16.78000000 -0.850763852792519E+003 -0.371429273681136E-007 
     16.80000000 -0.850763852792565E+003 -0.371891376643392E-007 
     16.82000000 -0.850763852792611E+003 -0.372351546120450E-007 
     16.84000000 -0.850763852792657E+003 -0.372813649082707E-007 
     16.86000000 -0.850763852792703E+003 -0.373273818559765E-007 
     16.88000000 -0.850763852792750E+003 -0.373734954779422E-007 
     16.90000000 -0.850763852792796E+003 -0.374199957969475E-007 
     16.92000000 -0.850763852792842E+003 -0.374659160703935E-007 
     16.94000000 -0.850763852792888E+003 -0.375120296923592E-007 
     16.96000000 -0.850763852792934E+003 -0.375582399885848E-007 
     16.98000000 -0.850763852792980E+003 -0.376041602620308E-007 
     17.00000000 -0.850763852793026E+003 -0.376503705582564E-007 
     17.02000000 -0.850763852793072E+003 -0.376962908317024E-007 
     17.04000000 -0.850763852793119E+003 -0.377426944764478E-007 
     17.06000000 -0.850763852793165E+003 -0.377887114241537E-007 
     17.08000000 -0.850763852793211E+003 -0.378348250461194E-007 
     17.10000000 -0.850763852793257E+003 -0.378811320166049E-007 
     17.12000000 -0.850763852793303E+003 -0.379271489643108E-007 
     17.14000000 -0.850763852793349E+003 -0.379733592605364E-007 
     17.16000000 -0.850763852793395E+003 -0.380192795339823E-007 
     17.18000000 -0.850763852793441E+003 -0.380653931559481E-007 
     17.20000000 -0.850763852793488E+003 -0.381117001264336E-007 
     17.22000000 -0.850763852793534E+003 -0.381577170741394E-007 
     17.24000000 -0.850763852793580E+003 -0.382040240446250E-007 
     17.26000000 -0.850763852793626E+003 -0.382500409923308E-007 
     17.28000000 -0.850763852793672E+003 -0.382961546142965E-007 
     17.30000000 -0.850763852793718E+003 -0.383424615847820E-007 
     17.32000000 -0.850763852793764E+003 -0.383884785324879E-007 
     17.34000000 -0.850763852793811E+003 -0.384344954801938E-007 
     17.36000000 -0.850763852793857E+003 -0.384805124278996E-007 
     17.38000000 -0.850763852793903E+003 -0.385267227241252E-007 
     17.40000000 -0.850763852793949E+003 -0.385729330203509E-007 
     17.42000000 -0.850763852793995E+003 -0.386188532937968E-007 
     17.44000000 -0.850763852794041E+003 -0.386653536128021E-007 
     17.46000000 -0.850763852794087E+003 -0.387111772119882E-007 
     17.48000000 -0.850763852794133E+003 -0.387573875082138E-007 
     17.50000000 -0.850763852794180E+003 -0.388036944786993E-007 
     17.52000000 -0.850763852794226E+003 -0.388496147521453E-007 
     17.54000000 -0.850763852794272E+003 -0.388956316998511E-007 
     17.56000000 -0.850763852794318E+003 -0.389420353445965E-007 
     17.58000000 -0.850763852794364E+003 -0.389880522923024E-007 
     17.60000000 -0.850763852794410E+003 -0.390343592627879E-007 
     17.62000000 -0.850763852794456E+003 -0.390803762104937E-007 
     17.64000000 -0.850763852794503E+003 -0.391265865067194E-007 
     17.66000000 -0.850763852794549E+003 -0.391727001286851E-007 
     17.68000000 -0.850763852794595E+003 -0.392189104249107E-007 
     17.70000000 -0.850763852794641E+003 -0.392650240468765E-007 
     17.72000000 -0.850763852794687E+003 -0.393109443203224E-007 
     17.74000000 -0.850763852794733E+003 -0.393571546165481E-007 
     17.76000000 -0.850763852794779E+003 -0.394032682385138E-007 
     17.78000000 -0.850763852794825E+003 -0.394493818604795E-007 
     17.80000000 -0.850763852794872E+003 -0.394955921567052E-007 
     17.82000000 -0.850763852794918E+003 -0.395416091044110E-007 
     17.84000000 -0.850763852794964E+003 -0.395878194006366E-007 
     17.86000000 -0.850763852795010E+003 -0.396338363483425E-007 
     17.88000000 -0.850763852795056E+003 -0.396800466445681E-007 
     17.90000000 -0.850763852795102E+003 -0.397261602665338E-007 
     17.92000000 -0.850763852795148E+003 -0.397723705627595E-007 
     17.94000000 -0.850763852795195E+003 -0.398184841847252E-007 
     17.96000000 -0.850763852795240E+003 -0.398645011324310E-007 
     17.98000000 -0.850763852795287E+003 -0.399107114286567E-007 
     18.00000000 -0.850763852795333E+003 -0.399567283763625E-007 
