# Real time calculation: 
# Eall: Total energy
# Eall0: Initial total energy
# 1:Time[fs] 2:Eall[eV] 3:Eall-Eall0[eV] 
      0.00000000 -0.233330220298704E+005  0.000000000000000E+000 
      0.02000000 -0.233330220302547E+005 -0.384358295849802E-006 
      0.04000000 -0.233330220303032E+005 -0.432803700963996E-006 
      0.06000000 -0.233330220303149E+005 -0.444559290966163E-006 
      0.08000000 -0.233330220302765E+005 -0.406143260269607E-006 
      0.10000000 -0.233330220301414E+005 -0.270972536702584E-006 
      0.12000000 -0.233330220298223E+005  0.480432401930671E-007 
      0.14000000 -0.233330220291811E+005  0.689236428979689E-006 
      0.16000000 -0.233330220280164E+005  0.185398028639440E-005 
      0.18000000 -0.233330220260513E+005  0.381911276983561E-005 
      0.20000000 -0.233330220229214E+005  0.694895198777574E-005 
      0.22000000 -0.233330220181633E+005  0.117070765383739E-004 
      0.24000000 -0.233330220112033E+005  0.186670633128701E-004 
      0.26000000 -0.233330220013484E+005  0.285220311785210E-004 
      0.28000000 -0.233330219877779E+005  0.420925234110543E-004 
      0.30000000 -0.233330219695376E+005  0.603328185903536E-004 
      0.32000000 -0.233330219455352E+005  0.843351749871652E-004 
      0.34000000 -0.233330219145381E+005  0.115332280675540E-003 
      0.36000000 -0.233330218751727E+005  0.154697655697755E-003 
      0.38000000 -0.233330218259262E+005  0.203944160960528E-003 
      0.40000000 -0.233330217651497E+005  0.264720647891868E-003 
      0.42000000 -0.233330216910635E+005  0.338806912818105E-003 
      0.44000000 -0.233330216017630E+005  0.428107423191114E-003 
      0.46000000 -0.233330214952270E+005  0.534643410407259E-003 
      0.48000000 -0.233330213693262E+005  0.660544158296478E-003 
      0.50000000 -0.233330212218334E+005  0.808036992309331E-003 
      0.52000000 -0.233330210504337E+005  0.979436643801617E-003 
      0.54000000 -0.233330208527365E+005  0.117713385329923E-002 
      0.56000000 -0.233330206262872E+005  0.140358320346250E-002 
      0.58000000 -0.233330203685798E+005  0.166129062413147E-002 
      0.60000000 -0.233330200770698E+005  0.195280059110707E-002 
      0.62000000 -0.233330197491869E+005  0.228068347961115E-002 
      0.64000000 -0.233330193823472E+005  0.264752321782341E-002 
      0.66000000 -0.233330189739651E+005  0.305590526215025E-002 
      0.68000000 -0.233330185214648E+005  0.350840562430957E-002 
      0.70000000 -0.233330180222898E+005  0.400758057900239E-002 
      0.72000000 -0.233330174739128E+005  0.455595760282776E-002 
      0.74000000 -0.233330168738426E+005  0.515602776099154E-002 
      0.76000000 -0.233330162196313E+005  0.581023903755576E-002 
      0.78000000 -0.233330155088793E+005  0.652099106707824E-002 
      0.80000000 -0.233330147392397E+005  0.729063064273971E-002 
      0.82000000 -0.233330139084219E+005  0.812144851139880E-002 
      0.84000000 -0.233330130141934E+005  0.901567696060247E-002 
      0.86000000 -0.233330120543817E+005  0.997548869871141E-002 
      0.88000000 -0.233330110268737E+005  0.110029967156891E-001 
      0.90000000 -0.233330099296153E+005  0.121002550843381E-001 
      0.92000000 -0.233330087606094E+005  0.132692609927796E-001 
      0.94000000 -0.233330075179128E+005  0.145119575905438E-001 
      0.96000000 -0.233330061996326E+005  0.158302377998558E-001 
      0.98000000 -0.233330048039215E+005  0.172259488941283E-001 
      1.00000000 -0.233330033289728E+005  0.187008975714276E-001 
      1.02000000 -0.233330017730149E+005  0.202568554857869E-001 
      1.04000000 -0.233330001343054E+005  0.218955649888849E-001 
      1.06000000 -0.233329984111253E+005  0.236187450542441E-001 
      1.08000000 -0.233329966017735E+005  0.254280969291943E-001 
      1.10000000 -0.233329947045609E+005  0.273253094991349E-001 
      1.12000000 -0.233329927178063E+005  0.293120641011386E-001 
      1.14000000 -0.233329906398315E+005  0.313900389292049E-001 
      1.16000000 -0.233329884689579E+005  0.335609125176265E-001 
      1.18000000 -0.233329862035034E+005  0.358263669459346E-001 
      1.20000000 -0.233329838417800E+005  0.381880904065673E-001 
      1.22000000 -0.233329813820914E+005  0.406477790300794E-001 
      1.24000000 -0.233329788227321E+005  0.432071383050941E-001 
      1.26000000 -0.233329761619867E+005  0.458678836691761E-001 
      1.28000000 -0.233329733981300E+005  0.486317403727141E-001 
      1.30000000 -0.233329705294274E+005  0.515004429653872E-001 
      1.32000000 -0.233329675541364E+005  0.544757339813949E-001 
      1.34000000 -0.233329644705082E+005  0.575593621853997E-001 
      1.36000000 -0.233329612767902E+005  0.607530802152214E-001 
      1.38000000 -0.233329579712287E+005  0.640586416336591E-001 
      1.40000000 -0.233329545520730E+005  0.674777973461299E-001 
      1.42000000 -0.233329510175789E+005  0.710122914707444E-001 
      1.44000000 -0.233329473660138E+005  0.746638566206032E-001 
      1.46000000 -0.233329435956615E+005  0.784342088365181E-001 
      1.48000000 -0.233329397048287E+005  0.823250417030307E-001 
      1.50000000 -0.233329356918499E+005  0.863380204737107E-001 
      1.52000000 -0.233329315550947E+005  0.904747756952950E-001 
      1.54000000 -0.233329272929739E+005  0.947368964698787E-001 
      1.56000000 -0.233329229039465E+005  0.991259238686908E-001 
      1.58000000 -0.233329183865266E+005  0.103643343792121E+000 
      1.60000000 -0.233329137392903E+005  0.108290580120539E+000 
      1.62000000 -0.233329089608825E+005  0.113068987865121E+000 
      1.64000000 -0.233329040500243E+005  0.117979846089744E+000 
      1.66000000 -0.233328990055192E+005  0.123024351185551E+000 
      1.68000000 -0.233328938262601E+005  0.128203610244510E+000 
      1.70000000 -0.233328885112358E+005  0.133518634584562E+000 
      1.72000000 -0.233328830595368E+005  0.138970333590308E+000 
      1.74000000 -0.233328774703613E+005  0.144559509057950E+000 
      1.76000000 -0.233328717430207E+005  0.150286849704196E+000 
      1.78000000 -0.233328658769443E+005  0.156152926068047E+000 
      1.80000000 -0.233328598716842E+005  0.162158186201440E+000 
      1.82000000 -0.233328537269188E+005  0.168302951554797E+000 
      1.84000000 -0.233328474424565E+005  0.174587413849417E+000 
      1.86000000 -0.233328410182382E+005  0.181011632191168E+000 
      1.88000000 -0.233328344543393E+005  0.187575531109163E+000 
      1.90000000 -0.233328277509711E+005  0.194278899234801E+000 
      1.92000000 -0.233328209084821E+005  0.201121388321101E+000 
      1.94000000 -0.233328139273571E+005  0.208102513298391E+000 
      1.96000000 -0.233328068082178E+005  0.215221652602223E+000 
      1.98000000 -0.233327995518210E+005  0.222478049376778E+000 
      2.00000000 -0.233327921590572E+005  0.229870813210359E+000 
      2.02000000 -0.233327846309479E+005  0.237398922492698E+000 
      2.04000000 -0.233327769686430E+005  0.245061227335289E+000 
      2.06000000 -0.233327691734173E+005  0.252856453094979E+000 
      2.08000000 -0.233327612466659E+005  0.260783204432729E+000 
      2.10000000 -0.233327531899004E+005  0.268839969988019E+000 
      2.12000000 -0.233327450047431E+005  0.277025127322374E+000 
      2.14000000 -0.233327366929217E+005  0.285336948654861E+000 
      2.16000000 -0.233327282562638E+005  0.293773606600668E+000 
      2.18000000 -0.233327196966902E+005  0.302333180212864E+000 
      2.20000000 -0.233327110162090E+005  0.311013661398470E+000 
      2.22000000 -0.233327022169090E+005  0.319812961387131E+000 
      2.24000000 -0.233326933009536E+005  0.328728916816181E+000 
      2.26000000 -0.233326842705743E+005  0.337759296035350E+000 
      2.28000000 -0.233326751280656E+005  0.346901804730885E+000 
      2.30000000 -0.233326658757789E+005  0.356154091487804E+000 
      2.32000000 -0.233326565161174E+005  0.365513752943788E+000 
      2.34000000 -0.233326470515321E+005  0.374978338293433E+000 
      2.36000000 -0.233326374845167E+005  0.384545353690410E+000 
      2.38000000 -0.233326278176045E+005  0.394212265863850E+000 
      2.40000000 -0.233326180533648E+005  0.403976505589343E+000 
      2.42000000 -0.233326081943998E+005  0.413835470590706E+000 
      2.44000000 -0.233325982433427E+005  0.423786527634342E+000 
      2.46000000 -0.233325882028558E+005  0.433827014536963E+000 
      2.48000000 -0.233325780756291E+005  0.443954241239069E+000 
      2.50000000 -0.233325678643799E+005  0.454165490491713E+000 
      2.52000000 -0.233325575718525E+005  0.464458017881257E+000 
      2.54000000 -0.233325472008194E+005  0.474829050991012E+000 
      2.56000000 -0.233325367540822E+005  0.485275788185456E+000 
      2.58000000 -0.233325262344738E+005  0.495795396580857E+000 
      2.60000000 -0.233325156448610E+005  0.506385009431195E+000 
      2.62000000 -0.233325049881473E+005  0.517041723071708E+000 
      2.64000000 -0.233324942672769E+005  0.527762593460281E+000 
      2.66000000 -0.233324834852382E+005  0.538544632211471E+000 
      2.68000000 -0.233324726450676E+005  0.549384802794509E+000 
      2.70000000 -0.233324617498541E+005  0.560280016329129E+000 
      2.72000000 -0.233324508027429E+005  0.571227127526791E+000 
      2.74000000 -0.233324398069396E+005  0.582222930758753E+000 
      2.76000000 -0.233324287657141E+005  0.593264156247870E+000 
      2.78000000 -0.233324176824036E+005  0.604347466777038E+000 
      2.80000000 -0.233324065604161E+005  0.615469454283158E+000 
      2.82000000 -0.233323954032333E+005  0.626626637035800E+000 
      2.84000000 -0.233323842144132E+005  0.637815457156153E+000 
      2.86000000 -0.233323729975916E+005  0.649032278807282E+000 
      2.88000000 -0.233323617564841E+005  0.660273386291580E+000 
      2.90000000 -0.233323504948872E+005  0.671534983175285E+000 
      2.92000000 -0.233323392166788E+005  0.682813191580051E+000 
      2.94000000 -0.233323279258181E+005  0.694104052238635E+000 
      2.96000000 -0.233323166263452E+005  0.705403525141448E+000 
      2.98000000 -0.233323053223796E+005  0.716707490808023E+000 
      3.00000000 -0.233322940181182E+005  0.728011752220494E+000 
      3.02000000 -0.233322827178330E+005  0.739312037381985E+000 
      3.04000000 -0.233322714258677E+005  0.750604002648396E+000 
      3.06000000 -0.233322601466337E+005  0.761883236672706E+000 
      3.08000000 -0.233322488846059E+005  0.773145264525621E+000 
      3.10000000 -0.233322376443175E+005  0.784385552914437E+000 
      3.12000000 -0.233322264303557E+005  0.795599514721315E+000 
      3.14000000 -0.233322152473615E+005  0.806782508870257E+000 
      3.16000000 -0.233322041000231E+005  0.817929847250532E+000 
      3.18000000 -0.233321929930565E+005  0.829036813869006E+000 
      3.20000000 -0.233321819311846E+005  0.840098685812213E+000 
      3.22000000 -0.233321709191151E+005  0.851110755322119E+000 
      3.24000000 -0.233321599615181E+005  0.862068352274046E+000 
      3.26000000 -0.233321490630020E+005  0.872966868405559E+000 
      3.28000000 -0.233321382280865E+005  0.883801783874824E+000 
      3.30000000 -0.233321274611730E+005  0.894568697407507E+000 
      3.32000000 -0.233321167665081E+005  0.905263362302905E+000 
      3.34000000 -0.233321061481398E+005  0.915881730628783E+000 
      3.36000000 -0.233320956098619E+005  0.926420008478832E+000 
      3.38000000 -0.233320851551439E+005  0.936874726435054E+000 
      3.40000000 -0.233320747870417E+005  0.947242828696793E+000 
      3.42000000 -0.233320645080846E+005  0.957521785748784E+000 
      3.44000000 -0.233320543201366E+005  0.967709733751512E+000 
      3.46000000 -0.233320442242261E+005  0.977805644295029E+000 
      3.48000000 -0.233320342203443E+005  0.987809526115594E+000 
      3.50000000 -0.233320243072119E+005  0.997722658502915E+000 
      3.52000000 -0.233320144820167E+005  0.100754785368801E+001 
      3.54000000 -0.233320047401280E+005  0.101728974234318E+001 
      3.56000000 -0.233319950747978E+005  0.102695507254831E+001 
      3.58000000 -0.233319854768615E+005  0.103655300892115E+001 
      3.60000000 -0.233319759344561E+005  0.104609541433076E+001 
      3.62000000 -0.233319664327769E+005  0.105559709347636E+001 
      3.64000000 -0.233319569538959E+005  0.106507597451440E+001 
      3.66000000 -0.233319474766689E+005  0.107455320152546E+001 
      3.68000000 -0.233319379767606E+005  0.108405310980899E+001 
      3.70000000 -0.233319284268138E+005  0.109360305663066E+001 
      3.72000000 -0.233319187967901E+005  0.110323308033189E+001 
      3.74000000 -0.233319090545043E+005  0.111297536606305E+001 
      3.76000000 -0.233318991663706E+005  0.112286349974585E+001 
      3.78000000 -0.233318890983691E+005  0.113293150129364E+001 
      3.80000000 -0.233318788172343E+005  0.114321263608724E+001 
      3.82000000 -0.233318682918548E+005  0.115373801555545E+001 
      3.84000000 -0.233318574948595E+005  0.116453501087574E+001 
      3.86000000 -0.233318464043539E+005  0.117562551646327E+001 
      3.88000000 -0.233318350057543E+005  0.118702411609262E+001 
      3.90000000 -0.233318232936527E+005  0.119873621764765E+001 
      3.92000000 -0.233318112736328E+005  0.121075623760981E+001 
      3.94000000 -0.233317989639415E+005  0.122306592889352E+001 
      3.96000000 -0.233317863969145E+005  0.123563295591398E+001 
      3.98000000 -0.233317736200404E+005  0.124840982999169E+001 
      4.00000000 -0.233317606965501E+005  0.126133332030143E+001 
      4.02000000 -0.233317477054124E+005  0.127432445796823E+001 
      4.04000000 -0.233317347406255E+005  0.128728924491700E+001 
      4.06000000 -0.233317219097019E+005  0.130012016850303E+001 
      4.08000000 -0.233317093312610E+005  0.131269860933518E+001 
      4.10000000 -0.233316971316630E+005  0.132489820736848E+001 
      4.12000000 -0.233316854406450E+005  0.133658922541825E+001 
      4.14000000 -0.233316743859533E+005  0.134764391708111E+001 
      4.16000000 -0.233316640869989E+005  0.135794287144042E+001 
      4.18000000 -0.233316546476041E+005  0.136738226627144E+001 
      4.20000000 -0.233316461479505E+005  0.137588191984402E+001 
      4.22000000 -0.233316386358820E+005  0.138339398841653E+001 
      4.24000000 -0.233316321177583E+005  0.138991211206319E+001 
      4.26000000 -0.233316265490988E+005  0.139548077158235E+001 
      4.28000000 -0.233316218252909E+005  0.140020457949923E+001 
      4.30000000 -0.233316177726746E+005  0.140425719579303E+001 
      4.32000000 -0.233316141403381E+005  0.140788953232122E+001 
      4.34000000 -0.233316105929787E+005  0.141143689164907E+001 
      4.36000000 -0.233316067051927E+005  0.141532467767702E+001 
      4.38000000 -0.233316019575530E+005  0.142007231740143E+001 
      4.40000000 -0.233315957348223E+005  0.142629504805506E+001 
      4.42000000 -0.233315873266197E+005  0.143470325068266E+001 
      4.44000000 -0.233315759308197E+005  0.144609905068113E+001 
      4.46000000 -0.233315606599118E+005  0.146136995858215E+001 
      4.48000000 -0.233315405504805E+005  0.148147938987111E+001 
      4.50000000 -0.233315145758930E+005  0.150745397737676E+001 
      4.52000000 -0.233314816621925E+005  0.154036767788373E+001 
      4.54000000 -0.233314407071025E+005  0.158132276790960E+001 
      4.56000000 -0.233313906019460E+005  0.163142792438025E+001 
      4.58000000 -0.233313302561799E+005  0.169177369051247E+001 
      4.60000000 -0.233312586241388E+005  0.176340573154042E+001 
      4.62000000 -0.233311747334830E+005  0.184729638737267E+001 
      4.64000000 -0.233310777147445E+005  0.194431512590362E+001 
      4.66000000 -0.233309668312826E+005  0.205519858777473E+001 
      4.68000000 -0.233308415088827E+005  0.218052098770155E+001 
      4.70000000 -0.233307013641736E+005  0.232066569675474E+001 
      4.72000000 -0.233305462310021E+005  0.247579886831656E+001 
      4.74000000 -0.233303761838824E+005  0.264584598801753E+001 
      4.76000000 -0.233301915576488E+005  0.283047222159798E+001 
      4.78000000 -0.233299929624709E+005  0.302906739950842E+001 
      4.80000000 -0.233297812934524E+005  0.324073641798150E+001 
      4.82000000 -0.233295577341229E+005  0.346429574746094E+001 
      4.84000000 -0.233293237532469E+005  0.369827662349554E+001 
      4.86000000 -0.233290810945141E+005  0.394093535628338E+001 
      4.88000000 -0.233288317588399E+005  0.419027103050369E+001 
      4.90000000 -0.233285779791849E+005  0.444405068551227E+001 
      4.92000000 -0.233283221880016E+005  0.469984186879135E+001 
      4.94000000 -0.233280669776199E+005  0.495505225050294E+001 
      4.96000000 -0.233278150540920E+005  0.520697577837906E+001 
      4.98000000 -0.233275691852235E+005  0.545284464692997E+001 
      5.00000000 -0.233273321437090E+005  0.568988616133662E+001 
      5.02000000 -0.233271066464711E+005  0.591538339932985E+001 
      5.04000000 -0.233268952914482E+005  0.612673842220434E+001 
      5.06000000 -0.233267004932068E+005  0.632153666354777E+001 
      5.08000000 -0.233265244188345E+005  0.649761103588221E+001 
      5.10000000 -0.233263689256244E+005  0.665310424597019E+001 
      5.12000000 -0.233262355020712E+005  0.678652779918968E+001 
      5.14000000 -0.233261252136644E+005  0.689681620599510E+001 
      5.16000000 -0.233260386548974E+005  0.698337497299974E+001 
      5.18000000 -0.233259759088012E+005  0.704612106918759E+001 
      5.20000000 -0.233259365151709E+005  0.708551469951284E+001 
      5.22000000 -0.233259194484869E+005  0.710258138348491E+001 
      5.24000000 -0.233259231063421E+005  0.709892352831791E+001 
      5.26000000 -0.233259453089809E+005  0.707672088952392E+001 
      5.28000000 -0.233259833103451E+005  0.703871952528636E+001 
      5.30000000 -0.233260338208025E+005  0.698820906784965E+001 
      5.32000000 -0.233260930415201E+005  0.692898835024207E+001 
      5.34000000 -0.233261567102345E+005  0.686531963585516E+001 
      5.36000000 -0.233262201579705E+005  0.680187189991532E+001 
      5.38000000 -0.233262783760652E+005  0.674365380521323E+001 
      5.40000000 -0.233263260926725E+005  0.669593719785944E+001 
      5.42000000 -0.233263578577448E+005  0.666417212560148E+001 
      5.44000000 -0.233263681353198E+005  0.665389455061708E+001 
      5.46000000 -0.233263514017769E+005  0.667062809349020E+001 
      5.48000000 -0.233263022485644E+005  0.671978130598237E+001 
      5.50000000 -0.233262154877434E+005  0.680654212699140E+001 
      5.52000000 -0.233260862585437E+005  0.693577132672823E+001 
      5.54000000 -0.233259101329842E+005  0.711189688616527E+001 
      5.56000000 -0.233256832184831E+005  0.733881138725233E+001 
      5.58000000 -0.233254022552759E+005  0.761977459452789E+001 
      5.60000000 -0.233250647063840E+005  0.795732348633434E+001 
      5.62000000 -0.233246688378408E+005  0.835319202962003E+001 
      5.64000000 -0.233242137868919E+005  0.880824297845152E+001 
      5.66000000 -0.233236996159698E+005  0.932241390058867E+001 
      5.68000000 -0.233231273503778E+005  0.989467949262384E+001 
      5.70000000 -0.233224989978514E+005  0.105230320190204E+002 
      5.72000000 -0.233218175484651E+005  0.112044814052849E+002 
      5.74000000 -0.233210869537438E+005  0.119350761265651E+002 
      5.76000000 -0.233203120843096E+005  0.127099455607726E+002 
      5.78000000 -0.233194986659379E+005  0.135233639325024E+002 
      5.80000000 -0.233186531944991E+005  0.143688353712420E+002 
      5.82000000 -0.233177828309108E+005  0.152391989595393E+002 
      5.84000000 -0.233168952778922E+005  0.161267519781451E+002 
      5.86000000 -0.233159986409695E+005  0.170233889008543E+002 
      5.88000000 -0.233151012768117E+005  0.179207530586811E+002 
      5.90000000 -0.233142116325330E+005  0.188103973374290E+002 
      5.92000000 -0.233133380800583E+005  0.196839498121035E+002 
      5.94000000 -0.233124887499881E+005  0.205332798822622E+002 
      5.96000000 -0.233116713695780E+005  0.213506602923853E+002 
      5.98000000 -0.233108931094620E+005  0.221289204083699E+002 
      6.00000000 -0.233101604435748E+005  0.228615862955321E+002 
      6.02000000 -0.233094790263646E+005  0.235430035058280E+002 
      6.04000000 -0.233088535908442E+005  0.241684390262003E+002 
      6.06000000 -0.233082878703253E+005  0.247341595451152E+002 
      6.08000000 -0.233077845458259E+005  0.252374840444372E+002 
      6.10000000 -0.233073452202090E+005  0.256768096613393E+002 
      6.12000000 -0.233069704191042E+005  0.260516107661985E+002 
      6.14000000 -0.233066596176715E+005  0.263624121988356E+002 
      6.16000000 -0.233064112913163E+005  0.266107385541014E+002 
      6.18000000 -0.233062229876190E+005  0.267990422513647E+002 
      6.20000000 -0.233060914160570E+005  0.269306138134024E+002 
      6.22000000 -0.233060125515864E+005  0.270094782839483E+002 
      6.24000000 -0.233059817478759E+005  0.270402819945214E+002 
      6.26000000 -0.233059938559223E+005  0.270281739480455E+002 
      6.28000000 -0.233060433439636E+005  0.269786859068126E+002 
      6.30000000 -0.233061244149782E+005  0.268976148922245E+002 
      6.32000000 -0.233062311186281E+005  0.267909112422795E+002 
      6.34000000 -0.233063574551896E+005  0.266645746807447E+002 
      6.36000000 -0.233064974697792E+005  0.265245600912020E+002 
      6.38000000 -0.233066453359665E+005  0.263766939038796E+002 
      6.40000000 -0.233067954286036E+005  0.262266012667651E+002 
      6.42000000 -0.233069423863405E+005  0.260796435298851E+002 
      6.44000000 -0.233070811648043E+005  0.259408650661191E+002 
      6.46000000 -0.233072070817529E+005  0.258149481174770E+002 
      6.48000000 -0.233073158556691E+005  0.257061742012805E+002 
      6.50000000 -0.233074036392331E+005  0.256183906372808E+002 
      6.52000000 -0.233074670489242E+005  0.255549809461951E+002 
      6.54000000 -0.233075031916802E+005  0.255188381901753E+002 
      6.56000000 -0.233075096891327E+005  0.255123407376447E+002 
      6.58000000 -0.233074846994782E+005  0.255373303921372E+002 
      6.60000000 -0.233074269365909E+005  0.255950932795050E+002 
      6.62000000 -0.233073356855744E+005  0.256863442960131E+002 
      6.64000000 -0.233072108136262E+005  0.258112162441347E+002 
      6.66000000 -0.233070527748773E+005  0.259692549930445E+002 
      6.68000000 -0.233068626077897E+005  0.261594220806625E+002 
      6.70000000 -0.233066419237546E+005  0.263801061158126E+002 
      6.72000000 -0.233063928857213E+005  0.266291441491143E+002 
      6.74000000 -0.233061181759996E+005  0.269038538707431E+002 
      6.76000000 -0.233058209527805E+005  0.272010770899152E+002 
      6.78000000 -0.233055047953936E+005  0.275172344767817E+002 
      6.80000000 -0.233051736388311E+005  0.278483910392951E+002 
      6.82000000 -0.233048316985749E+005  0.281903312954993E+002 
      6.84000000 -0.233044833872555E+005  0.285386426148991E+002 
      6.86000000 -0.233041332250961E+005  0.288888047743052E+002 
      6.88000000 -0.233037857464489E+005  0.292362834215096E+002 
      6.90000000 -0.233034454049819E+005  0.295766248884681E+002 
      6.92000000 -0.233031164802186E+005  0.299055496517401E+002 
      6.94000000 -0.233028029881586E+005  0.302190417117859E+002 
      6.96000000 -0.233025085986177E+005  0.305134312526361E+002 
      6.98000000 -0.233022365617265E+005  0.307854681438728E+002 
      7.00000000 -0.233019896457206E+005  0.310323841498104E+002 
      7.02000000 -0.233017700877736E+005  0.312519420968178E+002 
      7.04000000 -0.233015795591637E+005  0.314424707067248E+002 
      7.06000000 -0.233014191455647E+005  0.316028843056376E+002 
      7.08000000 -0.233012893427266E+005  0.317326871438092E+002 
      7.10000000 -0.233011900672800E+005  0.318319625903868E+002 
      7.12000000 -0.233011206818986E+005  0.319013479718175E+002 
      7.14000000 -0.233010800335853E+005  0.319419962851175E+002 
      7.16000000 -0.233010665034523E+005  0.319555264181080E+002 
      7.18000000 -0.233010780660387E+005  0.319439638316856E+002 
      7.20000000 -0.233011123559793E+005  0.319096738911310E+002 
      7.22000000 -0.233011667396954E+005  0.318552901749616E+002 
      7.24000000 -0.233012383897406E+005  0.317836401298144E+002 
      7.26000000 -0.233013243594817E+005  0.316976703886406E+002 
      7.28000000 -0.233014216559359E+005  0.316003739344861E+002 
      7.30000000 -0.233015273087870E+005  0.314947210833332E+002 
      7.32000000 -0.233016384338788E+005  0.313835959916112E+002 
      7.34000000 -0.233017522897831E+005  0.312697400872334E+002 
      7.36000000 -0.233018663263815E+005  0.311557034888728E+002 
      7.38000000 -0.233019782247334E+005  0.310438051370050E+002 
      7.40000000 -0.233020859278458E+005  0.309361020245428E+002 
      7.42000000 -0.233021876622720E+005  0.308343675984173E+002 
      7.44000000 -0.233022819507554E+005  0.307400791149497E+002 
      7.46000000 -0.233023676163893E+005  0.306544134810826E+002 
      7.48000000 -0.233024437789678E+005  0.305782509025912E+002 
      7.50000000 -0.233025098443738E+005  0.305121854965440E+002 
      7.52000000 -0.233025654879669E+005  0.304565419034676E+002 
      7.54000000 -0.233026106330105E+005  0.304113968598815E+002 
      7.56000000 -0.233026454252137E+005  0.303766046567016E+002 
      7.58000000 -0.233026702044577E+005  0.303518254127242E+002 
      7.60000000 -0.233026854747425E+005  0.303365551279282E+002 
      7.62000000 -0.233026918733245E+005  0.303301565458863E+002 
      7.64000000 -0.233026901399313E+005  0.303318899390412E+002 
      7.66000000 -0.233026810868381E+005  0.303409430322598E+002 
      7.68000000 -0.233026655704792E+005  0.303564593911786E+002 
      7.70000000 -0.233026444651516E+005  0.303775647188059E+002 
      7.72000000 -0.233026186392493E+005  0.304033906211173E+002 
      7.74000000 -0.233025889343536E+005  0.304330955167642E+002 
      7.76000000 -0.233025561473954E+005  0.304658824750148E+002 
      7.78000000 -0.233025210160029E+005  0.305010138675169E+002 
      7.80000000 -0.233024842070605E+005  0.305378228099080E+002 
      7.82000000 -0.233024463084177E+005  0.305757214527049E+002 
      7.84000000 -0.233024078236208E+005  0.306142062496154E+002 
      7.86000000 -0.233023691694777E+005  0.306528603926707E+002 
      7.88000000 -0.233023306762183E+005  0.306913536520344E+002 
      7.90000000 -0.233022925899728E+005  0.307294398975405E+002 
      7.92000000 -0.233022550772635E+005  0.307669526069039E+002 
      7.94000000 -0.233022182311856E+005  0.308037986848295E+002 
      7.96000000 -0.233021820789430E+005  0.308399509273598E+002 
      7.98000000 -0.233021465904034E+005  0.308754394670233E+002 
      8.00000000 -0.233021116873422E+005  0.309103425282198E+002 
      8.02000000 -0.233020772530603E+005  0.309447768100832E+002 
      8.04000000 -0.233020431420766E+005  0.309788877937413E+002 
      8.06000000 -0.233020091896230E+005  0.310128402473440E+002 
      8.08000000 -0.233019752206979E+005  0.310468091724494E+002 
      8.10000000 -0.233019410584667E+005  0.310809714036462E+002 
      8.12000000 -0.233019065318336E+005  0.311154980368152E+002 
      8.14000000 -0.233018714820465E+005  0.311505478238367E+002 
      8.16000000 -0.233018357682359E+005  0.311862616345134E+002 
      8.18000000 -0.233017992718242E+005  0.312227580462256E+002 
      8.20000000 -0.233017618997849E+005  0.312601300855232E+002 
      8.22000000 -0.233017235867601E+005  0.312984431103063E+002 
      8.24000000 -0.233016842960828E+005  0.313377337875378E+002 
      8.26000000 -0.233016440197771E+005  0.313780100932834E+002 
      8.28000000 -0.233016027776337E+005  0.314192522366547E+002 
      8.30000000 -0.233015606154818E+005  0.314614143885924E+002 
      8.32000000 -0.233015176027872E+005  0.315044270831527E+002 
      8.34000000 -0.233014738297226E+005  0.315482001477678E+002 
      8.36000000 -0.233014294038539E+005  0.315926260164472E+002 
      8.38000000 -0.233013844465897E+005  0.316375832806624E+002 
      8.40000000 -0.233013390895306E+005  0.316829403397976E+002 
      8.42000000 -0.233012934708477E+005  0.317285590227189E+002 
      8.44000000 -0.233012477318025E+005  0.317742980678657E+002 
      8.46000000 -0.233012020135047E+005  0.318200163656335E+002 
      8.48000000 -0.233011564539827E+005  0.318655758876820E+002 
      8.50000000 -0.233011111856239E+005  0.319108442464420E+002 
      8.52000000 -0.233010663330206E+005  0.319556968497423E+002 
      8.54000000 -0.233010220112354E+005  0.320000186349507E+002 
      8.56000000 -0.233009783244864E+005  0.320437053839358E+002 
      8.58000000 -0.233009353652336E+005  0.320866646367517E+002 
      8.60000000 -0.233008932136365E+005  0.321288162338401E+002 
      8.62000000 -0.233008519373436E+005  0.321700925267766E+002 
      8.64000000 -0.233008115915664E+005  0.322104383040128E+002 
      8.66000000 -0.233007722193883E+005  0.322498104820630E+002 
      8.68000000 -0.233007338522572E+005  0.322881776131989E+002 
      8.70000000 -0.233006965106107E+005  0.323255192596559E+002 
      8.72000000 -0.233006602045900E+005  0.323618252804094E+002 
      8.74000000 -0.233006249347987E+005  0.323970950716984E+002 
      8.76000000 -0.233005906930757E+005  0.324313367946867E+002 
      8.78000000 -0.233005574632529E+005  0.324645666175022E+002 
      8.80000000 -0.233005252218807E+005  0.324968079897041E+002 
      8.82000000 -0.233004939389113E+005  0.325280909590877E+002 
      8.84000000 -0.233004635783362E+005  0.325584515341420E+002 
      8.86000000 -0.233004340987822E+005  0.325879310881864E+002 
      8.88000000 -0.233004054540749E+005  0.326165757954957E+002 
      8.90000000 -0.233003775937832E+005  0.326444360872107E+002 
      8.92000000 -0.233003504637599E+005  0.326715661104728E+002 
      8.94000000 -0.233003240067170E+005  0.326980231533442E+002 
      8.96000000 -0.233002981628440E+005  0.327238670264230E+002 
      8.98000000 -0.233002728704323E+005  0.327491594380369E+002 
      9.00000000 -0.233002480665054E+005  0.327739633649729E+002 
      9.02000000 -0.233002236874463E+005  0.327983424240789E+002 
      9.04000000 -0.233001996696187E+005  0.328223602517262E+002 
      9.06000000 -0.233001759499730E+005  0.328460798973389E+002 
      9.08000000 -0.233001524666350E+005  0.328695632353884E+002 
      9.10000000 -0.233001291594700E+005  0.328928704004075E+002 
      9.12000000 -0.233001059706235E+005  0.329160592468826E+002 
      9.14000000 -0.233000828450348E+005  0.329391848355318E+002 
      9.16000000 -0.233000597309231E+005  0.329622989472541E+002 
      9.18000000 -0.233000365802457E+005  0.329854496246773E+002 
      9.20000000 -0.233000133491273E+005  0.330086807430506E+002 
      9.22000000 -0.232999899982588E+005  0.330320316115853E+002 
      9.24000000 -0.232999664932611E+005  0.330555366092568E+002 
      9.26000000 -0.232999428050111E+005  0.330792248592834E+002 
      9.28000000 -0.232999189099216E+005  0.331031199487427E+002 
      9.30000000 -0.232998947901694E+005  0.331272397009903E+002 
      9.32000000 -0.232998704338616E+005  0.331515960087976E+002 
      9.34000000 -0.232998458351337E+005  0.331761947367006E+002 
      9.36000000 -0.232998209941702E+005  0.332010357002076E+002 
      9.38000000 -0.232997959171424E+005  0.332261127279402E+002 
      9.40000000 -0.232997706160593E+005  0.332514138110930E+002 
      9.42000000 -0.232997451085292E+005  0.332769213411471E+002 
      9.44000000 -0.232997194174355E+005  0.333026124348349E+002 
      9.46000000 -0.232996935705290E+005  0.333284593413447E+002 
      9.48000000 -0.232996675999463E+005  0.333544299241230E+002 
      9.50000000 -0.232996415416624E+005  0.333804882079523E+002 
      9.52000000 -0.232996154348923E+005  0.334065949780405E+002 
      9.54000000 -0.232995893214527E+005  0.334327084176998E+002 
      9.56000000 -0.232995632451006E+005  0.334587847698090E+002 
      9.58000000 -0.232995372508635E+005  0.334847790068576E+002 
      9.60000000 -0.232995113843760E+005  0.335106454943504E+002 
      9.62000000 -0.232994856912365E+005  0.335363386339070E+002 
      9.64000000 -0.232994602163972E+005  0.335618134732182E+002 
      9.66000000 -0.232994350035983E+005  0.335870262720695E+002 
      9.68000000 -0.232994100948547E+005  0.336119350156573E+002 
      9.70000000 -0.232993855300006E+005  0.336364998697844E+002 
      9.72000000 -0.232993613462966E+005  0.336606835738275E+002 
      9.74000000 -0.232993375780991E+005  0.336844517713014E+002 
      9.76000000 -0.232993142565918E+005  0.337077732785950E+002 
      9.78000000 -0.232992914095752E+005  0.337306202952135E+002 
      9.80000000 -0.232992690613108E+005  0.337529685595712E+002 
      9.82000000 -0.232992472324158E+005  0.337747974546030E+002 
      9.84000000 -0.232992259398030E+005  0.337960900673715E+002 
      9.86000000 -0.232992051966643E+005  0.338168332060596E+002 
      9.88000000 -0.232991850124932E+005  0.338370173771470E+002 
      9.90000000 -0.232991653931471E+005  0.338566367232808E+002 
      9.92000000 -0.232991463409478E+005  0.338756889225713E+002 
      9.94000000 -0.232991278548219E+005  0.338941750485266E+002 
      9.96000000 -0.232991099304803E+005  0.339120993900962E+002 
      9.98000000 -0.232990925606383E+005  0.339294692320616E+002 
     10.00000000 -0.232990757352742E+005  0.339462945961901E+002 
     10.02000000 -0.232990594419244E+005  0.339625879459438E+002 
     10.04000000 -0.232990436660112E+005  0.339783638592225E+002 
     10.06000000 -0.232990283911956E+005  0.339936386747900E+002 
     10.08000000 -0.232990135997499E+005  0.340084301204841E+002 
     10.10000000 -0.232989992729385E+005  0.340227569319312E+002 
     10.12000000 -0.232989853913984E+005  0.340366384719429E+002 
     10.14000000 -0.232989719355100E+005  0.340500943603887E+002 
     10.16000000 -0.232989588857459E+005  0.340631441244419E+002 
     10.18000000 -0.232989462229923E+005  0.340758068781196E+002 
     10.20000000 -0.232989339288319E+005  0.340881010384777E+002 
     10.22000000 -0.232989219857855E+005  0.341000440848474E+002 
     10.24000000 -0.232989103775055E+005  0.341116523648645E+002 
     10.26000000 -0.232988990889210E+005  0.341229409494119E+002 
     10.28000000 -0.232988881063332E+005  0.341339235371890E+002 
     10.30000000 -0.232988774174638E+005  0.341446124065971E+002 
     10.32000000 -0.232988670114585E+005  0.341550184118880E+002 
     10.34000000 -0.232988568788514E+005  0.341651510190277E+002 
     10.36000000 -0.232988470114951E+005  0.341750183752960E+002 
     10.38000000 -0.232988374024642E+005  0.341846274062266E+002 
     10.40000000 -0.232988280459370E+005  0.341939839333639E+002 
     10.42000000 -0.232988189370646E+005  0.342030928058145E+002 
     10.44000000 -0.232988100718307E+005  0.342119580396901E+002 
     10.46000000 -0.232988014469106E+005  0.342205829597563E+002 
     10.48000000 -0.232987930595323E+005  0.342289703381265E+002 
     10.50000000 -0.232987849073439E+005  0.342371225264354E+002 
     10.52000000 -0.232987769882922E+005  0.342450415781463E+002 
     10.54000000 -0.232987693005117E+005  0.342527293586889E+002 
     10.56000000 -0.232987618422284E+005  0.342601876420311E+002 
     10.58000000 -0.232987546116778E+005  0.342674181926128E+002 
     10.60000000 -0.232987476070374E+005  0.342744228329650E+002 
     10.62000000 -0.232987408263735E+005  0.342812034968451E+002 
     10.64000000 -0.232987342676010E+005  0.342877622693606E+002 
     10.66000000 -0.232987279284553E+005  0.342941014151085E+002 
     10.68000000 -0.232987218064737E+005  0.343002233966930E+002 
     10.70000000 -0.232987158989853E+005  0.343061308850585E+002 
     10.72000000 -0.232987102031065E+005  0.343118267638356E+002 
     10.74000000 -0.232987047157405E+005  0.343173141298490E+002 
     10.76000000 -0.232986994335796E+005  0.343225962907535E+002 
     10.78000000 -0.232986943531090E+005  0.343276767613809E+002 
     10.80000000 -0.232986894706113E+005  0.343325592590466E+002 
     10.82000000 -0.232986847821726E+005  0.343372476977899E+002 
     10.84000000 -0.232986802836887E+005  0.343417461816728E+002 
     10.86000000 -0.232986759708746E+005  0.343460589957503E+002 
     10.88000000 -0.232986718392753E+005  0.343501905951279E+002 
     10.90000000 -0.232986678842800E+005  0.343541455903511E+002 
     10.92000000 -0.232986641011404E+005  0.343579287299575E+002 
     10.94000000 -0.232986604849909E+005  0.343615448794776E+002 
     10.96000000 -0.232986570308728E+005  0.343649989975428E+002 
     10.98000000 -0.232986537337604E+005  0.343682961099805E+002 
     11.00000000 -0.232986505885878E+005  0.343714412825992E+002 
     11.02000000 -0.232986475902765E+005  0.343744395939003E+002 
     11.04000000 -0.232986447337618E+005  0.343772961086036E+002 
     11.06000000 -0.232986420140170E+005  0.343800158533559E+002 
     11.08000000 -0.232986394260759E+005  0.343826037945258E+002 
     11.10000000 -0.232986369650509E+005  0.343850648195032E+002 
     11.12000000 -0.232986346261496E+005  0.343874037207511E+002 
     11.14000000 -0.232986324046872E+005  0.343896251832218E+002 
     11.16000000 -0.232986302960960E+005  0.343917337743518E+002 
     11.18000000 -0.232986282959339E+005  0.343937339365135E+002 
     11.20000000 -0.232986263998891E+005  0.343956299812584E+002 
     11.22000000 -0.232986246037856E+005  0.343974260848154E+002 
     11.24000000 -0.232986229035856E+005  0.343991262847936E+002 
     11.26000000 -0.232986212953932E+005  0.344007344771532E+002 
     11.28000000 -0.232986197754565E+005  0.344022544138547E+002 
     11.30000000 -0.232986183401694E+005  0.344036897010027E+002 
     11.32000000 -0.232986169860732E+005  0.344050437972094E+002 
     11.34000000 -0.232986157098573E+005  0.344063200131304E+002 
     11.36000000 -0.232986145083586E+005  0.344075215118268E+002 
     11.38000000 -0.232986133785599E+005  0.344086513104667E+002 
     11.40000000 -0.232986123175867E+005  0.344097122837219E+002 
     11.42000000 -0.232986113227015E+005  0.344107071688598E+002 
     11.44000000 -0.232986103912978E+005  0.344116385726115E+002 
     11.46000000 -0.232986095208905E+005  0.344125089798641E+002 
     11.48000000 -0.232986087091066E+005  0.344133207638146E+002 
     11.50000000 -0.232986079536730E+005  0.344140761974311E+002 
     11.52000000 -0.232986072524045E+005  0.344147774658734E+002 
     11.54000000 -0.232986066031911E+005  0.344154266792857E+002 
     11.56000000 -0.232986060039845E+005  0.344160258858658E+002 
     11.58000000 -0.232986054527858E+005  0.344165770846118E+002 
     11.60000000 -0.232986049476329E+005  0.344170822375005E+002 
     11.62000000 -0.232986044865895E+005  0.344175432809036E+002 
     11.64000000 -0.232986040677344E+005  0.344179621359536E+002 
     11.66000000 -0.232986036891526E+005  0.344183407177845E+002 
     11.68000000 -0.232986033489268E+005  0.344186809435383E+002 
     11.70000000 -0.232986030451311E+005  0.344189847392321E+002 
     11.72000000 -0.232986027758251E+005  0.344192540452686E+002 
     11.74000000 -0.232986025390495E+005  0.344194908208558E+002 
     11.76000000 -0.232986023328232E+005  0.344196970472161E+002 
     11.78000000 -0.232986021551405E+005  0.344198747298437E+002 
     11.80000000 -0.232986020039708E+005  0.344200258995386E+002 
     11.82000000 -0.232986018772577E+005  0.344201526127153E+002 
     11.84000000 -0.232986017729198E+005  0.344202569505866E+002 
     11.86000000 -0.232986016888527E+005  0.344203410177249E+002 
     11.88000000 -0.232986016229309E+005  0.344204069395222E+002 
     11.90000000 -0.232986015730112E+005  0.344204568592268E+002 
     11.92000000 -0.232986015369364E+005  0.344204929339709E+002 
     11.94000000 -0.232986015125400E+005  0.344205173304025E+002 
     11.96000000 -0.232986014976505E+005  0.344205322199090E+002 
     11.98000000 -0.232986014900971E+005  0.344205397733149E+002 
     12.00000000 -0.232986014877148E+005  0.344205421556223E+002 
     12.02000000 -0.232986014873444E+005  0.344205425260100E+002 
     12.04000000 -0.232986014869857E+005  0.344205428846421E+002 
     12.06000000 -0.232986014866306E+005  0.344205432397723E+002 
     12.08000000 -0.232986014862783E+005  0.344205435920626E+002 
     12.10000000 -0.232986014859284E+005  0.344205439420142E+002 
     12.12000000 -0.232986014855803E+005  0.344205442901219E+002 
     12.14000000 -0.232986014852335E+005  0.344205446369118E+002 
     12.16000000 -0.232986014848873E+005  0.344205449830706E+002 
     12.18000000 -0.232986014845409E+005  0.344205453294522E+002 
     12.20000000 -0.232986014841934E+005  0.344205456769691E+002 
     12.22000000 -0.232986014838437E+005  0.344205460266484E+002 
     12.24000000 -0.232986014834911E+005  0.344205463793130E+002 
     12.26000000 -0.232986014831347E+005  0.344205467356404E+002 
     12.28000000 -0.232986014827746E+005  0.344205470957667E+002 
     12.30000000 -0.232986014824109E+005  0.344205474594661E+002 
     12.32000000 -0.232986014820445E+005  0.344205478258971E+002 
     12.34000000 -0.232986014816764E+005  0.344205481939337E+002 
     12.36000000 -0.232986014813084E+005  0.344205485619363E+002 
     12.38000000 -0.232986014809422E+005  0.344205489282033E+002 
     12.40000000 -0.232986014805794E+005  0.344205492909963E+002 
     12.42000000 -0.232986014802217E+005  0.344205496487282E+002 
     12.44000000 -0.232986014798702E+005  0.344205500002203E+002 
     12.46000000 -0.232986014795258E+005  0.344205503446127E+002 
     12.48000000 -0.232986014791887E+005  0.344205506816362E+002 
     12.50000000 -0.232986014788589E+005  0.344205510114795E+002 
     12.52000000 -0.232986014785356E+005  0.344205513347768E+002 
     12.54000000 -0.232986014782179E+005  0.344205516525273E+002 
     12.56000000 -0.232986014779045E+005  0.344205519658973E+002 
     12.58000000 -0.232986014775942E+005  0.344205522761521E+002 
     12.60000000 -0.232986014772859E+005  0.344205525844424E+002 
     12.62000000 -0.232986014769786E+005  0.344205528917428E+002 
     12.64000000 -0.232986014766716E+005  0.344205531988236E+002 
     12.66000000 -0.232986014763642E+005  0.344205535061704E+002 
     12.68000000 -0.232986014760563E+005  0.344205538140431E+002 
     12.70000000 -0.232986014757478E+005  0.344205541225655E+002 
     12.72000000 -0.232986014754386E+005  0.344205544317560E+002 
     12.74000000 -0.232986014751287E+005  0.344205547417200E+002 
     12.76000000 -0.232986014748178E+005  0.344205550525502E+002 
     12.78000000 -0.232986014745059E+005  0.344205553644940E+002 
     12.80000000 -0.232986014741926E+005  0.344205556778115E+002 
     12.82000000 -0.232986014738776E+005  0.344205559927932E+002 
     12.84000000 -0.232986014735607E+005  0.344205563096373E+002 
     12.86000000 -0.232986014732419E+005  0.344205566284705E+002 
     12.88000000 -0.232986014729212E+005  0.344205569491940E+002 
     12.90000000 -0.232986014725988E+005  0.344205572715787E+002 
     12.92000000 -0.232986014722752E+005  0.344205575951667E+002 
     12.94000000 -0.232986014719510E+005  0.344205579193705E+002 
     12.96000000 -0.232986014716268E+005  0.344205582435618E+002 
     12.98000000 -0.232986014713034E+005  0.344205585670076E+002 
     13.00000000 -0.232986014709814E+005  0.344205588890210E+002 
     13.02000000 -0.232986014706614E+005  0.344205592089865E+002 
     13.04000000 -0.232986014703440E+005  0.344205595263936E+002 
     13.06000000 -0.232986014700295E+005  0.344205598408804E+002 
     13.08000000 -0.232986014697182E+005  0.344205601522117E+002 
     13.10000000 -0.232986014694100E+005  0.344205604603412E+002 
     13.12000000 -0.232986014691051E+005  0.344205607653276E+002 
     13.14000000 -0.232986014688030E+005  0.344205610674092E+002 
     13.16000000 -0.232986014685035E+005  0.344205613669107E+002 
     13.18000000 -0.232986014682061E+005  0.344205616643085E+002 
     13.20000000 -0.232986014679103E+005  0.344205619600359E+002 
     13.22000000 -0.232986014676157E+005  0.344205622547300E+002 
     13.24000000 -0.232986014673215E+005  0.344205625488888E+002 
     13.26000000 -0.232986014670273E+005  0.344205628430663E+002 
     13.28000000 -0.232986014667327E+005  0.344205631376799E+002 
     13.30000000 -0.232986014664373E+005  0.344205634330670E+002 
     13.32000000 -0.232986014661411E+005  0.344205637292800E+002 
     13.34000000 -0.232986014658441E+005  0.344205640262541E+002 
     13.36000000 -0.232986014655467E+005  0.344205643236643E+002 
     13.38000000 -0.232986014652493E+005  0.344205646211024E+002 
     13.40000000 -0.232986014649524E+005  0.344205649179712E+002 
     13.42000000 -0.232986014646566E+005  0.344205652137821E+002 
     13.44000000 -0.232986014643622E+005  0.344205655081637E+002 
     13.46000000 -0.232986014640695E+005  0.344205658008841E+002 
     13.48000000 -0.232986014637784E+005  0.344205660920206E+002 
     13.50000000 -0.232986014634885E+005  0.344205663818763E+002 
     13.52000000 -0.232986014631994E+005  0.344205666709339E+002 
     13.54000000 -0.232986014629106E+005  0.344205669597440E+002 
     13.56000000 -0.232986014626215E+005  0.344205672488727E+002 
     13.58000000 -0.232986014623317E+005  0.344205675386944E+002 
     13.60000000 -0.232986014620411E+005  0.344205678293297E+002 
     13.62000000 -0.232986014617497E+005  0.344205681206735E+002 
     13.64000000 -0.232986014614580E+005  0.344205684123389E+002 
     13.66000000 -0.232986014611665E+005  0.344205687038435E+002 
     13.68000000 -0.232986014608758E+005  0.344205689945902E+002 
     13.70000000 -0.232986014605863E+005  0.344205692840778E+002 
     13.72000000 -0.232986014602984E+005  0.344205695719846E+002 
     13.74000000 -0.232986014600122E+005  0.344205698581713E+002 
     13.76000000 -0.232986014597276E+005  0.344205701428144E+002 
     13.78000000 -0.232986014594442E+005  0.344205704262200E+002 
     13.80000000 -0.232986014591614E+005  0.344205707089543E+002 
     13.82000000 -0.232986014588788E+005  0.344205709916020E+002 
     13.84000000 -0.232986014585957E+005  0.344205712746395E+002 
     13.86000000 -0.232986014583119E+005  0.344205715584380E+002 
     13.88000000 -0.232986014580273E+005  0.344205718430718E+002 
     13.90000000 -0.232986014577421E+005  0.344205721283273E+002 
     13.92000000 -0.232986014574568E+005  0.344205724136262E+002 
     13.94000000 -0.232986014571723E+005  0.344205726981239E+002 
     13.96000000 -0.232986014568895E+005  0.344205729808706E+002 
     13.98000000 -0.232986014566095E+005  0.344205732608702E+002 
     14.00000000 -0.232986014563330E+005  0.344205735373678E+002 
     14.02000000 -0.232986014560604E+005  0.344205738099552E+002 
     14.04000000 -0.232986014557917E+005  0.344205740786756E+002 
     14.06000000 -0.232986014555263E+005  0.344205743440612E+002 
     14.08000000 -0.232986014552633E+005  0.344205746070708E+002 
     14.10000000 -0.232986014550014E+005  0.344205748689916E+002 
     14.12000000 -0.232986014547391E+005  0.344205751312464E+002 
     14.14000000 -0.232986014544753E+005  0.344205753951099E+002 
     14.16000000 -0.232986014542087E+005  0.344205756616524E+002 
     14.18000000 -0.232986014539389E+005  0.344205759315175E+002 
     14.20000000 -0.232986014536655E+005  0.344205762049030E+002 
     14.22000000 -0.232986014533888E+005  0.344205764815677E+002 
     14.24000000 -0.232986014531095E+005  0.344205767609300E+002 
     14.26000000 -0.232986014528282E+005  0.344205770421856E+002 
     14.28000000 -0.232986014525460E+005  0.344205773244281E+002 
     14.30000000 -0.232986014522635E+005  0.344205776068747E+002 
     14.32000000 -0.232986014519816E+005  0.344205778887335E+002 
     14.34000000 -0.232986014517009E+005  0.344205781694446E+002 
     14.36000000 -0.232986014514219E+005  0.344205784485285E+002 
     14.38000000 -0.232986014511448E+005  0.344205787256170E+002 
     14.40000000 -0.232986014508700E+005  0.344205790004009E+002 
     14.42000000 -0.232986014505979E+005  0.344205792725304E+002 
     14.44000000 -0.232986014503286E+005  0.344205795417551E+002 
     14.46000000 -0.232986014500626E+005  0.344205798077686E+002 
     14.48000000 -0.232986014498000E+005  0.344205800704256E+002 
     14.50000000 -0.232986014495407E+005  0.344205803297168E+002 
     14.52000000 -0.232986014492846E+005  0.344205805858278E+002 
     14.54000000 -0.232986014490312E+005  0.344205808391917E+002 
     14.56000000 -0.232986014487799E+005  0.344205810904334E+002 
     14.58000000 -0.232986014485301E+005  0.344205813402706E+002 
     14.60000000 -0.232986014482809E+005  0.344205815894365E+002 
     14.62000000 -0.232986014480318E+005  0.344205818385808E+002 
     14.64000000 -0.232986014477823E+005  0.344205820881303E+002 
     14.66000000 -0.232986014475321E+005  0.344205823382336E+002 
     14.68000000 -0.232986014472816E+005  0.344205825887823E+002 
     14.70000000 -0.232986014470309E+005  0.344205828394548E+002 
     14.72000000 -0.232986014467806E+005  0.344205830897994E+002 
     14.74000000 -0.232986014465310E+005  0.344205833394232E+002 
     14.76000000 -0.232986014462823E+005  0.344205835880663E+002 
     14.78000000 -0.232986014460347E+005  0.344205838356916E+002 
     14.80000000 -0.232986014457879E+005  0.344205840825095E+002 
     14.82000000 -0.232986014455415E+005  0.344205843289252E+002 
     14.84000000 -0.232986014452949E+005  0.344205845755018E+002 
     14.86000000 -0.232986014450476E+005  0.344205848228147E+002 
     14.88000000 -0.232986014447990E+005  0.344205850713433E+002 
     14.90000000 -0.232986014445490E+005  0.344205853213630E+002 
     14.92000000 -0.232986014442975E+005  0.344205855729296E+002 
     14.94000000 -0.232986014440445E+005  0.344205858258789E+002 
     14.96000000 -0.232986014437906E+005  0.344205860797780E+002 
     14.98000000 -0.232986014435363E+005  0.344205863341071E+002 
     15.00000000 -0.232986014432822E+005  0.344205865881949E+002 
     15.02000000 -0.232986014430290E+005  0.344205868413918E+002 
     15.04000000 -0.232986014427773E+005  0.344205870931254E+002 
     15.06000000 -0.232986014425275E+005  0.344205873429038E+002 
     15.08000000 -0.232986014422800E+005  0.344205875904301E+002 
     15.10000000 -0.232986014420348E+005  0.344205878355558E+002 
     15.12000000 -0.232986014417921E+005  0.344205880782840E+002 
     15.14000000 -0.232986014415515E+005  0.344205883188405E+002 
     15.16000000 -0.232986014413128E+005  0.344205885575532E+002 
     15.18000000 -0.232986014410755E+005  0.344205887948708E+002 
     15.20000000 -0.232986014408390E+005  0.344205890313406E+002 
     15.22000000 -0.232986014406029E+005  0.344205892674981E+002 
     15.24000000 -0.232986014403664E+005  0.344205895039648E+002 
     15.26000000 -0.232986014401292E+005  0.344205897412174E+002 
     15.28000000 -0.232986014398907E+005  0.344205899796950E+002 
     15.30000000 -0.232986014396507E+005  0.344205902196761E+002 
     15.32000000 -0.232986014394091E+005  0.344205904612628E+002 
     15.34000000 -0.232986014391660E+005  0.344205907043745E+002 
     15.36000000 -0.232986014389216E+005  0.344205909487825E+002 
     15.38000000 -0.232986014386763E+005  0.344205911940351E+002 
     15.40000000 -0.232986014384308E+005  0.344205914396094E+002 
     15.42000000 -0.232986014381855E+005  0.344205916849021E+002 
     15.44000000 -0.232986014379409E+005  0.344205919294370E+002 
     15.46000000 -0.232986014376977E+005  0.344205921726415E+002 
     15.48000000 -0.232986014374561E+005  0.344205924142406E+002 
     15.50000000 -0.232986014372162E+005  0.344205926541474E+002 
     15.52000000 -0.232986014369780E+005  0.344205928924085E+002 
     15.54000000 -0.232986014367411E+005  0.344205931293084E+002 
     15.56000000 -0.232986014365051E+005  0.344205933652926E+002 
     15.58000000 -0.232986014362695E+005  0.344205936008684E+002 
     15.60000000 -0.232986014360338E+005  0.344205938365370E+002 
     15.62000000 -0.232986014357976E+005  0.344205940727563E+002 
     15.64000000 -0.232986014355605E+005  0.344205943098913E+002 
     15.66000000 -0.232986014353222E+005  0.344205945481648E+002 
     15.68000000 -0.232986014350827E+005  0.344205947876695E+002 
     15.70000000 -0.232986014348420E+005  0.344205950284116E+002 
     15.72000000 -0.232986014345999E+005  0.344205952704561E+002 
     15.74000000 -0.232986014343567E+005  0.344205955136638E+002 
     15.76000000 -0.232986014341123E+005  0.344205957580748E+002 
     15.78000000 -0.232986014338667E+005  0.344205960036460E+002 
     15.80000000 -0.232986014336201E+005  0.344205962503247E+002 
     15.82000000 -0.232986014333723E+005  0.344205964980954E+002 
     15.84000000 -0.232986014331236E+005  0.344205967468066E+002 
     15.86000000 -0.232986014328740E+005  0.344205969963344E+002 
     15.88000000 -0.232986014326240E+005  0.344205972463758E+002 
     15.90000000 -0.232986014323738E+005  0.344205974965534E+002 
     15.92000000 -0.232986014321239E+005  0.344205977464648E+002 
     15.94000000 -0.232986014318747E+005  0.344205979956895E+002 
     15.96000000 -0.232986014316266E+005  0.344205982438036E+002 
     15.98000000 -0.232986014313799E+005  0.344205984904576E+002 
     16.00000000 -0.232986014311349E+005  0.344205987354626E+002 
     16.02000000 -0.232986014308917E+005  0.344205989786734E+002 
     16.04000000 -0.232986014306502E+005  0.344205992201425E+002 
     16.06000000 -0.232986014304105E+005  0.344205994599225E+002 
     16.08000000 -0.232986014301721E+005  0.344205996982454E+002 
     16.10000000 -0.232986014299351E+005  0.344205999352691E+002 
     16.12000000 -0.232986014296991E+005  0.344206001712594E+002 
     16.14000000 -0.232986014294640E+005  0.344206004064207E+002 
     16.16000000 -0.232986014292294E+005  0.344206006410004E+002 
     16.18000000 -0.232986014289951E+005  0.344206008752337E+002 
     16.20000000 -0.232986014287611E+005  0.344206011093122E+002 
     16.22000000 -0.232986014285270E+005  0.344206013434062E+002 
     16.24000000 -0.232986014282927E+005  0.344206015776333E+002 
     16.26000000 -0.232986014280584E+005  0.344206018119624E+002 
     16.28000000 -0.232986014278241E+005  0.344206020463194E+002 
     16.30000000 -0.232986014275900E+005  0.344206022803824E+002 
     16.32000000 -0.232986014273565E+005  0.344206025138330E+002 
     16.34000000 -0.232986014271241E+005  0.344206027463153E+002 
     16.36000000 -0.232986014268930E+005  0.344206029774116E+002 
     16.38000000 -0.232986014266635E+005  0.344206032068807E+002 
     16.40000000 -0.232986014264358E+005  0.344206034346050E+002 
     16.42000000 -0.232986014262096E+005  0.344206036607640E+002 
     16.44000000 -0.232986014259847E+005  0.344206038856980E+002 
     16.46000000 -0.232986014257603E+005  0.344206041100410E+002 
     16.48000000 -0.232986014255359E+005  0.344206043344955E+002 
     16.50000000 -0.232986014253105E+005  0.344206045598377E+002 
     16.52000000 -0.232986014250836E+005  0.344206047867701E+002 
     16.54000000 -0.232986014248545E+005  0.344206050159051E+002 
     16.56000000 -0.232986014246228E+005  0.344206052475954E+002 
     16.58000000 -0.232986014243884E+005  0.344206054819741E+002 
     16.60000000 -0.232986014241515E+005  0.344206057189204E+002 
     16.62000000 -0.232986014239123E+005  0.344206059580414E+002 
     16.64000000 -0.232986014236716E+005  0.344206061987464E+002 
     16.66000000 -0.232986014234300E+005  0.344206064403919E+002 
     16.68000000 -0.232986014231882E+005  0.344206066822105E+002 
     16.70000000 -0.232986014229468E+005  0.344206069235497E+002 
     16.72000000 -0.232986014227064E+005  0.344206071639453E+002 
     16.74000000 -0.232986014224673E+005  0.344206074030447E+002 
     16.76000000 -0.232986014222295E+005  0.344206076408480E+002 
     16.78000000 -0.232986014219928E+005  0.344206078775375E+002 
     16.80000000 -0.232986014217569E+005  0.344206081135217E+002 
     16.82000000 -0.232986014215210E+005  0.344206083493450E+002 
     16.84000000 -0.232986014212848E+005  0.344206085855952E+002 
     16.86000000 -0.232986014210476E+005  0.344206088227735E+002 
     16.88000000 -0.232986014208090E+005  0.344206090613440E+002 
     16.90000000 -0.232986014205689E+005  0.344206093015168E+002 
     16.92000000 -0.232986014203270E+005  0.344206095433665E+002 
     16.94000000 -0.232986014200836E+005  0.344206097867381E+002 
     16.96000000 -0.232986014198390E+005  0.344206100313534E+002 
     16.98000000 -0.232986014195935E+005  0.344206102768410E+002 
     17.00000000 -0.232986014193476E+005  0.344206105227494E+002 
     17.02000000 -0.232986014191018E+005  0.344206107685340E+002 
     17.04000000 -0.232986014188567E+005  0.344206110136938E+002 
     17.06000000 -0.232986014186127E+005  0.344206112577151E+002 
     17.08000000 -0.232986014183703E+005  0.344206115001153E+002 
     17.10000000 -0.232986014181299E+005  0.344206117405110E+002 
     17.12000000 -0.232986014178918E+005  0.344206119786174E+002 
     17.14000000 -0.232986014176560E+005  0.344206122143541E+002 
     17.16000000 -0.232986014174226E+005  0.344206124478201E+002 
     17.18000000 -0.232986014171911E+005  0.344206126792815E+002 
     17.20000000 -0.232986014169612E+005  0.344206129092053E+002 
     17.22000000 -0.232986014167323E+005  0.344206131381145E+002 
     17.24000000 -0.232986014165038E+005  0.344206133666184E+002 
     17.26000000 -0.232986014162752E+005  0.344206135952152E+002 
     17.28000000 -0.232986014160461E+005  0.344206138243192E+002 
     17.30000000 -0.232986014158162E+005  0.344206140541472E+002 
     17.32000000 -0.232986014155856E+005  0.344206142847919E+002 
     17.34000000 -0.232986014153543E+005  0.344206145160800E+002 
     17.36000000 -0.232986014151227E+005  0.344206147477270E+002 
     17.38000000 -0.232986014148910E+005  0.344206149793462E+002 
     17.40000000 -0.232986014146599E+005  0.344206152104765E+002 
     17.42000000 -0.232986014144297E+005  0.344206154407159E+002 
     17.44000000 -0.232986014142006E+005  0.344206156697520E+002 
     17.46000000 -0.232986014139731E+005  0.344206158973247E+002 
     17.48000000 -0.232986014137469E+005  0.344206161234466E+002 
     17.50000000 -0.232986014135222E+005  0.344206163481949E+002 
     17.52000000 -0.232986014132986E+005  0.344206165717831E+002 
     17.54000000 -0.232986014130758E+005  0.344206167945516E+002 
     17.56000000 -0.232986014128535E+005  0.344206170169271E+002 
     17.58000000 -0.232986014126311E+005  0.344206172392965E+002 
     17.60000000 -0.232986014124083E+005  0.344206174621299E+002 
     17.62000000 -0.232986014121845E+005  0.344206176858759E+002 
     17.64000000 -0.232986014119594E+005  0.344206179110016E+002 
     17.66000000 -0.232986014117324E+005  0.344206181379835E+002 
     17.68000000 -0.232986014115031E+005  0.344206183673289E+002 
     17.70000000 -0.232986014112709E+005  0.344206185994956E+002 
     17.72000000 -0.232986014110355E+005  0.344206188348858E+002 
     17.74000000 -0.232986014107967E+005  0.344206190737161E+002 
     17.76000000 -0.232986014105544E+005  0.344206193160297E+002 
     17.78000000 -0.232986014103088E+005  0.344206195615421E+002 
     17.80000000 -0.232986014100607E+005  0.344206198097088E+002 
     17.82000000 -0.232986014098107E+005  0.344206200596822E+002 
     17.84000000 -0.232986014095600E+005  0.344206203104289E+002 
     17.86000000 -0.232986014093096E+005  0.344206205608106E+002 
     17.88000000 -0.232986014090607E+005  0.344206208096702E+002 
     17.90000000 -0.232986014088143E+005  0.344206210560365E+002 
     17.92000000 -0.232986014085712E+005  0.344206212992287E+002 
     17.94000000 -0.232986014083316E+005  0.344206215387983E+002 
     17.96000000 -0.232986014080956E+005  0.344206217747732E+002 
     17.98000000 -0.232986014078630E+005  0.344206220074040E+002 
     18.00000000 -0.232986014076332E+005  0.344206222372010E+002 
     18.02000000 -0.232986014074056E+005  0.344206224647459E+002 
     18.04000000 -0.232986014071798E+005  0.344206226906079E+002 
     18.06000000 -0.232986014069552E+005  0.344206229151768E+002 
     18.08000000 -0.232986014067318E+005  0.344206231386290E+002 
     18.10000000 -0.232986014065095E+005  0.344206233608715E+002 
     18.12000000 -0.232986014062887E+005  0.344206235816940E+002 
     18.14000000 -0.232986014060697E+005  0.344206238006821E+002 
     18.16000000 -0.232986014058529E+005  0.344206240174676E+002 
     18.18000000 -0.232986014056386E+005  0.344206242318122E+002 
     18.20000000 -0.232986014054268E+005  0.344206244435984E+002 
     18.22000000 -0.232986014052173E+005  0.344206246530800E+002 
     18.24000000 -0.232986014050097E+005  0.344206248606837E+002 
     18.26000000 -0.232986014048034E+005  0.344206250669819E+002 
     18.28000000 -0.232986014045977E+005  0.344206252727233E+002 
     18.30000000 -0.232986014043917E+005  0.344206254786874E+002 
     18.32000000 -0.232986014041849E+005  0.344206256855054E+002 
     18.34000000 -0.232986014039766E+005  0.344206258937711E+002 
     18.36000000 -0.232986014037664E+005  0.344206261039332E+002 
     18.38000000 -0.232986014035541E+005  0.344206263163227E+002 
     18.40000000 -0.232986014033392E+005  0.344206265311963E+002 
     18.42000000 -0.232986014031217E+005  0.344206267486933E+002 
     18.44000000 -0.232986014029014E+005  0.344206269690240E+002 
     18.46000000 -0.232986014026779E+005  0.344206271924359E+002 
     18.48000000 -0.232986014024513E+005  0.344206274191022E+002 
     18.50000000 -0.232986014022212E+005  0.344206276491993E+002 
     18.52000000 -0.232986014019876E+005  0.344206278828231E+002 
     18.54000000 -0.232986014017506E+005  0.344206281198065E+002 
     18.56000000 -0.232986014015105E+005  0.344206283598588E+002 
     18.58000000 -0.232986014012680E+005  0.344206286023890E+002 
     18.60000000 -0.232986014010239E+005  0.344206288465124E+002 
     18.62000000 -0.232986014007791E+005  0.344206290912607E+002 
     18.64000000 -0.232986014005349E+005  0.344206293355294E+002 
     18.66000000 -0.232986014002922E+005  0.344206295782267E+002 
     18.68000000 -0.232986014000519E+005  0.344206298184522E+002 
     18.70000000 -0.232986013998149E+005  0.344206300554665E+002 
     18.72000000 -0.232986013995815E+005  0.344206302888799E+002 
     18.74000000 -0.232986013993518E+005  0.344206305185316E+002 
     18.76000000 -0.232986013991258E+005  0.344206307445545E+002 
     18.78000000 -0.232986013989030E+005  0.344206309673631E+002 
     18.80000000 -0.232986013986829E+005  0.344206311874927E+002 
     18.82000000 -0.232986013984648E+005  0.344206314055837E+002 
     18.84000000 -0.232986013982481E+005  0.344206316222949E+002 
     18.86000000 -0.232986013980321E+005  0.344206318382358E+002 
     18.88000000 -0.232986013978165E+005  0.344206320538983E+002 
     18.90000000 -0.232986013976007E+005  0.344206322696381E+002 
     18.92000000 -0.232986013973848E+005  0.344206324856161E+002 
     18.94000000 -0.232986013971685E+005  0.344206327018355E+002 
     18.96000000 -0.232986013969522E+005  0.344206329182249E+002 
     18.98000000 -0.232986013967358E+005  0.344206331345556E+002 
     19.00000000 -0.232986013965198E+005  0.344206333505832E+002 
     19.02000000 -0.232986013963043E+005  0.344206335661250E+002 
     19.04000000 -0.232986013960894E+005  0.344206337809367E+002 
     19.06000000 -0.232986013958754E+005  0.344206339949875E+002 
     19.08000000 -0.232986013956621E+005  0.344206342082679E+002 
     19.10000000 -0.232986013954495E+005  0.344206344208863E+002 
     19.12000000 -0.232986013952373E+005  0.344206346330902E+002 
     19.14000000 -0.232986013950252E+005  0.344206348451394E+002 
     19.16000000 -0.232986013948130E+005  0.344206350573525E+002 
     19.18000000 -0.232986013946003E+005  0.344206352700359E+002 
     19.20000000 -0.232986013943870E+005  0.344206354834277E+002 
     19.22000000 -0.232986013941727E+005  0.344206356976981E+002 
     19.24000000 -0.232986013939574E+005  0.344206359129862E+002 
     19.26000000 -0.232986013937411E+005  0.344206361292736E+002 
     19.28000000 -0.232986013935238E+005  0.344206363465695E+002 
     19.30000000 -0.232986013933056E+005  0.344206365648244E+002 
     19.32000000 -0.232986013930864E+005  0.344206367839981E+002 
     19.34000000 -0.232986013928663E+005  0.344206370040658E+002 
     19.36000000 -0.232986013926453E+005  0.344206372250586E+002 
     19.38000000 -0.232986013924233E+005  0.344206374470722E+002 
     19.40000000 -0.232986013922001E+005  0.344206376702551E+002 
     19.42000000 -0.232986013919757E+005  0.344206378947281E+002 
     19.44000000 -0.232986013917498E+005  0.344206381206211E+002 
     19.46000000 -0.232986013915225E+005  0.344206383479030E+002 
     19.48000000 -0.232986013912939E+005  0.344206385764812E+002 
     19.50000000 -0.232986013910643E+005  0.344206388060493E+002 
     19.52000000 -0.232986013908343E+005  0.344206390361062E+002 
     19.54000000 -0.232986013906044E+005  0.344206392659527E+002 
     19.56000000 -0.232986013903756E+005  0.344206394948279E+002 
     19.58000000 -0.232986013901485E+005  0.344206397218562E+002 
     19.60000000 -0.232986013899242E+005  0.344206399461992E+002 
     19.62000000 -0.232986013897032E+005  0.344206401671363E+002 
     19.64000000 -0.232986013894862E+005  0.344206403841383E+002 
     19.66000000 -0.232986013892734E+005  0.344206405969949E+002 
     19.68000000 -0.232986013890647E+005  0.344206408056535E+002 
     19.70000000 -0.232986013888599E+005  0.344206410104668E+002 
     19.72000000 -0.232986013886584E+005  0.344206412120133E+002 
     19.74000000 -0.232986013884593E+005  0.344206414111252E+002 
     19.76000000 -0.232986013882616E+005  0.344206416087954E+002 
     19.78000000 -0.232986013880643E+005  0.344206418061223E+002 
     19.80000000 -0.232986013878662E+005  0.344206420041637E+002 
     19.82000000 -0.232986013876665E+005  0.344206422039160E+002 
     19.84000000 -0.232986013874642E+005  0.344206424061616E+002 
     19.86000000 -0.232986013872590E+005  0.344206426113771E+002 
     19.88000000 -0.232986013870506E+005  0.344206428197635E+002 
     19.90000000 -0.232986013868393E+005  0.344206430311259E+002 
     19.92000000 -0.232986013866254E+005  0.344206432450034E+002 
     19.94000000 -0.232986013864097E+005  0.344206434607061E+002 
     19.96000000 -0.232986013861929E+005  0.344206436774823E+002 
     19.98000000 -0.232986013859758E+005  0.344206438945461E+002 
     20.00000000 -0.232986013857590E+005  0.344206441113471E+002 
     20.02000000 -0.232986013855429E+005  0.344206443275138E+002 
     20.04000000 -0.232986013853274E+005  0.344206445429350E+002 
     20.06000000 -0.232986013851126E+005  0.344206447577375E+002 
     20.08000000 -0.232986013848982E+005  0.344206449721780E+002 
     20.10000000 -0.232986013846838E+005  0.344206451865752E+002 
     20.12000000 -0.232986013844692E+005  0.344206454011797E+002 
     20.14000000 -0.232986013842543E+005  0.344206456161059E+002 
     20.16000000 -0.232986013840390E+005  0.344206458313693E+002 
     20.18000000 -0.232986013838236E+005  0.344206460467503E+002 
     20.20000000 -0.232986013836084E+005  0.344206462619580E+002 
     20.22000000 -0.232986013833937E+005  0.344206464766553E+002 
     20.24000000 -0.232986013831799E+005  0.344206466904926E+002 
     20.26000000 -0.232986013829671E+005  0.344206469032409E+002 
     20.28000000 -0.232986013827556E+005  0.344206471148199E+002 
     20.30000000 -0.232986013825451E+005  0.344206473252821E+002 
     20.32000000 -0.232986013823356E+005  0.344206475348162E+002 
     20.34000000 -0.232986013821266E+005  0.344206477438213E+002 
     20.36000000 -0.232986013819177E+005  0.344206479527027E+002 
     20.38000000 -0.232986013817085E+005  0.344206481619274E+002 
     20.40000000 -0.232986013814984E+005  0.344206483719781E+002 
     20.42000000 -0.232986013812872E+005  0.344206485832106E+002 
     20.44000000 -0.232986013810745E+005  0.344206487959064E+002 
     20.46000000 -0.232986013808602E+005  0.344206490101427E+002 
     20.48000000 -0.232986013806445E+005  0.344206492259073E+002 
     20.50000000 -0.232986013804274E+005  0.344206494429835E+002 
     20.52000000 -0.232986013802093E+005  0.344206496610436E+002 
     20.54000000 -0.232986013799907E+005  0.344206498797161E+002 
     20.56000000 -0.232986013797718E+005  0.344206500985495E+002 
     20.58000000 -0.232986013795532E+005  0.344206503171354E+002 
     20.60000000 -0.232986013793352E+005  0.344206505351954E+002 
     20.62000000 -0.232986013791178E+005  0.344206507525501E+002 
     20.64000000 -0.232986013789012E+005  0.344206509691963E+002 
     20.66000000 -0.232986013786851E+005  0.344206511852826E+002 
     20.68000000 -0.232986013784693E+005  0.344206514010534E+002 
     20.70000000 -0.232986013782536E+005  0.344206516168242E+002 
     20.72000000 -0.232986013780375E+005  0.344206518328981E+002 
     20.74000000 -0.232986013778208E+005  0.344206520495567E+002 
     20.76000000 -0.232986013776035E+005  0.344206522668742E+002 
     20.78000000 -0.232986013773855E+005  0.344206524849219E+002 
     20.80000000 -0.232986013771669E+005  0.344206527035264E+002 
     20.82000000 -0.232986013769478E+005  0.344206529225639E+002 
     20.84000000 -0.232986013767287E+005  0.344206531417129E+002 
     20.86000000 -0.232986013765097E+005  0.344206533606886E+002 
     20.88000000 -0.232986013762912E+005  0.344206535792250E+002 
     20.90000000 -0.232986013760734E+005  0.344206537970221E+002 
     20.92000000 -0.232986013758565E+005  0.344206540139220E+002 
     20.94000000 -0.232986013756406E+005  0.344206542297577E+002 
     20.96000000 -0.232986013754260E+005  0.344206544444117E+002 
     20.98000000 -0.232986013752125E+005  0.344206546578437E+002 
     21.00000000 -0.232986013750004E+005  0.344206548700197E+002 
     21.02000000 -0.232986013747894E+005  0.344206550809583E+002 
     21.04000000 -0.232986013745797E+005  0.344206552906811E+002 
     21.06000000 -0.232986013743712E+005  0.344206554992315E+002 
     21.08000000 -0.232986013741636E+005  0.344206557067331E+002 
     21.10000000 -0.232986013739571E+005  0.344206559132355E+002 
     21.12000000 -0.232986013737515E+005  0.344206561189274E+002 
     21.14000000 -0.232986013735465E+005  0.344206563239016E+002 
     21.16000000 -0.232986013733420E+005  0.344206565283375E+002 
     21.18000000 -0.232986013731380E+005  0.344206567324269E+002 
     21.20000000 -0.232986013729340E+005  0.344206569363802E+002 
     21.22000000 -0.232986013727299E+005  0.344206571404480E+002 
     21.24000000 -0.232986013725255E+005  0.344206573449055E+002 
     21.26000000 -0.232986013723203E+005  0.344206575501086E+002 
     21.28000000 -0.232986013721140E+005  0.344206577563759E+002 
     21.30000000 -0.232986013719063E+005  0.344206579641281E+002 
     21.32000000 -0.232986013716967E+005  0.344206581736499E+002 
     21.34000000 -0.232986013714852E+005  0.344206583851701E+002 
     21.36000000 -0.232986013712716E+005  0.344206585988310E+002 
     21.38000000 -0.232986013710558E+005  0.344206588146049E+002 
     21.40000000 -0.232986013708381E+005  0.344206590322844E+002 
     21.42000000 -0.232986013706189E+005  0.344206592515199E+002 
     21.44000000 -0.232986013703985E+005  0.344206594718568E+002 
     21.46000000 -0.232986013701777E+005  0.344206596927010E+002 
     21.48000000 -0.232986013699568E+005  0.344206599135453E+002 
     21.50000000 -0.232986013697365E+005  0.344206601338388E+002 
     21.52000000 -0.232986013695172E+005  0.344206603531950E+002 
     21.54000000 -0.232986013692990E+005  0.344206605713664E+002 
     21.56000000 -0.232986013690822E+005  0.344206607881797E+002 
     21.58000000 -0.232986013688667E+005  0.344206610036999E+002 
     21.60000000 -0.232986013686524E+005  0.344206612180012E+002 
     21.62000000 -0.232986013684391E+005  0.344206614312909E+002 
     21.64000000 -0.232986013682266E+005  0.344206616437516E+002 
     21.66000000 -0.232986013680148E+005  0.344206618555316E+002 
     21.68000000 -0.232986013678036E+005  0.344206620667796E+002 
     21.70000000 -0.232986013675927E+005  0.344206622776377E+002 
     21.72000000 -0.232986013673823E+005  0.344206624880937E+002 
     21.74000000 -0.232986013671721E+005  0.344206626982342E+002 
     21.76000000 -0.232986013669623E+005  0.344206629080591E+002 
     21.78000000 -0.232986013667528E+005  0.344206631176241E+002 
     21.80000000 -0.232986013665435E+005  0.344206633269231E+002 
     21.82000000 -0.232986013663344E+005  0.344206635359499E+002 
     21.84000000 -0.232986013661257E+005  0.344206637447230E+002 
     21.86000000 -0.232986013659172E+005  0.344206639531774E+002 
     21.88000000 -0.232986013657091E+005  0.344206641612576E+002 
     21.90000000 -0.232986013655015E+005  0.344206643689262E+002 
     21.92000000 -0.232986013652942E+005  0.344206645761773E+002 
     21.94000000 -0.232986013650873E+005  0.344206647830447E+002 
     21.96000000 -0.232986013648807E+005  0.344206649896647E+002 
     21.98000000 -0.232986013646742E+005  0.344206651961795E+002 
     22.00000000 -0.232986013644675E+005  0.344206654029077E+002 
     22.02000000 -0.232986013642603E+005  0.344206656100443E+002 
     22.04000000 -0.232986013640525E+005  0.344206658178708E+002 
     22.06000000 -0.232986013638439E+005  0.344206660265016E+002 
     22.08000000 -0.232986013636344E+005  0.344206662359862E+002 
     22.10000000 -0.232986013634243E+005  0.344206664461235E+002 
     22.12000000 -0.232986013632138E+005  0.344206666565919E+002 
     22.14000000 -0.232986013630035E+005  0.344206668668932E+002 
     22.16000000 -0.232986013627939E+005  0.344206670765294E+002 
     22.18000000 -0.232986013625855E+005  0.344206672849065E+002 
     22.20000000 -0.232986013623788E+005  0.344206674916255E+002 
     22.22000000 -0.232986013621739E+005  0.344206676964574E+002 
     22.24000000 -0.232986013619710E+005  0.344206678993774E+002 
     22.26000000 -0.232986013617697E+005  0.344206681006640E+002 
     22.28000000 -0.232986013615695E+005  0.344206683008494E+002 
     22.30000000 -0.232986013613698E+005  0.344206685006078E+002 
     22.32000000 -0.232986013611697E+005  0.344206687006941E+002 
     22.34000000 -0.232986013609685E+005  0.344206689018817E+002 
     22.36000000 -0.232986013607656E+005  0.344206691048018E+002 
     22.38000000 -0.232986013605605E+005  0.344206693098657E+002 
     22.40000000 -0.232986013603531E+005  0.344206695172374E+002 
     22.42000000 -0.232986013601436E+005  0.344206697268241E+002 
     22.44000000 -0.232986013599320E+005  0.344206699383350E+002 
     22.46000000 -0.232986013597191E+005  0.344206701512937E+002 
     22.48000000 -0.232986013595052E+005  0.344206703651557E+002 
     22.50000000 -0.232986013592910E+005  0.344206705793611E+002 
     22.52000000 -0.232986013590770E+005  0.344206707934180E+002 
     22.54000000 -0.232986013588634E+005  0.344206710069862E+002 
     22.56000000 -0.232986013586506E+005  0.344206712197593E+002 
     22.58000000 -0.232986013584387E+005  0.344206714316569E+002 
     22.60000000 -0.232986013582277E+005  0.344206716426388E+002 
     22.62000000 -0.232986013580175E+005  0.344206718528597E+002 
     22.64000000 -0.232986013578079E+005  0.344206720624340E+002 
     22.66000000 -0.232986013575987E+005  0.344206722716526E+002 
     22.68000000 -0.232986013573896E+005  0.344206724808216E+002 
     22.70000000 -0.232986013571801E+005  0.344206726902691E+002 
     22.72000000 -0.232986013569701E+005  0.344206729003168E+002 
     22.74000000 -0.232986013567592E+005  0.344206731112120E+002 
     22.76000000 -0.232986013565472E+005  0.344206733231344E+002 
     22.78000000 -0.232986013563343E+005  0.344206735360343E+002 
     22.80000000 -0.232986013561207E+005  0.344206737497107E+002 
     22.82000000 -0.232986013559065E+005  0.344206739638388E+002 
     22.84000000 -0.232986013556925E+005  0.344206741778895E+002 
     22.86000000 -0.232986013554790E+005  0.344206743914205E+002 
     22.88000000 -0.232986013552664E+005  0.344206746039987E+002 
     22.90000000 -0.232986013550550E+005  0.344206748153550E+002 
     22.92000000 -0.232986013548449E+005  0.344206750254428E+002 
     22.94000000 -0.232986013546359E+005  0.344206752345067E+002 
     22.96000000 -0.232986013544273E+005  0.344206754430509E+002 
     22.98000000 -0.232986013542187E+005  0.344206756516971E+002 
     23.00000000 -0.232986013540092E+005  0.344206758612065E+002 
     23.02000000 -0.232986013537981E+005  0.344206760722812E+002 
     23.04000000 -0.232986013535849E+005  0.344206762855090E+002 
     23.06000000 -0.232986013533691E+005  0.344206765013077E+002 
     23.08000000 -0.232986013531506E+005  0.344206767197884E+002 
     23.10000000 -0.232986013529295E+005  0.344206769409172E+002 
     23.12000000 -0.232986013527061E+005  0.344206771643044E+002 
     23.14000000 -0.232986013524809E+005  0.344206773895105E+002 
     23.16000000 -0.232986013522544E+005  0.344206776159325E+002 
     23.18000000 -0.232986013520275E+005  0.344206778428989E+002 
     23.20000000 -0.232986013518006E+005  0.344206780697880E+002 
     23.22000000 -0.232986013515744E+005  0.344206782959934E+002 
     23.24000000 -0.232986013513494E+005  0.344206785210232E+002 
     23.26000000 -0.232986013511258E+005  0.344206787445495E+002 
     23.28000000 -0.232986013509040E+005  0.344206789664239E+002 
     23.30000000 -0.232986013506837E+005  0.344206791866495E+002 
     23.32000000 -0.232986013504649E+005  0.344206794055138E+002 
     23.34000000 -0.232986013502470E+005  0.344206796233387E+002 
     23.36000000 -0.232986013500297E+005  0.344206798406934E+002 
     23.38000000 -0.232986013498122E+005  0.344206800581780E+002 
     23.40000000 -0.232986013495940E+005  0.344206802763865E+002 
     23.42000000 -0.232986013493745E+005  0.344206804959159E+002 
     23.44000000 -0.232986013491532E+005  0.344206807172180E+002 
     23.46000000 -0.232986013489297E+005  0.344206809406608E+002 
     23.48000000 -0.232986013487040E+005  0.344206811663372E+002 
     23.50000000 -0.232986013484762E+005  0.344206813942039E+002 
     23.52000000 -0.232986013482463E+005  0.344206816240318E+002 
     23.54000000 -0.232986013480150E+005  0.344206818553880E+002 
     23.56000000 -0.232986013477827E+005  0.344206820877218E+002 
     23.58000000 -0.232986013475500E+005  0.344206823204051E+002 
     23.60000000 -0.232986013473176E+005  0.344206825527637E+002 
     23.62000000 -0.232986013470861E+005  0.344206827842838E+002 
     23.64000000 -0.232986013468559E+005  0.344206830144799E+002 
     23.66000000 -0.232986013466273E+005  0.344206832430797E+002 
     23.68000000 -0.232986013464004E+005  0.344206834700090E+002 
     23.70000000 -0.232986013461750E+005  0.344206836953328E+002 
     23.72000000 -0.232986013459512E+005  0.344206839192211E+002 
     23.74000000 -0.232986013457285E+005  0.344206841418936E+002 
     23.76000000 -0.232986013455068E+005  0.344206843635700E+002 
     23.78000000 -0.232986013452860E+005  0.344206845843771E+002 
     23.80000000 -0.232986013450660E+005  0.344206848043922E+002 
     23.82000000 -0.232986013448468E+005  0.344206850236247E+002 
     23.84000000 -0.232986013446284E+005  0.344206852419724E+002 
     23.86000000 -0.232986013444110E+005  0.344206854593735E+002 
     23.88000000 -0.232986013441946E+005  0.344206856757630E+002 
     23.90000000 -0.232986013439793E+005  0.344206858910852E+002 
     23.92000000 -0.232986013437650E+005  0.344206861053958E+002 
     23.94000000 -0.232986013435517E+005  0.344206863187257E+002 
     23.96000000 -0.232986013433392E+005  0.344206865311616E+002 
     23.98000000 -0.232986013431277E+005  0.344206867426910E+002 
     24.00000000 -0.232986013429170E+005  0.344206869534316E+002 
     24.02000000 -0.232986013427070E+005  0.344206871633865E+002 
     24.04000000 -0.232986013424979E+005  0.344206873725184E+002 
     24.06000000 -0.232986013422896E+005  0.344206875808275E+002 
     24.08000000 -0.232986013420821E+005  0.344206877882889E+002 
     24.10000000 -0.232986013418755E+005  0.344206879948686E+002 
     24.12000000 -0.232986013416698E+005  0.344206882005853E+002 
     24.14000000 -0.232986013414649E+005  0.344206884055254E+002 
     24.16000000 -0.232986013412606E+005  0.344206886097510E+002 
     24.18000000 -0.232986013410570E+005  0.344206888134042E+002 
     24.20000000 -0.232986013408537E+005  0.344206890166583E+002 
     24.22000000 -0.232986013406506E+005  0.344206892197640E+002 
     24.24000000 -0.232986013404475E+005  0.344206894229284E+002 
     24.26000000 -0.232986013402440E+005  0.344206896263991E+002 
     24.28000000 -0.232986013400399E+005  0.344206898304391E+002 
     24.30000000 -0.232986013398352E+005  0.344206900351905E+002 
     24.32000000 -0.232986013396296E+005  0.344206902407865E+002 
     24.34000000 -0.232986013394231E+005  0.344206904472827E+002 
     24.36000000 -0.232986013392157E+005  0.344206906546358E+002 
     24.38000000 -0.232986013390076E+005  0.344206908627655E+002 
     24.40000000 -0.232986013387989E+005  0.344206910714612E+002 
     24.42000000 -0.232986013385898E+005  0.344206912805468E+002 
     24.44000000 -0.232986013383807E+005  0.344206914897035E+002 
     24.46000000 -0.232986013381717E+005  0.344206916986745E+002 
     24.48000000 -0.232986013379632E+005  0.344206919072002E+002 
     24.50000000 -0.232986013377553E+005  0.344206921150328E+002 
     24.52000000 -0.232986013375483E+005  0.344206923220487E+002 
     24.54000000 -0.232986013373422E+005  0.344206925281799E+002 
     24.56000000 -0.232986013371369E+005  0.344206927334325E+002 
     24.58000000 -0.232986013369324E+005  0.344206929379674E+002 
     24.60000000 -0.232986013367284E+005  0.344206931419485E+002 
     24.62000000 -0.232986013365247E+005  0.344206933456451E+002 
     24.64000000 -0.232986013363211E+005  0.344206935492643E+002 
     24.66000000 -0.232986013361173E+005  0.344206937531062E+002 
     24.68000000 -0.232986013359130E+005  0.344206939574245E+002 
     24.70000000 -0.232986013357079E+005  0.344206941624977E+002 
     24.72000000 -0.232986013355018E+005  0.344206943685577E+002 
     24.74000000 -0.232986013352945E+005  0.344206945758830E+002 
     24.76000000 -0.232986013350857E+005  0.344206947846902E+002 
     24.78000000 -0.232986013348752E+005  0.344206949951431E+002 
     24.80000000 -0.232986013346631E+005  0.344206952073036E+002 
     24.82000000 -0.232986013344493E+005  0.344206954211131E+002 
     24.84000000 -0.232986013342340E+005  0.344206956363332E+002 
     24.86000000 -0.232986013340178E+005  0.344206958525618E+002 
     24.88000000 -0.232986013338012E+005  0.344206960691616E+002 
     24.90000000 -0.232986013335849E+005  0.344206962854768E+002 
     24.92000000 -0.232986013333698E+005  0.344206965006258E+002 
     24.94000000 -0.232986013331566E+005  0.344206967138196E+002 
     24.96000000 -0.232986013329461E+005  0.344206969242880E+002 
     24.98000000 -0.232986013327390E+005  0.344206971313967E+002 
     25.00000000 -0.232986013325357E+005  0.344206973347127E+002 
     25.02000000 -0.232986013323362E+005  0.344206975341680E+002 
     25.04000000 -0.232986013321405E+005  0.344206977298893E+002 
     25.06000000 -0.232986013319480E+005  0.344206979223871E+002 
     25.08000000 -0.232986013317579E+005  0.344206981124440E+002 
     25.10000000 -0.232986013315693E+005  0.344206983010532E+002 
     25.12000000 -0.232986013313810E+005  0.344206984893437E+002 
     25.14000000 -0.232986013311919E+005  0.344206986784540E+002 
     25.16000000 -0.232986013310009E+005  0.344206988694916E+002 
     25.18000000 -0.232986013308071E+005  0.344206990633197E+002 
     25.20000000 -0.232986013306098E+005  0.344206992605382E+002 
     25.22000000 -0.232986013304089E+005  0.344206994614660E+002 
     25.24000000 -0.232986013302043E+005  0.344206996660566E+002 
     25.26000000 -0.232986013299965E+005  0.344206998739326E+002 
     25.28000000 -0.232986013297859E+005  0.344207000845061E+002 
     25.30000000 -0.232986013295734E+005  0.344207002970193E+002 
     25.32000000 -0.232986013293597E+005  0.344207005106927E+002 
     25.34000000 -0.232986013291456E+005  0.344207007247774E+002 
     25.36000000 -0.232986013289317E+005  0.344207009386549E+002 
     25.38000000 -0.232986013287184E+005  0.344207011519694E+002 
     25.40000000 -0.232986013285059E+005  0.344207013645290E+002 
     25.42000000 -0.232986013282940E+005  0.344207015764297E+002 
     25.44000000 -0.232986013280825E+005  0.344207017879159E+002 
     25.46000000 -0.232986013278710E+005  0.344207019993432E+002 
     25.48000000 -0.232986013276592E+005  0.344207022111728E+002 
     25.50000000 -0.232986013274466E+005  0.344207024237324E+002 
     25.52000000 -0.232986013272331E+005  0.344207026372541E+002 
     25.54000000 -0.232986013270186E+005  0.344207028517720E+002 
     25.56000000 -0.232986013268032E+005  0.344207030671777E+002 
     25.58000000 -0.232986013265872E+005  0.344207032831434E+002 
     25.60000000 -0.232986013263712E+005  0.344207034992018E+002 
     25.62000000 -0.232986013261555E+005  0.344207037149293E+002 
     25.64000000 -0.232986013259405E+005  0.344207039299081E+002 
     25.66000000 -0.232986013257265E+005  0.344207041439000E+002 
     25.68000000 -0.232986013255137E+005  0.344207043567195E+002 
     25.70000000 -0.232986013253019E+005  0.344207045684810E+002 
     25.72000000 -0.232986013250911E+005  0.344207047792804E+002 
     25.74000000 -0.232986013248810E+005  0.344207049893404E+002 
     25.76000000 -0.232986013246715E+005  0.344207051988622E+002 
     25.78000000 -0.232986013244624E+005  0.344207054079941E+002 
     25.80000000 -0.232986013242535E+005  0.344207056168414E+002 
     25.82000000 -0.232986013240450E+005  0.344207058254320E+002 
     25.84000000 -0.232986013238366E+005  0.344207060337627E+002 
     25.86000000 -0.232986013236286E+005  0.344207062418212E+002 
     25.88000000 -0.232986013234208E+005  0.344207064496260E+002 
     25.90000000 -0.232986013232132E+005  0.344207066572204E+002 
     25.92000000 -0.232986013230057E+005  0.344207068646540E+002 
     25.94000000 -0.232986013227984E+005  0.344207070719917E+002 
     25.96000000 -0.232986013225912E+005  0.344207072791809E+002 
     25.98000000 -0.232986013223841E+005  0.344207074862834E+002 
     26.00000000 -0.232986013221772E+005  0.344207076932066E+002 
     26.02000000 -0.232986013219706E+005  0.344207078998296E+002 
     26.04000000 -0.232986013217643E+005  0.344207081060536E+002 
     26.06000000 -0.232986013215586E+005  0.344207083118074E+002 
     26.08000000 -0.232986013213533E+005  0.344207085170445E+002 
     26.10000000 -0.232986013211486E+005  0.344207087218083E+002 
     26.12000000 -0.232986013209442E+005  0.344207089261885E+002 
     26.14000000 -0.232986013207400E+005  0.344207091303769E+002 
     26.16000000 -0.232986013205358E+005  0.344207093346087E+002 
     26.18000000 -0.232986013203313E+005  0.344207095391002E+002 
     26.20000000 -0.232986013201263E+005  0.344207097441177E+002 
     26.22000000 -0.232986013199205E+005  0.344207099499148E+002 
     26.24000000 -0.232986013197137E+005  0.344207101566894E+002 
     26.26000000 -0.232986013195058E+005  0.344207103645840E+002 
     26.28000000 -0.232986013192967E+005  0.344207105736850E+002 
     26.30000000 -0.232986013190864E+005  0.344207107839677E+002 
     26.32000000 -0.232986013188750E+005  0.344207109954137E+002 
     26.34000000 -0.232986013186626E+005  0.344207112078124E+002 
     26.36000000 -0.232986013184494E+005  0.344207114209444E+002 
     26.38000000 -0.232986013182358E+005  0.344207116345403E+002 
     26.40000000 -0.232986013180221E+005  0.344207118483188E+002 
     26.42000000 -0.232986013178083E+005  0.344207120620540E+002 
     26.44000000 -0.232986013175948E+005  0.344207122756283E+002 
     26.46000000 -0.232986013173814E+005  0.344207124889923E+002 
     26.48000000 -0.232986013171681E+005  0.344207127022480E+002 
     26.50000000 -0.232986013169548E+005  0.344207129156027E+002 
     26.52000000 -0.232986013167411E+005  0.344207131293162E+002 
     26.54000000 -0.232986013165267E+005  0.344207133436794E+002 
     26.56000000 -0.232986013163115E+005  0.344207135589150E+002 
     26.58000000 -0.232986013160952E+005  0.344207137752209E+002 
     26.60000000 -0.232986013158777E+005  0.344207139926993E+002 
     26.62000000 -0.232986013156590E+005  0.344207142113316E+002 
     26.64000000 -0.232986013154393E+005  0.344207144310993E+002 
     26.66000000 -0.232986013152185E+005  0.344207146518662E+002 
     26.68000000 -0.232986013149969E+005  0.344207148735209E+002 
     26.70000000 -0.232986013147744E+005  0.344207150959336E+002 
     26.72000000 -0.232986013145514E+005  0.344207153189588E+002 
     26.74000000 -0.232986013143279E+005  0.344207155424511E+002 
     26.76000000 -0.232986013141042E+005  0.344207157661909E+002 
     26.78000000 -0.232986013138805E+005  0.344207159899091E+002 
     26.80000000 -0.232986013136571E+005  0.344207162132684E+002 
     26.82000000 -0.232986013134345E+005  0.344207164358636E+002 
     26.84000000 -0.232986013132132E+005  0.344207166571780E+002 
     26.86000000 -0.232986013129936E+005  0.344207168768158E+002 
     26.88000000 -0.232986013127760E+005  0.344207170943839E+002 
     26.90000000 -0.232986013125607E+005  0.344207173096628E+002 
     26.92000000 -0.232986013123477E+005  0.344207175227050E+002 
     26.94000000 -0.232986013121366E+005  0.344207177337364E+002 
     26.96000000 -0.232986013119272E+005  0.344207179432272E+002 
     26.98000000 -0.232986013117186E+005  0.344207181518209E+002 
     27.00000000 -0.232986013115102E+005  0.344207183602227E+002 
     27.02000000 -0.232986013113013E+005  0.344207185691165E+002 
     27.04000000 -0.232986013110913E+005  0.344207187790899E+002 
     27.06000000 -0.232986013108798E+005  0.344207189905822E+002 
     27.08000000 -0.232986013106666E+005  0.344207192038224E+002 
     27.10000000 -0.232986013104515E+005  0.344207194188755E+002 
     27.12000000 -0.232986013102348E+005  0.344207196356114E+002 
     27.14000000 -0.232986013100166E+005  0.344207198537581E+002 
     27.16000000 -0.232986013097974E+005  0.344207200729441E+002 
     27.18000000 -0.232986013095777E+005  0.344207202927242E+002 
     27.20000000 -0.232986013093578E+005  0.344207205126032E+002 
     27.22000000 -0.232986013091383E+005  0.344207207321048E+002 
     27.24000000 -0.232986013089196E+005  0.344207209508269E+002 
     27.26000000 -0.232986013087019E+005  0.344207211684971E+002 
     27.28000000 -0.232986013084854E+005  0.344207213850165E+002 
     27.30000000 -0.232986013082699E+005  0.344207216004934E+002 
     27.32000000 -0.232986013080551E+005  0.344207218152463E+002 
     27.34000000 -0.232986013078406E+005  0.344207220297735E+002 
     27.36000000 -0.232986013076258E+005  0.344207222445976E+002 
     27.38000000 -0.232986013074101E+005  0.344207224602972E+002 
     27.40000000 -0.232986013071931E+005  0.344207226772590E+002 
     27.42000000 -0.232986013069748E+005  0.344207228956222E+002 
     27.44000000 -0.232986013067550E+005  0.344207231153465E+002 
     27.46000000 -0.232986013065344E+005  0.344207233359989E+002 
     27.48000000 -0.232986013063134E+005  0.344207235569793E+002 
     27.50000000 -0.232986013060928E+005  0.344207237775451E+002 
     27.52000000 -0.232986013058734E+005  0.344207239969601E+002 
     27.54000000 -0.232986013056557E+005  0.344207242146551E+002 
     27.56000000 -0.232986013054401E+005  0.344207244302680E+002 
     27.58000000 -0.232986013052265E+005  0.344207246438331E+002 
     27.60000000 -0.232986013050148E+005  0.344207248556255E+002 
     27.62000000 -0.232986013048041E+005  0.344207250662826E+002 
     27.64000000 -0.232986013045938E+005  0.344207252765994E+002 
     27.66000000 -0.232986013043830E+005  0.344207254873895E+002 
     27.68000000 -0.232986013041709E+005  0.344207256994418E+002 
     27.70000000 -0.232986013039571E+005  0.344207259132945E+002 
     27.72000000 -0.232986013037411E+005  0.344207261292385E+002 
     27.74000000 -0.232986013035232E+005  0.344207263472304E+002 
     27.76000000 -0.232986013033034E+005  0.344207265669548E+002 
     27.78000000 -0.232986013030825E+005  0.344207267878454E+002 
     27.80000000 -0.232986013028611E+005  0.344207270092465E+002 
     27.82000000 -0.232986013026400E+005  0.344207272303846E+002 
     27.84000000 -0.232986013024198E+005  0.344207274506194E+002 
     27.86000000 -0.232986013022010E+005  0.344207276694188E+002 
     27.88000000 -0.232986013019839E+005  0.344207278864455E+002 
     27.90000000 -0.232986013017688E+005  0.344207281016038E+002 
     27.92000000 -0.232986013015554E+005  0.344207283149553E+002 
     27.94000000 -0.232986013013436E+005  0.344207285267323E+002 
     27.96000000 -0.232986013011331E+005  0.344207287372595E+002 
     27.98000000 -0.232986013009235E+005  0.344207289469297E+002 
     28.00000000 -0.232986013007142E+005  0.344207291561544E+002 
     28.02000000 -0.232986013005051E+005  0.344207293653235E+002 
     28.04000000 -0.232986013002956E+005  0.344207295748081E+002 
     28.06000000 -0.232986013000854E+005  0.344207297849733E+002 
     28.08000000 -0.232986012998743E+005  0.344207299961223E+002 
     28.10000000 -0.232986012996618E+005  0.344207302085582E+002 
     28.12000000 -0.232986012994479E+005  0.344207304224666E+002 
     28.14000000 -0.232986012992324E+005  0.344207306379466E+002 
     28.16000000 -0.232986012990154E+005  0.344207308549795E+002 
     28.18000000 -0.232986012987969E+005  0.344207310734417E+002 
     28.20000000 -0.232986012985773E+005  0.344207312930670E+002 
     28.22000000 -0.232986012983568E+005  0.344207315135338E+002 
     28.24000000 -0.232986012981358E+005  0.344207317345575E+002 
     28.26000000 -0.232986012979145E+005  0.344207319558503E+002 
     28.28000000 -0.232986012976932E+005  0.344207321771926E+002 
     28.30000000 -0.232986012974719E+005  0.344207323985101E+002 
     28.32000000 -0.232986012972506E+005  0.344207326197441E+002 
     28.34000000 -0.232986012970295E+005  0.344207328408915E+002 
     28.36000000 -0.232986012968085E+005  0.344207330619152E+002 
     28.38000000 -0.232986012965877E+005  0.344207332827130E+002 
     28.40000000 -0.232986012963672E+005  0.344207335031551E+002 
     28.42000000 -0.232986012961474E+005  0.344207337229908E+002 
     28.44000000 -0.232986012959284E+005  0.344207339419479E+002 
     28.46000000 -0.232986012957106E+005  0.344207341597790E+002 
     28.48000000 -0.232986012954940E+005  0.344207343763541E+002 
     28.50000000 -0.232986012952787E+005  0.344207345916546E+002 
     28.52000000 -0.232986012950646E+005  0.344207348058167E+002 
     28.54000000 -0.232986012948513E+005  0.344207350191003E+002 
     28.56000000 -0.232986012946385E+005  0.344207352319012E+002 
     28.58000000 -0.232986012944258E+005  0.344207354446217E+002 
     28.60000000 -0.232986012942127E+005  0.344207356576948E+002 
     28.62000000 -0.232986012939989E+005  0.344207358714672E+002 
     28.64000000 -0.232986012937842E+005  0.344207360861583E+002 
     28.66000000 -0.232986012935685E+005  0.344207363018610E+002 
     28.68000000 -0.232986012933519E+005  0.344207365184515E+002 
     28.70000000 -0.232986012931347E+005  0.344207367356763E+002 
     28.72000000 -0.232986012929173E+005  0.344207369531238E+002 
     28.74000000 -0.232986012927002E+005  0.344207371702000E+002 
     28.76000000 -0.232986012924841E+005  0.344207373863265E+002 
     28.78000000 -0.232986012922695E+005  0.344207376008877E+002 
     28.80000000 -0.232986012920571E+005  0.344207378133236E+002 
     28.82000000 -0.232986012918472E+005  0.344207380232289E+002 
     28.84000000 -0.232986012916401E+005  0.344207382302944E+002 
     28.86000000 -0.232986012914359E+005  0.344207384344766E+002 
     28.88000000 -0.232986012912345E+005  0.344207386358436E+002 
     28.90000000 -0.232986012910358E+005  0.344207388346307E+002 
     28.92000000 -0.232986012908391E+005  0.344207390312769E+002 
     28.94000000 -0.232986012906441E+005  0.344207392262960E+002 
     28.96000000 -0.232986012904501E+005  0.344207394203034E+002 
     28.98000000 -0.232986012902564E+005  0.344207396139490E+002 
     29.00000000 -0.232986012900626E+005  0.344207398078265E+002 
     29.02000000 -0.232986012898679E+005  0.344207400025021E+002 
     29.04000000 -0.232986012896719E+005  0.344207401984585E+002 
     29.06000000 -0.232986012894744E+005  0.344207403960205E+002 
     29.08000000 -0.232986012892750E+005  0.344207405953582E+002 
     29.10000000 -0.232986012890739E+005  0.344207407964809E+002 
     29.12000000 -0.232986012888711E+005  0.344207409993050E+002 
     29.14000000 -0.232986012886668E+005  0.344207412036295E+002 
     29.16000000 -0.232986012884611E+005  0.344207414092410E+002 
     29.18000000 -0.232986012882545E+005  0.344207416158826E+002 
     29.20000000 -0.232986012880470E+005  0.344207418233595E+002 
     29.22000000 -0.232986012878389E+005  0.344207420315201E+002 
     29.24000000 -0.232986012876302E+005  0.344207422402313E+002 
     29.26000000 -0.232986012874210E+005  0.344207424494251E+002 
     29.28000000 -0.232986012872114E+005  0.344207426590180E+002 
     29.30000000 -0.232986012870014E+005  0.344207428689697E+002 
     29.32000000 -0.232986012867912E+005  0.344207430791844E+002 
     29.34000000 -0.232986012865808E+005  0.344207432895724E+002 
     29.36000000 -0.232986012863703E+005  0.344207435000562E+002 
     29.38000000 -0.232986012861599E+005  0.344207437105122E+002 
     29.40000000 -0.232986012859495E+005  0.344207439208476E+002 
     29.42000000 -0.232986012857394E+005  0.344207441309447E+002 
     29.44000000 -0.232986012855297E+005  0.344207443406706E+002 
     29.46000000 -0.232986012853205E+005  0.344207445499201E+002 
     29.48000000 -0.232986012851118E+005  0.344207447586035E+002 
     29.50000000 -0.232986012849037E+005  0.344207449666372E+002 
     29.52000000 -0.232986012846963E+005  0.344207451740553E+002 
     29.54000000 -0.232986012844894E+005  0.344207453809723E+002 
     29.56000000 -0.232986012842828E+005  0.344207455875644E+002 
     29.58000000 -0.232986012840764E+005  0.344207457940049E+002 
     29.60000000 -0.232986012838698E+005  0.344207460005599E+002 
     29.62000000 -0.232986012836630E+005  0.344207462073407E+002 
     29.64000000 -0.232986012834560E+005  0.344207464144124E+002 
     29.66000000 -0.232986012832487E+005  0.344207466216944E+002 
     29.68000000 -0.232986012830415E+005  0.344207468289176E+002 
     29.70000000 -0.232986012828346E+005  0.344207470357696E+002 
     29.72000000 -0.232986012826285E+005  0.344207472418698E+002 
     29.74000000 -0.232986012824235E+005  0.344207474469120E+002 
     29.76000000 -0.232986012822197E+005  0.344207476506611E+002 
     29.78000000 -0.232986012820173E+005  0.344207478531264E+002 
     29.80000000 -0.232986012818158E+005  0.344207480545585E+002 
     29.82000000 -0.232986012816150E+005  0.344207482553965E+002 
     29.84000000 -0.232986012814141E+005  0.344207484562532E+002 
     29.86000000 -0.232986012812124E+005  0.344207486579853E+002 
     29.88000000 -0.232986012810090E+005  0.344207488613632E+002 
     29.90000000 -0.232986012808032E+005  0.344207490671695E+002 
     29.92000000 -0.232986012805943E+005  0.344207492760447E+002 
     29.94000000 -0.232986012803820E+005  0.344207494884002E+002 
     29.96000000 -0.232986012801660E+005  0.344207497044246E+002 
     29.98000000 -0.232986012799464E+005  0.344207499239850E+002 
     30.00000000 -0.232986012797237E+005  0.344207501467101E+002 
