# Real time calculation: 
# Eall: Total energy
# Eall0: Initial total energy
# 1:Time[fs] 2:Eall[eV] 3:Eall-Eall0[eV] 
      0.00000000 -0.233330220298704E+005  0.000000000000000E+000 
      0.02000000 -0.233330220302547E+005 -0.384358295849802E-006 
      0.04000000 -0.233330220303032E+005 -0.432803700963996E-006 
      0.06000000 -0.233330220303149E+005 -0.444559290966163E-006 
      0.08000000 -0.233330220302765E+005 -0.406143260269607E-006 
      0.10000000 -0.233330220301414E+005 -0.270972536702584E-006 
      0.12000000 -0.233330220298223E+005  0.480432401930671E-007 
      0.14000000 -0.233330220291811E+005  0.689236428979689E-006 
      0.16000000 -0.233330220280164E+005  0.185398028639440E-005 
      0.18000000 -0.233330220260513E+005  0.381911276983561E-005 
      0.20000000 -0.233330220229214E+005  0.694895198777574E-005 
      0.22000000 -0.233330220181633E+005  0.117070765383739E-004 
      0.24000000 -0.233330220112033E+005  0.186670633128701E-004 
      0.26000000 -0.233330220013484E+005  0.285220311785210E-004 
      0.28000000 -0.233330219877779E+005  0.420925234110543E-004 
      0.30000000 -0.233330219695376E+005  0.603328185903536E-004 
      0.32000000 -0.233330219455352E+005  0.843351749871652E-004 
      0.34000000 -0.233330219145381E+005  0.115332280675540E-003 
      0.36000000 -0.233330218751727E+005  0.154697655697755E-003 
      0.38000000 -0.233330218259262E+005  0.203944160960528E-003 
      0.40000000 -0.233330217651497E+005  0.264720647891868E-003 
      0.42000000 -0.233330216910635E+005  0.338806912818105E-003 
      0.44000000 -0.233330216017630E+005  0.428107423191114E-003 
      0.46000000 -0.233330214952270E+005  0.534643410407259E-003 
      0.48000000 -0.233330213693262E+005  0.660544158296478E-003 
      0.50000000 -0.233330212218334E+005  0.808036992309331E-003 
      0.52000000 -0.233330210504337E+005  0.979436643801617E-003 
      0.54000000 -0.233330208527365E+005  0.117713385329923E-002 
      0.56000000 -0.233330206262872E+005  0.140358320346250E-002 
      0.58000000 -0.233330203685798E+005  0.166129062413147E-002 
      0.60000000 -0.233330200770698E+005  0.195280059110707E-002 
      0.62000000 -0.233330197491869E+005  0.228068347961115E-002 
      0.64000000 -0.233330193823472E+005  0.264752321782341E-002 
      0.66000000 -0.233330189739651E+005  0.305590526215025E-002 
      0.68000000 -0.233330185214648E+005  0.350840562430957E-002 
      0.70000000 -0.233330180222898E+005  0.400758057900239E-002 
      0.72000000 -0.233330174739128E+005  0.455595760282776E-002 
      0.74000000 -0.233330168738426E+005  0.515602776099154E-002 
      0.76000000 -0.233330162196313E+005  0.581023903755576E-002 
      0.78000000 -0.233330155088793E+005  0.652099106707824E-002 
      0.80000000 -0.233330147392397E+005  0.729063064273971E-002 
      0.82000000 -0.233330139084219E+005  0.812144851139880E-002 
      0.84000000 -0.233330130141934E+005  0.901567696060247E-002 
      0.86000000 -0.233330120543817E+005  0.997548869871141E-002 
      0.88000000 -0.233330110268737E+005  0.110029967156891E-001 
      0.90000000 -0.233330099296153E+005  0.121002550843381E-001 
      0.92000000 -0.233330087606094E+005  0.132692609927796E-001 
      0.94000000 -0.233330075179128E+005  0.145119575905438E-001 
      0.96000000 -0.233330061996326E+005  0.158302377998558E-001 
      0.98000000 -0.233330048039215E+005  0.172259488941283E-001 
      1.00000000 -0.233330033289728E+005  0.187008975714276E-001 
      1.02000000 -0.233330017730149E+005  0.202568554857869E-001 
      1.04000000 -0.233330001343054E+005  0.218955649888849E-001 
      1.06000000 -0.233329984111253E+005  0.236187450542441E-001 
      1.08000000 -0.233329966017735E+005  0.254280969291943E-001 
      1.10000000 -0.233329947045609E+005  0.273253094991349E-001 
      1.12000000 -0.233329927178063E+005  0.293120641011386E-001 
      1.14000000 -0.233329906398315E+005  0.313900389292049E-001 
      1.16000000 -0.233329884689579E+005  0.335609125176265E-001 
      1.18000000 -0.233329862035034E+005  0.358263669459346E-001 
      1.20000000 -0.233329838417800E+005  0.381880904065673E-001 
      1.22000000 -0.233329813820914E+005  0.406477790300794E-001 
      1.24000000 -0.233329788227321E+005  0.432071383050941E-001 
      1.26000000 -0.233329761619867E+005  0.458678836691761E-001 
      1.28000000 -0.233329733981300E+005  0.486317403727141E-001 
      1.30000000 -0.233329705294274E+005  0.515004429653872E-001 
      1.32000000 -0.233329675541364E+005  0.544757339813949E-001 
      1.34000000 -0.233329644705082E+005  0.575593621853997E-001 
      1.36000000 -0.233329612767902E+005  0.607530802152214E-001 
      1.38000000 -0.233329579712287E+005  0.640586416336591E-001 
      1.40000000 -0.233329545520730E+005  0.674777973461299E-001 
      1.42000000 -0.233329510175789E+005  0.710122914707444E-001 
      1.44000000 -0.233329473660138E+005  0.746638566206032E-001 
      1.46000000 -0.233329435956615E+005  0.784342088365181E-001 
      1.48000000 -0.233329397048287E+005  0.823250417030307E-001 
      1.50000000 -0.233329356918499E+005  0.863380204737107E-001 
      1.52000000 -0.233329315550947E+005  0.904747756952950E-001 
      1.54000000 -0.233329272929739E+005  0.947368964698787E-001 
      1.56000000 -0.233329229039465E+005  0.991259238686908E-001 
      1.58000000 -0.233329183865266E+005  0.103643343792121E+000 
      1.60000000 -0.233329137392903E+005  0.108290580120539E+000 
      1.62000000 -0.233329089608825E+005  0.113068987865121E+000 
      1.64000000 -0.233329040500243E+005  0.117979846089744E+000 
      1.66000000 -0.233328990055192E+005  0.123024351185551E+000 
      1.68000000 -0.233328938262601E+005  0.128203610244510E+000 
      1.70000000 -0.233328885112358E+005  0.133518634584562E+000 
      1.72000000 -0.233328830595368E+005  0.138970333590308E+000 
      1.74000000 -0.233328774703613E+005  0.144559509057950E+000 
      1.76000000 -0.233328717430207E+005  0.150286849704196E+000 
      1.78000000 -0.233328658769443E+005  0.156152926068047E+000 
      1.80000000 -0.233328598716842E+005  0.162158186201440E+000 
      1.82000000 -0.233328537269188E+005  0.168302951554797E+000 
      1.84000000 -0.233328474424565E+005  0.174587413849417E+000 
      1.86000000 -0.233328410182382E+005  0.181011632191168E+000 
      1.88000000 -0.233328344543393E+005  0.187575531109163E+000 
      1.90000000 -0.233328277509711E+005  0.194278899234801E+000 
      1.92000000 -0.233328209084821E+005  0.201121388321101E+000 
      1.94000000 -0.233328139273571E+005  0.208102513298391E+000 
      1.96000000 -0.233328068082178E+005  0.215221652602223E+000 
      1.98000000 -0.233327995518210E+005  0.222478049376778E+000 
      2.00000000 -0.233327921590572E+005  0.229870813210359E+000 
      2.02000000 -0.233327846309479E+005  0.237398922492698E+000 
      2.04000000 -0.233327769686430E+005  0.245061227335289E+000 
      2.06000000 -0.233327691734173E+005  0.252856453094979E+000 
      2.08000000 -0.233327612466659E+005  0.260783204432729E+000 
      2.10000000 -0.233327531899004E+005  0.268839969988019E+000 
      2.12000000 -0.233327450047431E+005  0.277025127322374E+000 
      2.14000000 -0.233327366929217E+005  0.285336948654861E+000 
      2.16000000 -0.233327282562638E+005  0.293773606600668E+000 
      2.18000000 -0.233327196966902E+005  0.302333180212864E+000 
      2.20000000 -0.233327110162090E+005  0.311013661398470E+000 
      2.22000000 -0.233327022169090E+005  0.319812961387131E+000 
      2.24000000 -0.233326933009536E+005  0.328728916816181E+000 
      2.26000000 -0.233326842705743E+005  0.337759296035350E+000 
      2.28000000 -0.233326751280656E+005  0.346901804730885E+000 
      2.30000000 -0.233326658757789E+005  0.356154091487804E+000 
      2.32000000 -0.233326565161174E+005  0.365513752943788E+000 
      2.34000000 -0.233326470515321E+005  0.374978338293433E+000 
      2.36000000 -0.233326374845167E+005  0.384545353690410E+000 
      2.38000000 -0.233326278176045E+005  0.394212265863850E+000 
      2.40000000 -0.233326180533648E+005  0.403976505589343E+000 
      2.42000000 -0.233326081943998E+005  0.413835470590706E+000 
      2.44000000 -0.233325982433427E+005  0.423786527634342E+000 
      2.46000000 -0.233325882028558E+005  0.433827014536963E+000 
      2.48000000 -0.233325780756291E+005  0.443954241239069E+000 
      2.50000000 -0.233325678643799E+005  0.454165490491713E+000 
      2.52000000 -0.233325575718525E+005  0.464458017881257E+000 
      2.54000000 -0.233325472008194E+005  0.474829050991012E+000 
      2.56000000 -0.233325367540822E+005  0.485275788185456E+000 
      2.58000000 -0.233325262344738E+005  0.495795396580857E+000 
      2.60000000 -0.233325156448610E+005  0.506385009431195E+000 
      2.62000000 -0.233325049881473E+005  0.517041723071708E+000 
      2.64000000 -0.233324942672769E+005  0.527762593460281E+000 
      2.66000000 -0.233324834852382E+005  0.538544632211471E+000 
      2.68000000 -0.233324726450676E+005  0.549384802794509E+000 
      2.70000000 -0.233324617498541E+005  0.560280016329129E+000 
      2.72000000 -0.233324508027429E+005  0.571227127526791E+000 
      2.74000000 -0.233324398069396E+005  0.582222930758753E+000 
      2.76000000 -0.233324287657141E+005  0.593264156247870E+000 
      2.78000000 -0.233324176824036E+005  0.604347466777038E+000 
      2.80000000 -0.233324065604161E+005  0.615469454283158E+000 
      2.82000000 -0.233323954032333E+005  0.626626637035800E+000 
      2.84000000 -0.233323842144132E+005  0.637815457156153E+000 
      2.86000000 -0.233323729975916E+005  0.649032278807282E+000 
      2.88000000 -0.233323617564841E+005  0.660273386291580E+000 
      2.90000000 -0.233323504948872E+005  0.671534983175285E+000 
      2.92000000 -0.233323392166788E+005  0.682813191580051E+000 
      2.94000000 -0.233323279258181E+005  0.694104052238635E+000 
      2.96000000 -0.233323166263452E+005  0.705403525141448E+000 
      2.98000000 -0.233323053223796E+005  0.716707490808023E+000 
      3.00000000 -0.233322940181182E+005  0.728011752220494E+000 
      3.02000000 -0.233322827178330E+005  0.739312037381985E+000 
      3.04000000 -0.233322714258677E+005  0.750604002648396E+000 
      3.06000000 -0.233322601466337E+005  0.761883236672706E+000 
      3.08000000 -0.233322488846059E+005  0.773145264525621E+000 
      3.10000000 -0.233322376443175E+005  0.784385552914437E+000 
      3.12000000 -0.233322264303551E+005  0.795599515324562E+000 
      3.14000000 -0.233322152473527E+005  0.806782517720979E+000 
      3.16000000 -0.233322040999854E+005  0.817929884964321E+000 
      3.18000000 -0.233321929929633E+005  0.829036907109396E+000 
      3.20000000 -0.233321819310243E+005  0.840098846062560E+000 
      3.22000000 -0.233321709189276E+005  0.851110942765002E+000 
      3.24000000 -0.233321599614462E+005  0.862068424137823E+000 
      3.26000000 -0.233321490633598E+005  0.872966510546838E+000 
      3.28000000 -0.233321382294470E+005  0.883800423332335E+000 
      3.30000000 -0.233321274644781E+005  0.894565392280068E+000 
      3.32000000 -0.233321167732072E+005  0.905256663231451E+000 
      3.34000000 -0.233321061603646E+005  0.915869505768003E+000 
      3.36000000 -0.233320956306499E+005  0.926399220478158E+000 
      3.38000000 -0.233320851887239E+005  0.936841146477750E+000 
      3.40000000 -0.233320748392020E+005  0.947190668364372E+000 
      3.42000000 -0.233320645866471E+005  0.957443223298572E+000 
      3.44000000 -0.233320544355631E+005  0.967594307252877E+000 
      3.46000000 -0.233320443903889E+005  0.977639481440245E+000 
      3.48000000 -0.233320344554922E+005  0.987574378139270E+000 
      3.50000000 -0.233320246351642E+005  0.997394706210026E+000 
      3.52000000 -0.233320149336142E+005  0.100709625620157E+001 
      3.54000000 -0.233320053549653E+005  0.101667490505106E+001 
      3.56000000 -0.233319959032499E+005  0.102612662047667E+001 
      3.58000000 -0.233319865824055E+005  0.103544746489713E+001 
      3.60000000 -0.233319773962716E+005  0.104463359875421E+001 
      3.62000000 -0.233319683485867E+005  0.105368128364657E+001 
      3.64000000 -0.233319594429855E+005  0.106258688487878E+001 
      3.66000000 -0.233319506829967E+005  0.107134687370425E+001 
      3.68000000 -0.233319420720413E+005  0.107995782909780E+001 
      3.70000000 -0.233319336134315E+005  0.108841643891265E+001 
      3.72000000 -0.233319253103696E+005  0.109671950073430E+001 
      3.74000000 -0.233319171659479E+005  0.110486392251466E+001 
      3.76000000 -0.233319091831478E+005  0.111284672256896E+001 
      3.78000000 -0.233319013648405E+005  0.112066502985730E+001 
      3.80000000 -0.233318937137868E+005  0.112831608360104E+001 
      3.82000000 -0.233318862326375E+005  0.113579723291152E+001 
      3.84000000 -0.233318789239337E+005  0.114310593669114E+001 
      3.86000000 -0.233318717901074E+005  0.115023976300530E+001 
      3.88000000 -0.233318648334814E+005  0.115719638902057E+001 
      3.90000000 -0.233318580562696E+005  0.116397360081598E+001 
      3.92000000 -0.233318514605770E+005  0.117056929333966E+001 
      3.94000000 -0.233318450483996E+005  0.117698147074612E+001 
      3.96000000 -0.233318388216240E+005  0.118320824640546E+001 
      3.98000000 -0.233318327820264E+005  0.118924784400472E+001 
      4.00000000 -0.233318269312722E+005  0.119509859818515E+001 
      4.02000000 -0.233318212709144E+005  0.120075895599000E+001 
      4.04000000 -0.233318158023917E+005  0.120622747870830E+001 
      4.06000000 -0.233318105270268E+005  0.121150284358869E+001 
      4.08000000 -0.233318054460242E+005  0.121658384622147E+001 
      4.10000000 -0.233318005604670E+005  0.122146940334448E+001 
      4.12000000 -0.233317958713143E+005  0.122615855608829E+001 
      4.14000000 -0.233317913793973E+005  0.123065047307592E+001 
      4.16000000 -0.233317870854161E+005  0.123494445428981E+001 
      4.18000000 -0.233317829899355E+005  0.123903993487079E+001 
      4.20000000 -0.233317790933813E+005  0.124293648912108E+001 
      4.22000000 -0.233317753960356E+005  0.124663383478279E+001 
      4.24000000 -0.233317718980332E+005  0.125013183714615E+001 
      4.26000000 -0.233317685993569E+005  0.125343051343926E+001 
      4.28000000 -0.233317654998334E+005  0.125653003701069E+001 
      4.30000000 -0.233317625991290E+005  0.125943074140055E+001 
      4.32000000 -0.233317598967463E+005  0.126213312409923E+001 
      4.34000000 -0.233317573920201E+005  0.126463785027821E+001 
      4.36000000 -0.233317550841142E+005  0.126694575618378E+001 
      4.38000000 -0.233317529720183E+005  0.126905785203874E+001 
      4.40000000 -0.233317510545458E+005  0.127097532457919E+001 
      4.42000000 -0.233317493303311E+005  0.127269953926949E+001 
      4.44000000 -0.233317477978286E+005  0.127423204175009E+001 
      4.46000000 -0.233317464553113E+005  0.127557455904090E+001 
      4.48000000 -0.233317453008703E+005  0.127672900010125E+001 
      4.50000000 -0.233317443324147E+005  0.127769745566591E+001 
      4.52000000 -0.233317435476728E+005  0.127848219762330E+001 
      4.54000000 -0.233317429441925E+005  0.127908567788632E+001 
      4.56000000 -0.233317425193439E+005  0.127951052649600E+001 
      4.58000000 -0.233317422703214E+005  0.127975954902599E+001 
      4.60000000 -0.233317421941466E+005  0.127983572383235E+001 
      4.62000000 -0.233317422876720E+005  0.127974219841861E+001 
      4.64000000 -0.233317425475852E+005  0.127948228521925E+001 
      4.66000000 -0.233317429704132E+005  0.127905945717584E+001 
      4.68000000 -0.233317435525275E+005  0.127847734286161E+001 
      4.70000000 -0.233317442901494E+005  0.127773972103052E+001 
      4.72000000 -0.233317451793554E+005  0.127685051499319E+001 
      4.74000000 -0.233317462160838E+005  0.127581378654106E+001 
      4.76000000 -0.233317473961405E+005  0.127463372991708E+001 
      4.78000000 -0.233317487152050E+005  0.127331466542430E+001 
      4.80000000 -0.233317501688374E+005  0.127186103293871E+001 
      4.82000000 -0.233317517524849E+005  0.127027738547765E+001 
      4.84000000 -0.233317534614880E+005  0.126856838241563E+001 
      4.86000000 -0.233317552910871E+005  0.126673878331880E+001 
      4.88000000 -0.233317572364290E+005  0.126479344140825E+001 
      4.90000000 -0.233317592925730E+005  0.126273729735737E+001 
      4.92000000 -0.233317614544972E+005  0.126057537314494E+001 
      4.94000000 -0.233317637171043E+005  0.125831276608140E+001 
      4.96000000 -0.233317660752271E+005  0.125595464327446E+001 
      4.98000000 -0.233317685236343E+005  0.125350623605448E+001 
      5.00000000 -0.233317710570353E+005  0.125097283503711E+001 
      5.02000000 -0.233317736700854E+005  0.124835978495394E+001 
      5.04000000 -0.233317763573903E+005  0.124567248009566E+001 
      5.06000000 -0.233317791135105E+005  0.124291635990986E+001 
      5.08000000 -0.233317819329658E+005  0.124009690460203E+001 
      5.10000000 -0.233317848102392E+005  0.123721963119739E+001 
      5.12000000 -0.233317877397809E+005  0.123429008944503E+001 
      5.14000000 -0.233317907160123E+005  0.123131385809009E+001 
      5.16000000 -0.233317937333294E+005  0.122829654097285E+001 
      5.18000000 -0.233317967861072E+005  0.122524376316477E+001 
      5.20000000 -0.233317998687033E+005  0.122216116710466E+001 
      5.22000000 -0.233318029754617E+005  0.121905440872551E+001 
      5.24000000 -0.233318061007171E+005  0.121592915324104E+001 
      5.26000000 -0.233318092387994E+005  0.121279107096008E+001 
      5.28000000 -0.233318123840375E+005  0.120964583285350E+001 
      5.30000000 -0.233318155307645E+005  0.120649910590144E+001 
      5.32000000 -0.233318186733221E+005  0.120335654823334E+001 
      5.34000000 -0.233318218060664E+005  0.120022380399565E+001 
      5.36000000 -0.233318249233724E+005  0.119710649796596E+001 
      5.38000000 -0.233318280196404E+005  0.119401022995360E+001 
      5.40000000 -0.233318310893015E+005  0.119094056889709E+001 
      5.42000000 -0.233318341268236E+005  0.118790304678528E+001 
      5.44000000 -0.233318371267180E+005  0.118490315241762E+001 
      5.46000000 -0.233318400835455E+005  0.118194632485192E+001 
      5.48000000 -0.233318429919233E+005  0.117903794707184E+001 
      5.50000000 -0.233318458465313E+005  0.117618333910366E+001 
      5.52000000 -0.233318486421188E+005  0.117338775154763E+001 
      5.54000000 -0.233318513735116E+005  0.117065635875971E+001 
      5.56000000 -0.233318540356178E+005  0.116799425256543E+001 
      5.58000000 -0.233318566234349E+005  0.116540643550973E+001 
      5.60000000 -0.233318591320556E+005  0.116289781482442E+001 
      5.62000000 -0.233318615566742E+005  0.116047319618853E+001 
      5.64000000 -0.233318638925922E+005  0.115813727813812E+001 
      5.66000000 -0.233318661352240E+005  0.115589464635873E+001 
      5.68000000 -0.233318682801017E+005  0.115374976865203E+001 
      5.70000000 -0.233318703228802E+005  0.115170699021201E+001 
      5.72000000 -0.233318722593413E+005  0.114977052905574E+001 
      5.74000000 -0.233318740853983E+005  0.114794447210070E+001 
      5.76000000 -0.233318757970987E+005  0.114623277163812E+001 
      5.78000000 -0.233318773906282E+005  0.114463924218372E+001 
      5.80000000 -0.233318788623126E+005  0.114316755773678E+001 
      5.82000000 -0.233318802086208E+005  0.114182124954043E+001 
      5.84000000 -0.233318814261662E+005  0.114060370417596E+001 
      5.86000000 -0.233318825117082E+005  0.113951816215839E+001 
      5.88000000 -0.233318834621537E+005  0.113856771667734E+001 
      5.90000000 -0.233318842745572E+005  0.113775531316702E+001 
      5.92000000 -0.233318849461218E+005  0.113708374861951E+001 
      5.94000000 -0.233318854741986E+005  0.113655567178268E+001 
      5.96000000 -0.233318858562872E+005  0.113617358315716E+001 
      5.98000000 -0.233318860900347E+005  0.113593983569233E+001 
      6.00000000 -0.233318861732350E+005  0.113585663533394E+001 
      6.02000000 -0.233318861038283E+005  0.113592604209756E+001 
      6.04000000 -0.233318858798993E+005  0.113614997111419E+001 
      6.06000000 -0.233318854996765E+005  0.113653019386772E+001 
      6.08000000 -0.233318849615307E+005  0.113706833964581E+001 
      6.10000000 -0.233318842639734E+005  0.113776589697838E+001 
      6.12000000 -0.233318834056551E+005  0.113862421524938E+001 
      6.14000000 -0.233318823853641E+005  0.113964450624052E+001 
      6.16000000 -0.233318812020245E+005  0.114082784588525E+001 
      6.18000000 -0.233318798546946E+005  0.114217517581252E+001 
      6.20000000 -0.233318783425653E+005  0.114368730505131E+001 
      6.22000000 -0.233318766649587E+005  0.114536491169191E+001 
      6.24000000 -0.233318748213260E+005  0.114720854442338E+001 
      6.26000000 -0.233318728112463E+005  0.114921862404634E+001 
      6.28000000 -0.233318706344252E+005  0.115139544515587E+001 
      6.30000000 -0.233318682906930E+005  0.115373917733566E+001 
      6.32000000 -0.233318657800037E+005  0.115624986671401E+001 
      6.34000000 -0.233318631024331E+005  0.115892743729722E+001 
      6.36000000 -0.233318602581781E+005  0.116177169226887E+001 
      6.38000000 -0.233318572475551E+005  0.116478231528603E+001 
      6.40000000 -0.233318540709986E+005  0.116795887174145E+001 
      6.42000000 -0.233318507290602E+005  0.117130081017422E+001 
      6.44000000 -0.233318472224069E+005  0.117480746345460E+001 
      6.46000000 -0.233318435518202E+005  0.117847805017924E+001 
      6.48000000 -0.233318397181943E+005  0.118231167611589E+001 
      6.50000000 -0.233318357225347E+005  0.118630733568517E+001 
      6.52000000 -0.233318315659568E+005  0.119046391354148E+001 
      6.54000000 -0.233318272496841E+005  0.119478018624960E+001 
      6.56000000 -0.233318227750462E+005  0.119925482420902E+001 
      6.58000000 -0.233318181434769E+005  0.120388639348522E+001 
      6.60000000 -0.233318133565126E+005  0.120867335780822E+001 
      6.62000000 -0.233318084157896E+005  0.121361408082154E+001 
      6.64000000 -0.233318033230421E+005  0.121870682826321E+001 
      6.66000000 -0.233317980801001E+005  0.122394977023642E+001 
      6.68000000 -0.233317926888866E+005  0.122934098379271E+001 
      6.70000000 -0.233317871514150E+005  0.123487845535109E+001 
      6.72000000 -0.233317814697871E+005  0.124056008326574E+001 
      6.74000000 -0.233317756461898E+005  0.124638368055763E+001 
      6.76000000 -0.233317696828929E+005  0.125234697752860E+001 
      6.78000000 -0.233317635822458E+005  0.125844762454865E+001 
      6.80000000 -0.233317573466758E+005  0.126468319462984E+001 
      6.82000000 -0.233317509786842E+005  0.127105118616094E+001 
      6.84000000 -0.233317444808448E+005  0.127754902556180E+001 
      6.86000000 -0.233317378558007E+005  0.128417406965915E+001 
      6.88000000 -0.233317311062622E+005  0.129092360822028E+001 
      6.90000000 -0.233317242350045E+005  0.129779486592983E+001 
      6.92000000 -0.233317172448656E+005  0.130478500482129E+001 
      6.94000000 -0.233317101387444E+005  0.131189112593835E+001 
      6.96000000 -0.233317029195990E+005  0.131911027134564E+001 
      6.98000000 -0.233316955904450E+005  0.132643942542495E+001 
      7.00000000 -0.233316881543538E+005  0.133387551657055E+001 
      7.02000000 -0.233316806144521E+005  0.134141541832142E+001 
      7.04000000 -0.233316729739198E+005  0.134905595055224E+001 
      7.06000000 -0.233316652359899E+005  0.135679388047268E+001 
      7.08000000 -0.233316574039468E+005  0.136462592357088E+001 
      7.10000000 -0.233316494811261E+005  0.137254874429718E+001 
      7.12000000 -0.233316414709136E+005  0.138055895674778E+001 
      7.14000000 -0.233316333767449E+005  0.138865312545357E+001 
      7.16000000 -0.233316252021046E+005  0.139682776579163E+001 
      7.18000000 -0.233316169505258E+005  0.140507934460702E+001 
      7.20000000 -0.233316086255897E+005  0.141340428065514E+001 
      7.22000000 -0.233316002309252E+005  0.142179894520500E+001 
      7.24000000 -0.233315917702079E+005  0.143025966249398E+001 
      7.26000000 -0.233315832471598E+005  0.143878271054449E+001 
      7.28000000 -0.233315746655488E+005  0.144736432158169E+001 
      7.30000000 -0.233315660291874E+005  0.145600068300476E+001 
      7.32000000 -0.233315573419322E+005  0.146468793822536E+001 
      7.34000000 -0.233315486076828E+005  0.147342218757399E+001 
      7.36000000 -0.233315398303808E+005  0.148219948959004E+001 
      7.38000000 -0.233315310140083E+005  0.149101586203335E+001 
      7.40000000 -0.233315221625868E+005  0.149986728361667E+001 
      7.42000000 -0.233315132801752E+005  0.150874969520283E+001 
      7.44000000 -0.233315043708687E+005  0.151765900164542E+001 
      7.46000000 -0.233314954387966E+005  0.152659107383059E+001 
      7.48000000 -0.233314864881195E+005  0.153554175086416E+001 
      7.50000000 -0.233314775230279E+005  0.154450684246608E+001 
      7.52000000 -0.233314685477390E+005  0.155348213135554E+001 
      7.54000000 -0.233314595664940E+005  0.156246337635699E+001 
      7.56000000 -0.233314505835552E+005  0.157144631518737E+001 
      7.58000000 -0.233314416032026E+005  0.158042666775082E+001 
      7.60000000 -0.233314326297310E+005  0.158940013941169E+001 
      7.62000000 -0.233314236674459E+005  0.159836242448405E+001 
      7.64000000 -0.233314147206608E+005  0.160730920958516E+001 
      7.66000000 -0.233314057936929E+005  0.161623617748077E+001 
      7.68000000 -0.233313968908596E+005  0.162513901074795E+001 
      7.70000000 -0.233313880164748E+005  0.163401339561416E+001 
      7.72000000 -0.233313791748444E+005  0.164285502602844E+001 
      7.74000000 -0.233313703702628E+005  0.165165960761189E+001 
      7.76000000 -0.233313616070086E+005  0.166042286177522E+001 
      7.78000000 -0.233313528893403E+005  0.166914053004358E+001 
      7.80000000 -0.233313442214923E+005  0.167780837810604E+001 
      7.82000000 -0.233313356076702E+005  0.168642220022086E+001 
      7.84000000 -0.233313270520471E+005  0.169497782325876E+001 
      7.86000000 -0.233313185587592E+005  0.170347111113296E+001 
      7.88000000 -0.233313101319017E+005  0.171189796871871E+001 
      7.90000000 -0.233313017755243E+005  0.172025434611008E+001 
      7.92000000 -0.233312934936277E+005  0.172853624270654E+001 
      7.94000000 -0.233312852901592E+005  0.173673971119135E+001 
      7.96000000 -0.233312771690087E+005  0.174486086170164E+001 
      7.98000000 -0.233312691340049E+005  0.175289586553145E+001 
      8.00000000 -0.233312611889112E+005  0.176084095914722E+001 
      8.02000000 -0.233312533374226E+005  0.176869244781031E+001 
      8.04000000 -0.233312455831612E+005  0.177644670919034E+001 
      8.06000000 -0.233312379296734E+005  0.178410019696611E+001 
      8.08000000 -0.233312303804262E+005  0.179164944421922E+001 
      8.10000000 -0.233312229388037E+005  0.179909106664216E+001 
      8.12000000 -0.233312156081049E+005  0.180642176551427E+001 
      8.14000000 -0.233312083915397E+005  0.181363833063761E+001 
      8.16000000 -0.233312012922272E+005  0.182073764317371E+001 
      8.18000000 -0.233311943131922E+005  0.182771667820508E+001 
      8.20000000 -0.233311874573630E+005  0.183457250741118E+001 
      8.22000000 -0.233311807275691E+005  0.184130230131118E+001 
      8.24000000 -0.233311741265388E+005  0.184790333155331E+001 
      8.26000000 -0.233311676568975E+005  0.185437297293180E+001 
      8.28000000 -0.233311613211652E+005  0.186070870515333E+001 
      8.30000000 -0.233311551217557E+005  0.186690811471485E+001 
      8.32000000 -0.233311490609742E+005  0.187296889620284E+001 
      8.34000000 -0.233311431410167E+005  0.187888885366072E+001 
      8.36000000 -0.233311373639685E+005  0.188466590185100E+001 
      8.38000000 -0.233311317318030E+005  0.189029806739372E+001 
      8.40000000 -0.233311262463805E+005  0.189578348988943E+001 
      8.42000000 -0.233311209094475E+005  0.190112042289365E+001 
      8.44000000 -0.233311157226353E+005  0.190630723503674E+001 
      8.46000000 -0.233311106874593E+005  0.191134241107575E+001 
      8.48000000 -0.233311058053173E+005  0.191622455304519E+001 
      8.50000000 -0.233311010774889E+005  0.192095238148830E+001 
      8.52000000 -0.233310965051337E+005  0.192552473666355E+001 
      8.54000000 -0.233310920892905E+005  0.192994057983771E+001 
      8.56000000 -0.233310878308756E+005  0.193419899476154E+001 
      8.58000000 -0.233310837306815E+005  0.193829918887316E+001 
      8.60000000 -0.233310797893756E+005  0.194224049478298E+001 
      8.62000000 -0.233310760074987E+005  0.194602237170292E+001 
      8.64000000 -0.233310723854636E+005  0.194964440675811E+001 
      8.66000000 -0.233310689235545E+005  0.195310631589016E+001 
      8.68000000 -0.233310656219254E+005  0.195640794502662E+001 
      8.70000000 -0.233310624805997E+005  0.195954927068724E+001 
      8.72000000 -0.233310594994700E+005  0.196253040039854E+001 
      8.74000000 -0.233310566782979E+005  0.196535157252676E+001 
      8.76000000 -0.233310540167142E+005  0.196801315613865E+001 
      8.78000000 -0.233310515142205E+005  0.197051564985376E+001 
      8.80000000 -0.233310491701898E+005  0.197285968055747E+001 
      8.82000000 -0.233310469838691E+005  0.197504600128505E+001 
      8.84000000 -0.233310449543815E+005  0.197707548883644E+001 
      8.86000000 -0.233310430807297E+005  0.197894914069203E+001 
      8.88000000 -0.233310413617989E+005  0.198066807144262E+001 
      8.90000000 -0.233310397963616E+005  0.198223350873993E+001 
      8.92000000 -0.233310383830817E+005  0.198364678867174E+001 
      8.94000000 -0.233310371205193E+005  0.198490935108126E+001 
      8.96000000 -0.233310360071362E+005  0.198602273416890E+001 
      8.98000000 -0.233310350413008E+005  0.198698856954248E+001 
      9.00000000 -0.233310342212937E+005  0.198780857665502E+001 
      9.02000000 -0.233310335453129E+005  0.198848455747762E+001 
      9.04000000 -0.233310330114788E+005  0.198901839155588E+001 
      9.06000000 -0.233310326178393E+005  0.198941203104162E+001 
      9.08000000 -0.233310323623742E+005  0.198966749620724E+001 
      9.10000000 -0.233310322429990E+005  0.198978687143330E+001 
      9.12000000 -0.233310322575688E+005  0.198977230159836E+001 
      9.14000000 -0.233310324038812E+005  0.198962598919883E+001 
      9.16000000 -0.233310326796784E+005  0.198935019193597E+001 
      9.18000000 -0.233310330826495E+005  0.198894722088763E+001 
      9.20000000 -0.233310336104310E+005  0.198841943934504E+001 
      9.22000000 -0.233310342606083E+005  0.198776926207962E+001 
      9.24000000 -0.233310350307153E+005  0.198699915508004E+001 
      9.26000000 -0.233310359182345E+005  0.198611163586160E+001 
      9.28000000 -0.233310369205964E+005  0.198510927398590E+001 
      9.30000000 -0.233310380351785E+005  0.198399469190542E+001 
      9.32000000 -0.233310392593046E+005  0.198277056579880E+001 
      9.34000000 -0.233310405902438E+005  0.198143962655764E+001 
      9.36000000 -0.233310420252097E+005  0.198000466067133E+001 
      9.38000000 -0.233310435613594E+005  0.197846851101274E+001 
      9.40000000 -0.233310451957931E+005  0.197683407729924E+001 
      9.42000000 -0.233310469255539E+005  0.197510431647007E+001 
      9.44000000 -0.233310487476280E+005  0.197328224238626E+001 
      9.46000000 -0.233310506589451E+005  0.197137092528310E+001 
      9.48000000 -0.233310526563796E+005  0.196937349081111E+001 
      9.50000000 -0.233310547367516E+005  0.196729311881716E+001 
      9.52000000 -0.233310568968292E+005  0.196513304113877E+001 
      9.54000000 -0.233310591333307E+005  0.196289653972632E+001 
      9.56000000 -0.233310614429265E+005  0.196058694385570E+001 
      9.58000000 -0.233310638222432E+005  0.195820762718324E+001 
      9.60000000 -0.233310662678656E+005  0.195576200480066E+001 
      9.62000000 -0.233310687763408E+005  0.195325352962791E+001 
      9.64000000 -0.233310713441816E+005  0.195068568879989E+001 
      9.66000000 -0.233310739678705E+005  0.194806199991396E+001 
      9.68000000 -0.233310766438635E+005  0.194538600688143E+001 
      9.70000000 -0.233310793685945E+005  0.194266127587190E+001 
      9.72000000 -0.233310821384795E+005  0.193989139092965E+001 
      9.74000000 -0.233310849499208E+005  0.193707994953437E+001 
      9.76000000 -0.233310877993123E+005  0.193423055804428E+001 
      9.78000000 -0.233310906830433E+005  0.193134682703729E+001 
      9.80000000 -0.233310935975040E+005  0.192843236638594E+001 
      9.82000000 -0.233310965390900E+005  0.192549078040053E+001 
      9.84000000 -0.233310995042078E+005  0.192252566259477E+001 
      9.86000000 -0.233311024892801E+005  0.191954059028751E+001 
      9.88000000 -0.233311054907513E+005  0.191653911911162E+001 
      9.90000000 -0.233311085050930E+005  0.191352477737134E+001 
      9.92000000 -0.233311115288103E+005  0.191050106004686E+001 
      9.94000000 -0.233311145584475E+005  0.190747142286712E+001 
      9.96000000 -0.233311175905943E+005  0.190443927610403E+001 
      9.98000000 -0.233311206218920E+005  0.190140797835748E+001 
     10.00000000 -0.233311236490402E+005  0.189838083021666E+001 
     10.02000000 -0.233311266688024E+005  0.189536106802332E+001 
     10.04000000 -0.233311296780127E+005  0.189235185763519E+001 
     10.06000000 -0.233311326735820E+005  0.188935628835945E+001 
     10.08000000 -0.233311356525033E+005  0.188637736706566E+001 
     10.10000000 -0.233311386118579E+005  0.188341801246265E+001 
     10.12000000 -0.233311415488206E+005  0.188048104977136E+001 
     10.14000000 -0.233311444606647E+005  0.187756920565448E+001 
     10.16000000 -0.233311473447668E+005  0.187468510362869E+001 
     10.18000000 -0.233311501986106E+005  0.187183125978933E+001 
     10.20000000 -0.233311530197912E+005  0.186901007919708E+001 
     10.22000000 -0.233311558060178E+005  0.186622385258334E+001 
     10.24000000 -0.233311585551167E+005  0.186347475365569E+001 
     10.26000000 -0.233311612650334E+005  0.186076483695716E+001 
     10.28000000 -0.233311639338342E+005  0.185809603619258E+001 
     10.30000000 -0.233311665597072E+005  0.185547016314587E+001 
     10.32000000 -0.233311691409633E+005  0.185288890710768E+001 
     10.34000000 -0.233311716760357E+005  0.185035383468053E+001 
     10.36000000 -0.233311741634801E+005  0.184786639029851E+001 
     10.38000000 -0.233311766019734E+005  0.184542789698830E+001 
     10.40000000 -0.233311789903125E+005  0.184303955786340E+001 
     10.42000000 -0.233311813274127E+005  0.184070245764302E+001 
     10.44000000 -0.233311836123053E+005  0.183841756506204E+001 
     10.46000000 -0.233311858441353E+005  0.183618573512306E+001 
     10.48000000 -0.233311880221584E+005  0.183400771195804E+001 
     10.50000000 -0.233311901457385E+005  0.183188413189706E+001 
     10.52000000 -0.233311922143437E+005  0.182981552663617E+001 
     10.54000000 -0.233311942275437E+005  0.182780232666200E+001 
     10.56000000 -0.233311961850056E+005  0.182584486478765E+001 
     10.58000000 -0.233311980864906E+005  0.182394337978155E+001 
     10.60000000 -0.233311999318505E+005  0.182209801987240E+001 
     10.62000000 -0.233312017210240E+005  0.182030884642128E+001 
     10.64000000 -0.233312034540329E+005  0.181857583747309E+001 
     10.66000000 -0.233312051309794E+005  0.181689889100787E+001 
     10.68000000 -0.233312067520420E+005  0.181527782834683E+001 
     10.70000000 -0.233312083174732E+005  0.181371239722120E+001 
     10.72000000 -0.233312098275957E+005  0.181220227466781E+001 
     10.74000000 -0.233312112828005E+005  0.181074706987824E+001 
     10.76000000 -0.233312126835437E+005  0.180934632666136E+001 
     10.78000000 -0.233312140303444E+005  0.180799952596147E+001 
     10.80000000 -0.233312153237822E+005  0.180670608816611E+001 
     10.82000000 -0.233312165644952E+005  0.180546537515401E+001 
     10.84000000 -0.233312177531779E+005  0.180427669249463E+001 
     10.86000000 -0.233312188905790E+005  0.180313929136926E+001 
     10.88000000 -0.233312199774998E+005  0.180205237061279E+001 
     10.90000000 -0.233312210147916E+005  0.180101507875236E+001 
     10.92000000 -0.233312220033544E+005  0.180002651598418E+001 
     10.94000000 -0.233312229441341E+005  0.179908573631117E+001 
     10.96000000 -0.233312238381207E+005  0.179819174971467E+001 
     10.98000000 -0.233312246863458E+005  0.179734352460762E+001 
     11.00000000 -0.233312254898803E+005  0.179653999011765E+001 
     11.02000000 -0.233312262498316E+005  0.179578003879084E+001 
     11.04000000 -0.233312269673411E+005  0.179506252928005E+001 
     11.06000000 -0.233312276435813E+005  0.179438628906417E+001 
     11.08000000 -0.233312282797528E+005  0.179375011753552E+001 
     11.10000000 -0.233312288770814E+005  0.179315278899440E+001 
     11.12000000 -0.233312294368148E+005  0.179259305556019E+001 
     11.14000000 -0.233312299602199E+005  0.179206965049382E+001 
     11.16000000 -0.233312304485791E+005  0.179158129124806E+001 
     11.18000000 -0.233312309031878E+005  0.179112668255795E+001 
     11.20000000 -0.233312313253509E+005  0.179070451951281E+001 
     11.22000000 -0.233312317163797E+005  0.179031349066828E+001 
     11.24000000 -0.233312320775895E+005  0.178995228086154E+001 
     11.26000000 -0.233312324102962E+005  0.178961957416568E+001 
     11.28000000 -0.233312327158137E+005  0.178931405667385E+001 
     11.30000000 -0.233312329954512E+005  0.178903441914435E+001 
     11.32000000 -0.233312332505109E+005  0.178877935952183E+001 
     11.34000000 -0.233312334822848E+005  0.178854758558855E+001 
     11.36000000 -0.233312336920532E+005  0.178833781715764E+001 
     11.38000000 -0.233312338810818E+005  0.178814878854496E+001 
     11.40000000 -0.233312340506195E+005  0.178797925084900E+001 
     11.42000000 -0.233312342018963E+005  0.178782797404215E+001 
     11.44000000 -0.233312343361212E+005  0.178769374921666E+001 
     11.46000000 -0.233312344544797E+005  0.178757539072848E+001 
     11.48000000 -0.233312345581321E+005  0.178747173826684E+001 
     11.50000000 -0.233312346482113E+005  0.178738165905691E+001 
     11.52000000 -0.233312347258206E+005  0.178730404979634E+001 
     11.54000000 -0.233312347920314E+005  0.178723783894763E+001 
     11.56000000 -0.233312348478818E+005  0.178718198857263E+001 
     11.58000000 -0.233312348943738E+005  0.178713549658154E+001 
     11.60000000 -0.233312349324718E+005  0.178709739858595E+001 
     11.62000000 -0.233312349631005E+005  0.178706676993139E+001 
     11.64000000 -0.233312349871427E+005  0.178704272765858E+001 
     11.66000000 -0.233312350054382E+005  0.178702443222350E+001 
     11.68000000 -0.233312350187810E+005  0.178701108940611E+001 
     11.70000000 -0.233312350279185E+005  0.178700195192211E+001 
     11.72000000 -0.233312350335494E+005  0.178699632095738E+001 
     11.74000000 -0.233312350363226E+005  0.178699354780751E+001 
     11.76000000 -0.233312350368353E+005  0.178699303510911E+001 
     11.78000000 -0.233312350356322E+005  0.178699423819475E+001 
     11.80000000 -0.233312350332040E+005  0.178699666634280E+001 
     11.82000000 -0.233312350299867E+005  0.178699988373023E+001 
     11.84000000 -0.233312350263598E+005  0.178700351057414E+001 
     11.86000000 -0.233312350226463E+005  0.178700722406912E+001 
     11.88000000 -0.233312350191112E+005  0.178701075916065E+001 
     11.90000000 -0.233312350159609E+005  0.178701390944840E+001 
     11.92000000 -0.233312350133424E+005  0.178701652793802E+001 
     11.94000000 -0.233312350113426E+005  0.178701852781755E+001 
     11.96000000 -0.233312350099873E+005  0.178701988311024E+001 
     11.98000000 -0.233312350092410E+005  0.178702062939531E+001 
     12.00000000 -0.233312350090059E+005  0.178702086447927E+001 
     12.02000000 -0.233312350089952E+005  0.178702087516758E+001 
     12.04000000 -0.233312350089855E+005  0.178702088488759E+001 
     12.06000000 -0.233312350089757E+005  0.178702089463236E+001 
     12.08000000 -0.233312350089659E+005  0.178702090447612E+001 
     12.10000000 -0.233312350089559E+005  0.178702091446837E+001 
     12.12000000 -0.233312350089457E+005  0.178702092463386E+001 
     12.14000000 -0.233312350089353E+005  0.178702093504065E+001 
     12.16000000 -0.233312350089248E+005  0.178702094562996E+001 
     12.18000000 -0.233312350089140E+005  0.178702095642964E+001 
     12.20000000 -0.233312350089029E+005  0.178702096743658E+001 
     12.22000000 -0.233312350088918E+005  0.178702097862914E+001 
     12.24000000 -0.233312350088804E+005  0.178702098997638E+001 
     12.26000000 -0.233312350088689E+005  0.178702100146902E+001 
     12.28000000 -0.233312350088573E+005  0.178702101310086E+001 
     12.30000000 -0.233312350088456E+005  0.178702102481314E+001 
     12.32000000 -0.233312350088338E+005  0.178702103659967E+001 
     12.34000000 -0.233312350088219E+005  0.178702104843878E+001 
     12.36000000 -0.233312350088101E+005  0.178702106033359E+001 
     12.38000000 -0.233312350087981E+005  0.178702107223457E+001 
     12.40000000 -0.233312350087862E+005  0.178702108414484E+001 
     12.42000000 -0.233312350087743E+005  0.178702109605820E+001 
     12.44000000 -0.233312350087624E+005  0.178702110796538E+001 
     12.46000000 -0.233312350087505E+005  0.178702111989421E+001 
     12.48000000 -0.233312350087386E+005  0.178702113177354E+001 
     12.50000000 -0.233312350087267E+005  0.178702114366216E+001 
     12.52000000 -0.233312350087148E+005  0.178702115555696E+001 
     12.54000000 -0.233312350087030E+005  0.178702116743010E+001 
     12.56000000 -0.233312350086911E+005  0.178702117932181E+001 
     12.58000000 -0.233312350086792E+005  0.178702119119805E+001 
     12.60000000 -0.233312350086673E+005  0.178702120307120E+001 
     12.62000000 -0.233312350086554E+005  0.178702121496290E+001 
     12.64000000 -0.233312350086435E+005  0.178702122686389E+001 
     12.66000000 -0.233312350086316E+005  0.178702123876797E+001 
     12.68000000 -0.233312350086197E+005  0.178702125066587E+001 
     12.70000000 -0.233312350086078E+005  0.178702126258851E+001 
     12.72000000 -0.233312350085959E+005  0.178702127452972E+001 
     12.74000000 -0.233312350085839E+005  0.178702128646473E+001 
     12.76000000 -0.233312350085720E+005  0.178702129840284E+001 
     12.78000000 -0.233312350085600E+005  0.178702131033477E+001 
     12.80000000 -0.233312350085481E+005  0.178702132226360E+001 
     12.82000000 -0.233312350085362E+005  0.178702133416768E+001 
     12.84000000 -0.233312350085243E+005  0.178702134609032E+001 
     12.86000000 -0.233312350085124E+005  0.178702135793872E+001 
     12.88000000 -0.233312350085006E+005  0.178702136980568E+001 
     12.90000000 -0.233312350084888E+005  0.178702138159530E+001 
     12.92000000 -0.233312350084770E+005  0.178702139337564E+001 
     12.94000000 -0.233312350084653E+005  0.178702140510029E+001 
     12.96000000 -0.233312350084536E+005  0.178702141678473E+001 
     12.98000000 -0.233312350084420E+005  0.178702142840730E+001 
     13.00000000 -0.233312350084304E+005  0.178702143998036E+001 
     13.02000000 -0.233312350084189E+005  0.178702145150703E+001 
     13.04000000 -0.233312350084074E+005  0.178702146297492E+001 
     13.06000000 -0.233312350083960E+005  0.178702147438093E+001 
     13.08000000 -0.233312350083846E+005  0.178702148573436E+001 
     13.10000000 -0.233312350083733E+005  0.178702149703829E+001 
     13.12000000 -0.233312350083621E+005  0.178702150829890E+001 
     13.14000000 -0.233312350083509E+005  0.178702151949765E+001 
     13.16000000 -0.233312350083397E+005  0.178702153064690E+001 
     13.18000000 -0.233312350083286E+005  0.178702154176212E+001 
     13.20000000 -0.233312350083176E+005  0.178702155281547E+001 
     13.22000000 -0.233312350083066E+005  0.178702156382551E+001 
     13.24000000 -0.233312350082956E+005  0.178702157477986E+001 
     13.26000000 -0.233312350082847E+005  0.178702158566306E+001 
     13.28000000 -0.233312350082739E+005  0.178702159650914E+001 
     13.30000000 -0.233312350082631E+005  0.178702160729335E+001 
     13.32000000 -0.233312350082523E+005  0.178702161803734E+001 
     13.34000000 -0.233312350082417E+005  0.178702162867615E+001 
     13.36000000 -0.233312350082311E+005  0.178702163924380E+001 
     13.38000000 -0.233312350082206E+005  0.178702164974959E+001 
     13.40000000 -0.233312350082102E+005  0.178702166015019E+001 
     13.42000000 -0.233312350081999E+005  0.178702167046727E+001 
     13.44000000 -0.233312350081897E+005  0.178702168067916E+001 
     13.46000000 -0.233312350081796E+005  0.178702169077969E+001 
     13.48000000 -0.233312350081696E+005  0.178702170079978E+001 
     13.50000000 -0.233312350081597E+005  0.178702171069304E+001 
     13.52000000 -0.233312350081499E+005  0.178702172048421E+001 
     13.54000000 -0.233312350081402E+005  0.178702173013926E+001 
     13.56000000 -0.233312350081307E+005  0.178702173968913E+001 
     13.58000000 -0.233312350081213E+005  0.178702174912145E+001 
     13.60000000 -0.233312350081120E+005  0.178702175841455E+001 
     13.62000000 -0.233312350081028E+005  0.178702176759628E+001 
     13.64000000 -0.233312350080937E+005  0.178702177665118E+001 
     13.66000000 -0.233312350080848E+005  0.178702178558543E+001 
     13.68000000 -0.233312350080760E+005  0.178702179439903E+001 
     13.70000000 -0.233312350080673E+005  0.178702180311673E+001 
     13.72000000 -0.233312350080587E+005  0.178702181169831E+001 
     13.74000000 -0.233312350080502E+005  0.178702182016852E+001 
     13.76000000 -0.233312350080419E+005  0.178702182849643E+001 
     13.78000000 -0.233312350080337E+005  0.178702183672534E+001 
     13.80000000 -0.233312350080255E+005  0.178702184483670E+001 
     13.82000000 -0.233312350080175E+005  0.178702185283669E+001 
     13.84000000 -0.233312350080097E+005  0.178702186070056E+001 
     13.86000000 -0.233312350080019E+005  0.178702186845615E+001 
     13.88000000 -0.233312350079943E+005  0.178702187610657E+001 
     13.90000000 -0.233312350079868E+005  0.178702188363014E+001 
     13.92000000 -0.233312350079793E+005  0.178702189107329E+001 
     13.94000000 -0.233312350079720E+005  0.178702189838960E+001 
     13.96000000 -0.233312350079648E+005  0.178702190561310E+001 
     13.98000000 -0.233312350079577E+005  0.178702191272832E+001 
     14.00000000 -0.233312350079506E+005  0.178702191976002E+001 
     14.02000000 -0.233312350079437E+005  0.178702192670510E+001 
     14.04000000 -0.233312350079369E+005  0.178702193352644E+001 
     14.06000000 -0.233312350079301E+005  0.178702194031684E+001 
     14.08000000 -0.233312350079234E+005  0.178702194700206E+001 
     14.10000000 -0.233312350079167E+005  0.178702195365015E+001 
     14.12000000 -0.233312350079102E+005  0.178702196022091E+001 
     14.14000000 -0.233312350079037E+005  0.178702196672360E+001 
     14.16000000 -0.233312350078972E+005  0.178702197318918E+001 
     14.18000000 -0.233312350078908E+005  0.178702197960526E+001 
     14.20000000 -0.233312350078844E+005  0.178702198597493E+001 
     14.22000000 -0.233312350078781E+005  0.178702199230748E+001 
     14.24000000 -0.233312350078718E+005  0.178702199861838E+001 
     14.26000000 -0.233312350078655E+005  0.178702200490452E+001 
     14.28000000 -0.233312350078592E+005  0.178702201115973E+001 
     14.30000000 -0.233312350078530E+005  0.178702201740876E+001 
     14.32000000 -0.233312350078467E+005  0.178702202365160E+001 
     14.34000000 -0.233312350078405E+005  0.178702202987278E+001 
     14.36000000 -0.233312350078343E+005  0.178702203611561E+001 
     14.38000000 -0.233312350078280E+005  0.178702204235845E+001 
     14.40000000 -0.233312350078218E+005  0.178702204860438E+001 
     14.42000000 -0.233312350078155E+005  0.178702205487815E+001 
     14.44000000 -0.233312350078092E+005  0.178702206116430E+001 
     14.46000000 -0.233312350078029E+005  0.178702206748448E+001 
     14.48000000 -0.233312350077966E+005  0.178702207381084E+001 
     14.50000000 -0.233312350077902E+005  0.178702208018052E+001 
     14.52000000 -0.233312350077838E+005  0.178702208659969E+001 
     14.54000000 -0.233312350077773E+005  0.178702209303742E+001 
     14.56000000 -0.233312350077709E+005  0.178702209951227E+001 
     14.58000000 -0.233312350077643E+005  0.178702210603353E+001 
     14.60000000 -0.233312350077578E+005  0.178702211258573E+001 
     14.62000000 -0.233312350077512E+005  0.178702211918123E+001 
     14.64000000 -0.233312350077446E+005  0.178702212578602E+001 
     14.66000000 -0.233312350077380E+005  0.178702213242793E+001 
     14.68000000 -0.233312350077313E+005  0.178702213907912E+001 
     14.70000000 -0.233312350077246E+005  0.178702214576124E+001 
     14.72000000 -0.233312350077179E+005  0.178702215244336E+001 
     14.74000000 -0.233312350077113E+005  0.178702215910693E+001 
     14.76000000 -0.233312350077046E+005  0.178702216578905E+001 
     14.78000000 -0.233312350076980E+005  0.178702217243096E+001 
     14.80000000 -0.233312350076913E+005  0.178702217905121E+001 
     14.82000000 -0.233312350076847E+005  0.178702218564363E+001 
     14.84000000 -0.233312350076782E+005  0.178702219219582E+001 
     14.86000000 -0.233312350076717E+005  0.178702219869233E+001 
     14.88000000 -0.233312350076653E+005  0.178702220512388E+001 
     14.90000000 -0.233312350076589E+005  0.178702221152449E+001 
     14.92000000 -0.233312350076525E+005  0.178702221783847E+001 
     14.94000000 -0.233312350076463E+005  0.178702222409369E+001 
     14.96000000 -0.233312350076401E+005  0.178702223028393E+001 
     14.98000000 -0.233312350076340E+005  0.178702223642468E+001 
     15.00000000 -0.233312350076279E+005  0.178702224248500E+001 
     15.02000000 -0.233312350076219E+005  0.178702224848344E+001 
     15.04000000 -0.233312350076159E+005  0.178702225443858E+001 
     15.06000000 -0.233312350076101E+005  0.178702226032256E+001 
     15.08000000 -0.233312350076042E+005  0.178702226619417E+001 
     15.10000000 -0.233312350075984E+005  0.178702227199772E+001 
     15.12000000 -0.233312350075926E+005  0.178702227780126E+001 
     15.14000000 -0.233312350075868E+005  0.178702228355532E+001 
     15.16000000 -0.233312350075811E+005  0.178702228932174E+001 
     15.18000000 -0.233312350075753E+005  0.178702229505723E+001 
     15.20000000 -0.233312350075696E+005  0.178702230079272E+001 
     15.22000000 -0.233312350075639E+005  0.178702230651893E+001 
     15.24000000 -0.233312350075581E+005  0.178702231226989E+001 
     15.26000000 -0.233312350075524E+005  0.178702231801157E+001 
     15.28000000 -0.233312350075466E+005  0.178702232376562E+001 
     15.30000000 -0.233312350075409E+005  0.178702232953205E+001 
     15.32000000 -0.233312350075351E+005  0.178702233529847E+001 
     15.34000000 -0.233312350075293E+005  0.178702234108655E+001 
     15.36000000 -0.233312350075235E+005  0.178702234686845E+001 
     15.38000000 -0.233312350075177E+005  0.178702235266272E+001 
     15.40000000 -0.233312350075119E+005  0.178702235845080E+001 
     15.42000000 -0.233312350075061E+005  0.178702236424197E+001 
     15.44000000 -0.233312350075004E+005  0.178702237001768E+001 
     15.46000000 -0.233312350074946E+005  0.178702237578720E+001 
     15.48000000 -0.233312350074888E+005  0.178702238156291E+001 
     15.50000000 -0.233312350074831E+005  0.178702238730149E+001 
     15.52000000 -0.233312350074773E+005  0.178702239304936E+001 
     15.54000000 -0.233312350074716E+005  0.178702239875391E+001 
     15.56000000 -0.233312350074659E+005  0.178702240446465E+001 
     15.58000000 -0.233312350074603E+005  0.178702241012590E+001 
     15.60000000 -0.233312350074546E+005  0.178702241576858E+001 
     15.62000000 -0.233312350074490E+005  0.178702242136177E+001 
     15.64000000 -0.233312350074435E+005  0.178702242693020E+001 
     15.66000000 -0.233312350074379E+005  0.178702243246771E+001 
     15.68000000 -0.233312350074324E+005  0.178702243796190E+001 
     15.70000000 -0.233312350074270E+005  0.178702244341897E+001 
     15.72000000 -0.233312350074216E+005  0.178702244883272E+001 
     15.74000000 -0.233312350074162E+005  0.178702245420936E+001 
     15.76000000 -0.233312350074108E+005  0.178702245955197E+001 
     15.78000000 -0.233312350074055E+005  0.178702246487601E+001 
     15.80000000 -0.233312350074002E+005  0.178702247014747E+001 
     15.82000000 -0.233312350073950E+005  0.178702247540345E+001 
     15.84000000 -0.233312350073897E+005  0.178702248063469E+001 
     15.86000000 -0.233312350073845E+005  0.178702248585974E+001 
     15.88000000 -0.233312350073793E+005  0.178702249107242E+001 
     15.90000000 -0.233312350073741E+005  0.178702249631912E+001 
     15.92000000 -0.233312350073689E+005  0.178702250151942E+001 
     15.94000000 -0.233312350073636E+005  0.178702250676613E+001 
     15.96000000 -0.233312350073583E+005  0.178702251204686E+001 
     15.98000000 -0.233312350073530E+005  0.178702251734307E+001 
     16.00000000 -0.233312350073477E+005  0.178702252268877E+001 
     16.02000000 -0.233312350073423E+005  0.178702252805612E+001 
     16.04000000 -0.233312350073369E+005  0.178702253347916E+001 
     16.06000000 -0.233312350073314E+005  0.178702253894860E+001 
     16.08000000 -0.233312350073259E+005  0.178702254448610E+001 
     16.10000000 -0.233312350073203E+005  0.178702255004835E+001 
     16.12000000 -0.233312350073147E+005  0.178702255568485E+001 
     16.14000000 -0.233312350073090E+005  0.178702256135847E+001 
     16.16000000 -0.233312350073033E+005  0.178702256710015E+001 
     16.18000000 -0.233312350072975E+005  0.178702257287276E+001 
     16.20000000 -0.233312350072917E+005  0.178702257867940E+001 
     16.22000000 -0.233312350072858E+005  0.178702258455720E+001 
     16.24000000 -0.233312350072799E+005  0.178702259044737E+001 
     16.26000000 -0.233312350072740E+005  0.178702259637775E+001 
     16.28000000 -0.233312350072681E+005  0.178702260232670E+001 
     16.30000000 -0.233312350072621E+005  0.178702260830349E+001 
     16.32000000 -0.233312350072561E+005  0.178702261430193E+001 
     16.34000000 -0.233312350072501E+005  0.178702262031275E+001 
     16.36000000 -0.233312350072440E+005  0.178702262633904E+001 
     16.38000000 -0.233312350072380E+005  0.178702263238079E+001 
     16.40000000 -0.233312350072320E+005  0.178702263840089E+001 
     16.42000000 -0.233312350072259E+005  0.178702264443955E+001 
     16.44000000 -0.233312350072199E+005  0.178702265047822E+001 
     16.46000000 -0.233312350072139E+005  0.178702265650760E+001 
     16.48000000 -0.233312350072079E+005  0.178702266252460E+001 
     16.50000000 -0.233312350072018E+005  0.178702266855708E+001 
     16.52000000 -0.233312350071958E+005  0.178702267456480E+001 
     16.54000000 -0.233312350071898E+005  0.178702268058799E+001 
     16.56000000 -0.233312350071838E+005  0.178702268656478E+001 
     16.58000000 -0.233312350071778E+005  0.178702269254467E+001 
     16.60000000 -0.233312350071719E+005  0.178702269851527E+001 
     16.62000000 -0.233312350071659E+005  0.178702270447968E+001 
     16.64000000 -0.233312350071600E+005  0.178702271041935E+001 
     16.66000000 -0.233312350071540E+005  0.178702271635283E+001 
     16.68000000 -0.233312350071481E+005  0.178702272228940E+001 
     16.70000000 -0.233312350071422E+005  0.178702272820123E+001 
     16.72000000 -0.233312350071363E+005  0.178702273412233E+001 
     16.74000000 -0.233312350071303E+005  0.178702274003725E+001 
     16.76000000 -0.233312350071244E+005  0.178702274593361E+001 
     16.78000000 -0.233312350071186E+005  0.178702275183306E+001 
     16.80000000 -0.233312350071126E+005  0.178702275773251E+001 
     16.82000000 -0.233312350071067E+005  0.178702276364124E+001 
     16.84000000 -0.233312350071009E+005  0.178702276950666E+001 
     16.86000000 -0.233312350070950E+005  0.178702277542158E+001 
     16.88000000 -0.233312350070891E+005  0.178702278129937E+001 
     16.90000000 -0.233312350070832E+005  0.178702278719263E+001 
     16.92000000 -0.233312350070773E+005  0.178702279306734E+001 
     16.94000000 -0.233312350070714E+005  0.178702279895441E+001 
     16.96000000 -0.233312350070656E+005  0.178702280479818E+001 
     16.98000000 -0.233312350070597E+005  0.178702281066978E+001 
     17.00000000 -0.233312350070539E+005  0.178702281650118E+001 
     17.02000000 -0.233312350070481E+005  0.178702282232947E+001 
     17.04000000 -0.233312350070422E+005  0.178702282814230E+001 
     17.06000000 -0.233312350070364E+005  0.178702283393348E+001 
     17.08000000 -0.233312350070307E+005  0.178702283969990E+001 
     17.10000000 -0.233312350070250E+005  0.178702284542302E+001 
     17.12000000 -0.233312350070192E+005  0.178702285113376E+001 
     17.14000000 -0.233312350070136E+005  0.178702285681976E+001 
     17.16000000 -0.233312350070079E+005  0.178702286246863E+001 
     17.18000000 -0.233312350070023E+005  0.178702286809275E+001 
     17.20000000 -0.233312350069967E+005  0.178702287369212E+001 
     17.22000000 -0.233312350069911E+005  0.178702287926056E+001 
     17.24000000 -0.233312350069856E+005  0.178702288478569E+001 
     17.26000000 -0.233312350069801E+005  0.178702289030153E+001 
     17.28000000 -0.233312350069746E+005  0.178702289575860E+001 
     17.30000000 -0.233312350069692E+005  0.178702290121258E+001 
     17.32000000 -0.233312350069637E+005  0.178702290663562E+001 
     17.34000000 -0.233312350069584E+005  0.178702291200916E+001 
     17.36000000 -0.233312350069530E+005  0.178702291736104E+001 
     17.38000000 -0.233312350069477E+005  0.178702292268200E+001 
     17.40000000 -0.233312350069424E+005  0.178702292795964E+001 
     17.42000000 -0.233312350069372E+005  0.178702293320634E+001 
     17.44000000 -0.233312350069319E+005  0.178702293843449E+001 
     17.46000000 -0.233312350069268E+005  0.178702294361313E+001 
     17.48000000 -0.233312350069216E+005  0.178702294877013E+001 
     17.50000000 -0.233312350069165E+005  0.178702295387453E+001 
     17.52000000 -0.233312350069114E+005  0.178702295894180E+001 
     17.54000000 -0.233312350069064E+005  0.178702296399361E+001 
     17.56000000 -0.233312350069014E+005  0.178702296901139E+001 
     17.58000000 -0.233312350068964E+005  0.178702297396730E+001 
     17.60000000 -0.233312350068915E+005  0.178702297891393E+001 
     17.62000000 -0.233312350068866E+005  0.178702298381416E+001 
     17.64000000 -0.233312350068817E+005  0.178702298868654E+001 
     17.66000000 -0.233312350068768E+005  0.178702299354346E+001 
     17.68000000 -0.233312350068720E+005  0.178702299835706E+001 
     17.70000000 -0.233312350068672E+005  0.178702300315829E+001 
     17.72000000 -0.233312350068625E+005  0.178702300791621E+001 
     17.74000000 -0.233312350068577E+005  0.178702301264938E+001 
     17.76000000 -0.233312350068530E+005  0.178702301735162E+001 
     17.78000000 -0.233312350068484E+005  0.178702302201673E+001 
     17.80000000 -0.233312350068437E+005  0.178702302667256E+001 
     17.82000000 -0.233312350068391E+005  0.178702303128509E+001 
     17.84000000 -0.233312350068345E+005  0.178702303589142E+001 
     17.86000000 -0.233312350068299E+005  0.178702304046063E+001 
     17.88000000 -0.233312350068254E+005  0.178702304500510E+001 
     17.90000000 -0.233312350068209E+005  0.178702304953100E+001 
     17.92000000 -0.233312350068163E+005  0.178702305404143E+001 
     17.94000000 -0.233312350068118E+005  0.178702305854259E+001 
     17.96000000 -0.233312350068074E+005  0.178702306302518E+001 
     17.98000000 -0.233312350068029E+005  0.178702306750468E+001 
     18.00000000 -0.233312350067984E+005  0.178702307199036E+001 
     18.02000000 -0.233312350067939E+005  0.178702307649152E+001 
     18.04000000 -0.233312350067894E+005  0.178702308097411E+001 
     18.06000000 -0.233312350067849E+005  0.178702308549692E+001 
     18.08000000 -0.233312350067804E+005  0.178702309001354E+001 
     18.10000000 -0.233312350067758E+005  0.178702309456728E+001 
     18.12000000 -0.233312350067712E+005  0.178702309915196E+001 
     18.14000000 -0.233312350067666E+005  0.178702310377377E+001 
     18.16000000 -0.233312350067620E+005  0.178702310841413E+001 
     18.18000000 -0.233312350067573E+005  0.178702311307306E+001 
     18.20000000 -0.233312350067526E+005  0.178702311778148E+001 
     18.22000000 -0.233312350067478E+005  0.178702312255177E+001 
     18.24000000 -0.233312350067431E+005  0.178702312731898E+001 
     18.26000000 -0.233312350067382E+005  0.178702313214186E+001 
     18.28000000 -0.233312350067334E+005  0.178702313697403E+001 
     18.30000000 -0.233312350067285E+005  0.178702314185260E+001 
     18.32000000 -0.233312350067236E+005  0.178702314674973E+001 
     18.34000000 -0.233312350067187E+005  0.178702315165923E+001 
     18.36000000 -0.233312350067138E+005  0.178702315662442E+001 
     18.38000000 -0.233312350067088E+005  0.178702316156177E+001 
     18.40000000 -0.233312350067039E+005  0.178702316652387E+001 
     18.42000000 -0.233312350066989E+005  0.178702317149834E+001 
     18.44000000 -0.233312350066939E+005  0.178702317647281E+001 
     18.46000000 -0.233312350066889E+005  0.178702318143181E+001 
     18.48000000 -0.233312350066840E+005  0.178702318638772E+001 
     18.50000000 -0.233312350066790E+005  0.178702319134672E+001 
     18.52000000 -0.233312350066741E+005  0.178702319625932E+001 
     18.54000000 -0.233312350066692E+005  0.178702320117502E+001 
     18.56000000 -0.233312350066643E+005  0.178702320608143E+001 
     18.58000000 -0.233312350066594E+005  0.178702321096619E+001 
     18.60000000 -0.233312350066546E+005  0.178702321583238E+001 
     18.62000000 -0.233312350066497E+005  0.178702322069239E+001 
     18.64000000 -0.233312350066449E+005  0.178702322549671E+001 
     18.66000000 -0.233312350066401E+005  0.178702323030722E+001 
     18.68000000 -0.233312350066353E+005  0.178702323510227E+001 
     18.70000000 -0.233312350066305E+005  0.178702323987256E+001 
     18.72000000 -0.233312350066257E+005  0.178702324464904E+001 
     18.74000000 -0.233312350066210E+005  0.178702324940387E+001 
     18.76000000 -0.233312350066162E+005  0.178702325416489E+001 
     18.78000000 -0.233312350066115E+005  0.178702325890424E+001 
     18.80000000 -0.233312350066067E+005  0.178702326366216E+001 
     18.82000000 -0.233312350066020E+005  0.178702326839534E+001 
     18.84000000 -0.233312350065972E+005  0.178702327315326E+001 
     18.86000000 -0.233312350065925E+005  0.178702327790190E+001 
     18.88000000 -0.233312350065877E+005  0.178702328266910E+001 
     18.90000000 -0.233312350065829E+005  0.178702328743321E+001 
     18.92000000 -0.233312350065782E+005  0.178702329222206E+001 
     18.94000000 -0.233312350065734E+005  0.178702329698617E+001 
     18.96000000 -0.233312350065686E+005  0.178702330178431E+001 
     18.98000000 -0.233312350065638E+005  0.178702330654532E+001 
     19.00000000 -0.233312350065591E+005  0.178702331132490E+001 
     19.02000000 -0.233312350065543E+005  0.178702331611375E+001 
     19.04000000 -0.233312350065495E+005  0.178702332087477E+001 
     19.06000000 -0.233312350065448E+005  0.178702332562031E+001 
     19.08000000 -0.233312350065400E+005  0.178702333037823E+001 
     19.10000000 -0.233312350065353E+005  0.178702333509903E+001 
     19.12000000 -0.233312350065306E+005  0.178702333982292E+001 
     19.14000000 -0.233312350065259E+005  0.178702334452206E+001 
     19.16000000 -0.233312350065212E+005  0.178702334918408E+001 
     19.18000000 -0.233312350065165E+005  0.178702335383991E+001 
     19.20000000 -0.233312350065119E+005  0.178702335846790E+001 
     19.22000000 -0.233312350065073E+005  0.178702336306496E+001 
     19.24000000 -0.233312350065027E+005  0.178702336764345E+001 
     19.26000000 -0.233312350064982E+005  0.178702337221576E+001 
     19.28000000 -0.233312350064936E+005  0.178702337674166E+001 
     19.30000000 -0.233312350064891E+005  0.178702338126756E+001 
     19.32000000 -0.233312350064846E+005  0.178702338575943E+001 
     19.34000000 -0.233312350064801E+005  0.178702339026059E+001 
     19.36000000 -0.233312350064756E+005  0.178702339474937E+001 
     19.38000000 -0.233312350064712E+005  0.178702339919793E+001 
     19.40000000 -0.233312350064667E+005  0.178702340365268E+001 
     19.42000000 -0.233312350064623E+005  0.178702340810124E+001 
     19.44000000 -0.233312350064578E+005  0.178702341253124E+001 
     19.46000000 -0.233312350064534E+005  0.178702341696125E+001 
     19.48000000 -0.233312350064490E+005  0.178702342140981E+001 
     19.50000000 -0.233312350064446E+005  0.178702342582744E+001 
     19.52000000 -0.233312350064401E+005  0.178702343024506E+001 
     19.54000000 -0.233312350064357E+005  0.178702343466888E+001 
     19.56000000 -0.233312350064313E+005  0.178702343911744E+001 
     19.58000000 -0.233312350064268E+005  0.178702344355981E+001 
     19.60000000 -0.233312350064224E+005  0.178702344799600E+001 
     19.62000000 -0.233312350064179E+005  0.178702345246313E+001 
     19.64000000 -0.233312350064135E+005  0.178702345693025E+001 
     19.66000000 -0.233312350064089E+005  0.178702346143450E+001 
     19.68000000 -0.233312350064044E+005  0.178702346594493E+001 
     19.70000000 -0.233312350063999E+005  0.178702347045846E+001 
     19.72000000 -0.233312350063954E+005  0.178702347497818E+001 
     19.74000000 -0.233312350063908E+005  0.178702347954429E+001 
     19.76000000 -0.233312350063863E+005  0.178702348412279E+001 
     19.78000000 -0.233312350063817E+005  0.178702348872603E+001 
     19.80000000 -0.233312350063770E+005  0.178702349334783E+001 
     19.82000000 -0.233312350063724E+005  0.178702349796963E+001 
     19.84000000 -0.233312350063678E+005  0.178702350261000E+001 
     19.86000000 -0.233312350063631E+005  0.178702350726893E+001 
     19.88000000 -0.233312350063584E+005  0.178702351194023E+001 
     19.90000000 -0.233312350063538E+005  0.178702351658987E+001 
     19.92000000 -0.233312350063491E+005  0.178702352128592E+001 
     19.94000000 -0.233312350063444E+005  0.178702352595413E+001 
     19.96000000 -0.233312350063398E+005  0.178702353062852E+001 
     19.98000000 -0.233312350063351E+005  0.178702353526888E+001 
     20.00000000 -0.233312350063305E+005  0.178702353992472E+001 
     20.02000000 -0.233312350063258E+005  0.178702354454033E+001 
     20.04000000 -0.233312350063212E+005  0.178702354915595E+001 
     20.06000000 -0.233312350063166E+005  0.178702355374682E+001 
     20.08000000 -0.233312350063121E+005  0.178702355830984E+001 
     20.10000000 -0.233312350063075E+005  0.178702356285430E+001 
     20.12000000 -0.233312350063030E+005  0.178702356736474E+001 
     20.14000000 -0.233312350062985E+005  0.178702357185042E+001 
     20.16000000 -0.233312350062941E+005  0.178702357632683E+001 
     20.18000000 -0.233312350062896E+005  0.178702358078467E+001 
     20.20000000 -0.233312350062852E+005  0.178702358522086E+001 
     20.22000000 -0.233312350062808E+005  0.178702358962302E+001 
     20.24000000 -0.233312350062763E+005  0.178702359403755E+001 
     20.26000000 -0.233312350062720E+005  0.178702359843043E+001 
     20.28000000 -0.233312350062676E+005  0.178702360281094E+001 
     20.30000000 -0.233312350062632E+005  0.178702360722856E+001 
     20.32000000 -0.233312350062588E+005  0.178702361162763E+001 
     20.34000000 -0.233312350062544E+005  0.178702361602669E+001 
     20.36000000 -0.233312350062499E+005  0.178702362048144E+001 
     20.38000000 -0.233312350062455E+005  0.178702362491763E+001 
     20.40000000 -0.233312350062410E+005  0.178702362941879E+001 
     20.42000000 -0.233312350062365E+005  0.178702363392922E+001 
     20.44000000 -0.233312350062319E+005  0.178702363846750E+001 
     20.46000000 -0.233312350062273E+005  0.178702364303980E+001 
     20.48000000 -0.233312350062227E+005  0.178702364766161E+001 
     20.50000000 -0.233312350062181E+005  0.178702365232053E+001 
     20.52000000 -0.233312350062134E+005  0.178702365700421E+001 
     20.54000000 -0.233312350062087E+005  0.178702366172810E+001 
     20.56000000 -0.233312350062039E+005  0.178702366647983E+001 
     20.58000000 -0.233312350061991E+005  0.178702367127178E+001 
     20.60000000 -0.233312350061943E+005  0.178702367607920E+001 
     20.62000000 -0.233312350061895E+005  0.178702368092064E+001 
     20.64000000 -0.233312350061846E+005  0.178702368576209E+001 
     20.66000000 -0.233312350061797E+005  0.178702369063447E+001 
     20.68000000 -0.233312350061749E+005  0.178702369550686E+001 
     20.70000000 -0.233312350061700E+005  0.178702370039471E+001 
     20.72000000 -0.233312350061651E+005  0.178702370528256E+001 
     20.74000000 -0.233312350061602E+005  0.178702371016422E+001 
     20.76000000 -0.233312350061553E+005  0.178702371503660E+001 
     20.78000000 -0.233312350061505E+005  0.178702371990589E+001 
     20.80000000 -0.233312350061456E+005  0.178702372475971E+001 
     20.82000000 -0.233312350061408E+005  0.178702372960735E+001 
     20.84000000 -0.233312350061360E+005  0.178702373441167E+001 
     20.86000000 -0.233312350061312E+005  0.178702373921909E+001 
     20.88000000 -0.233312350061264E+005  0.178702374398320E+001 
     20.90000000 -0.233312350061217E+005  0.178702374872565E+001 
     20.92000000 -0.233312350061169E+005  0.178702375343717E+001 
     20.94000000 -0.233312350061123E+005  0.178702375811156E+001 
     20.96000000 -0.233312350061076E+005  0.178702376274883E+001 
     20.98000000 -0.233312350061030E+005  0.178702376735207E+001 
     21.00000000 -0.233312350060985E+005  0.178702377192129E+001 
     21.02000000 -0.233312350060939E+005  0.178702377643481E+001 
     21.04000000 -0.233312350060895E+005  0.178702378090503E+001 
     21.06000000 -0.233312350060850E+005  0.178702378536597E+001 
     21.08000000 -0.233312350060806E+005  0.178702378974957E+001 
     21.10000000 -0.233312350060763E+005  0.178702379411770E+001 
     21.12000000 -0.233312350060719E+005  0.178702379844870E+001 
     21.14000000 -0.233312350060676E+005  0.178702380275805E+001 
     21.16000000 -0.233312350060634E+005  0.178702380702410E+001 
     21.18000000 -0.233312350060591E+005  0.178702381128086E+001 
     21.20000000 -0.233312350060549E+005  0.178702381551906E+001 
     21.22000000 -0.233312350060506E+005  0.178702381975107E+001 
     21.24000000 -0.233312350060464E+005  0.178702382397071E+001 
     21.26000000 -0.233312350060422E+005  0.178702382819963E+001 
     21.28000000 -0.233312350060380E+005  0.178702383241617E+001 
     21.30000000 -0.233312350060337E+005  0.178702383664200E+001 
     21.32000000 -0.233312350060295E+005  0.178702384088638E+001 
     21.34000000 -0.233312350060253E+005  0.178702384511221E+001 
     21.36000000 -0.233312350060210E+005  0.178702384937825E+001 
     21.38000000 -0.233312350060167E+005  0.178702385364429E+001 
     21.40000000 -0.233312350060124E+005  0.178702385793817E+001 
     21.42000000 -0.233312350060082E+005  0.178702386223206E+001 
     21.44000000 -0.233312350060039E+005  0.178702386651976E+001 
     21.46000000 -0.233312350059996E+005  0.178702387082911E+001 
     21.48000000 -0.233312350059952E+005  0.178702387515083E+001 
     21.50000000 -0.233312350059909E+005  0.178702387947565E+001 
     21.52000000 -0.233312350059866E+005  0.178702388381903E+001 
     21.54000000 -0.233312350059822E+005  0.178702388815004E+001 
     21.56000000 -0.233312350059779E+005  0.178702389249033E+001 
     21.58000000 -0.233312350059735E+005  0.178702389683680E+001 
     21.60000000 -0.233312350059692E+005  0.178702390114925E+001 
     21.62000000 -0.233312350059649E+005  0.178702390548954E+001 
     21.64000000 -0.233312350059606E+005  0.178702390982364E+001 
     21.66000000 -0.233312350059562E+005  0.178702391415464E+001 
     21.68000000 -0.233312350059519E+005  0.178702391849802E+001 
     21.70000000 -0.233312350059476E+005  0.178702392282903E+001 
     21.72000000 -0.233312350059432E+005  0.178702392716313E+001 
     21.74000000 -0.233312350059389E+005  0.178702393149105E+001 
     21.76000000 -0.233312350059346E+005  0.178702393582824E+001 
     21.78000000 -0.233312350059302E+005  0.178702394015925E+001 
     21.80000000 -0.233312350059259E+005  0.178702394448407E+001 
     21.82000000 -0.233312350059216E+005  0.178702394882745E+001 
     21.84000000 -0.233312350059172E+005  0.178702395314608E+001 
     21.86000000 -0.233312350059129E+005  0.178702395747399E+001 
     21.88000000 -0.233312350059086E+005  0.178702396177716E+001 
     21.90000000 -0.233312350059043E+005  0.178702396607723E+001 
     21.92000000 -0.233312350059000E+005  0.178702397040514E+001 
     21.94000000 -0.233312350058957E+005  0.178702397467737E+001 
     21.96000000 -0.233312350058914E+005  0.178702397896507E+001 
     21.98000000 -0.233312350058872E+005  0.178702398322183E+001 
     22.00000000 -0.233312350058829E+005  0.178702398747859E+001 
     22.02000000 -0.233312350058787E+005  0.178702399172298E+001 
     22.04000000 -0.233312350058744E+005  0.178702399593952E+001 
     22.06000000 -0.233312350058702E+005  0.178702400013750E+001 
     22.08000000 -0.233312350058660E+005  0.178702400433858E+001 
     22.10000000 -0.233312350058619E+005  0.178702400852110E+001 
     22.12000000 -0.233312350058577E+005  0.178702401267268E+001 
     22.14000000 -0.233312350058536E+005  0.178702401682425E+001 
     22.16000000 -0.233312350058494E+005  0.178702402097274E+001 
     22.18000000 -0.233312350058453E+005  0.178702402508101E+001 
     22.20000000 -0.233312350058412E+005  0.178702402918619E+001 
     22.22000000 -0.233312350058371E+005  0.178702403329445E+001 
     22.24000000 -0.233312350058330E+005  0.178702403739344E+001 
     22.26000000 -0.233312350058289E+005  0.178702404146150E+001 
     22.28000000 -0.233312350058248E+005  0.178702404554502E+001 
     22.30000000 -0.233312350058208E+005  0.178702404961307E+001 
     22.32000000 -0.233312350058167E+005  0.178702405367494E+001 
     22.34000000 -0.233312350058127E+005  0.178702405772133E+001 
     22.36000000 -0.233312350058086E+005  0.178702406176154E+001 
     22.38000000 -0.233312350058046E+005  0.178702406578010E+001 
     22.40000000 -0.233312350058006E+005  0.178702406980794E+001 
     22.42000000 -0.233312350057966E+005  0.178702407381412E+001 
     22.44000000 -0.233312350057926E+005  0.178702407780792E+001 
     22.46000000 -0.233312350057886E+005  0.178702408178626E+001 
     22.48000000 -0.233312350057846E+005  0.178702408575842E+001 
     22.50000000 -0.233312350057807E+005  0.178702408972129E+001 
     22.52000000 -0.233312350057767E+005  0.178702409366560E+001 
     22.54000000 -0.233312350057728E+005  0.178702409760063E+001 
     22.56000000 -0.233312350057688E+005  0.178702410153875E+001 
     22.58000000 -0.233312350057649E+005  0.178702410546140E+001 
     22.60000000 -0.233312350057610E+005  0.178702410939643E+001 
     22.62000000 -0.233312350057571E+005  0.178702411329743E+001 
     22.64000000 -0.233312350057532E+005  0.178702411722318E+001 
     22.66000000 -0.233312350057492E+005  0.178702412115821E+001 
     22.68000000 -0.233312350057453E+005  0.178702412509015E+001 
     22.70000000 -0.233312350057414E+005  0.178702412900971E+001 
     22.72000000 -0.233312350057374E+005  0.178702413296948E+001 
     22.74000000 -0.233312350057334E+005  0.178702413694164E+001 
     22.76000000 -0.233312350057295E+005  0.178702414090451E+001 
     22.78000000 -0.233312350057255E+005  0.178702414491688E+001 
     22.80000000 -0.233312350057215E+005  0.178702414891996E+001 
     22.82000000 -0.233312350057174E+005  0.178702415294780E+001 
     22.84000000 -0.233312350057134E+005  0.178702415698801E+001 
     22.86000000 -0.233312350057093E+005  0.178702416104060E+001 
     22.88000000 -0.233312350057053E+005  0.178702416511793E+001 
     22.90000000 -0.233312350057012E+005  0.178702416919526E+001 
     22.92000000 -0.233312350056971E+005  0.178702417329425E+001 
     22.94000000 -0.233312350056930E+005  0.178702417739324E+001 
     22.96000000 -0.233312350056889E+005  0.178702418150770E+001 
     22.98000000 -0.233312350056848E+005  0.178702418562525E+001 
     23.00000000 -0.233312350056806E+005  0.178702418975517E+001 
     23.02000000 -0.233312350056765E+005  0.178702419385725E+001 
     23.04000000 -0.233312350056724E+005  0.178702419799646E+001 
     23.06000000 -0.233312350056683E+005  0.178702420212638E+001 
     23.08000000 -0.233312350056641E+005  0.178702420625321E+001 
     23.10000000 -0.233312350056600E+005  0.178702421037695E+001 
     23.12000000 -0.233312350056559E+005  0.178702421451306E+001 
     23.14000000 -0.233312350056517E+005  0.178702421863061E+001 
     23.16000000 -0.233312350056476E+005  0.178702422276363E+001 
     23.18000000 -0.233312350056435E+005  0.178702422689974E+001 
     23.20000000 -0.233312350056394E+005  0.178702423102967E+001 
     23.22000000 -0.233312350056352E+005  0.178702423516268E+001 
     23.24000000 -0.233312350056311E+005  0.178702423929880E+001 
     23.26000000 -0.233312350056269E+005  0.178702424344728E+001 
     23.28000000 -0.233312350056228E+005  0.178702424758649E+001 
     23.30000000 -0.233312350056187E+005  0.178702425172569E+001 
     23.32000000 -0.233312350056145E+005  0.178702425585871E+001 
     23.34000000 -0.233312350056104E+005  0.178702425999173E+001 
     23.36000000 -0.233312350056063E+005  0.178702426411237E+001 
     23.38000000 -0.233312350056022E+005  0.178702426822683E+001 
     23.40000000 -0.233312350055980E+005  0.178702427233510E+001 
     23.42000000 -0.233312350055939E+005  0.178702427644337E+001 
     23.44000000 -0.233312350055899E+005  0.178702428048667E+001 
     23.46000000 -0.233312350055858E+005  0.178702428455472E+001 
     23.48000000 -0.233312350055818E+005  0.178702428858565E+001 
     23.50000000 -0.233312350055778E+005  0.178702429262277E+001 
     23.52000000 -0.233312350055738E+005  0.178702429661348E+001 
     23.54000000 -0.233312350055698E+005  0.178702430060420E+001 
     23.56000000 -0.233312350055658E+005  0.178702430459182E+001 
     23.58000000 -0.233312350055618E+005  0.178702430855469E+001 
     23.60000000 -0.233312350055579E+005  0.178702431251447E+001 
     23.62000000 -0.233312350055539E+005  0.178702431646187E+001 
     23.64000000 -0.233312350055500E+005  0.178702432040927E+001 
     23.66000000 -0.233312350055460E+005  0.178702432435668E+001 
     23.68000000 -0.233312350055421E+005  0.178702432831645E+001 
     23.70000000 -0.233312350055381E+005  0.178702433228861E+001 
     23.72000000 -0.233312350055341E+005  0.178702433624838E+001 
     23.74000000 -0.233312350055301E+005  0.178702434023910E+001 
     23.76000000 -0.233312350055262E+005  0.178702434422981E+001 
     23.78000000 -0.233312350055222E+005  0.178702434822671E+001 
     23.80000000 -0.233312350055181E+005  0.178702435224217E+001 
     23.82000000 -0.233312350055141E+005  0.178702435626692E+001 
     23.84000000 -0.233312350055101E+005  0.178702436027928E+001 
     23.86000000 -0.233312350055061E+005  0.178702436431950E+001 
     23.88000000 -0.233312350055020E+005  0.178702436837208E+001 
     23.90000000 -0.233312350054980E+005  0.178702437240610E+001 
     23.92000000 -0.233312350054939E+005  0.178702437644631E+001 
     23.94000000 -0.233312350054899E+005  0.178702438049581E+001 
     23.96000000 -0.233312350054859E+005  0.178702438453292E+001 
     23.98000000 -0.233312350054818E+005  0.178702438856695E+001 
     24.00000000 -0.233312350054778E+005  0.178702439258860E+001 
     24.02000000 -0.233312350054738E+005  0.178702439660096E+001 
     24.04000000 -0.233312350054698E+005  0.178702440060096E+001 
     24.06000000 -0.233312350054658E+005  0.178702440461642E+001 
     24.08000000 -0.233312350054618E+005  0.178702440861332E+001 
     24.10000000 -0.233312350054578E+005  0.178702441260713E+001 
     24.12000000 -0.233312350054538E+005  0.178702441660093E+001 
     24.14000000 -0.233312350054498E+005  0.178702442059165E+001 
     24.16000000 -0.233312350054458E+005  0.178702442458855E+001 
     24.18000000 -0.233312350054418E+005  0.178702442856998E+001 
     24.20000000 -0.233312350054378E+005  0.178702443258854E+001 
     24.22000000 -0.233312350054338E+005  0.178702443660709E+001 
     24.24000000 -0.233312350054297E+005  0.178702444064730E+001 
     24.26000000 -0.233312350054257E+005  0.178702444468442E+001 
     24.28000000 -0.233312350054216E+005  0.178702444876175E+001 
     24.30000000 -0.233312350054176E+005  0.178702445282671E+001 
     24.32000000 -0.233312350054135E+005  0.178702445692880E+001 
     24.34000000 -0.233312350054093E+005  0.178702446105253E+001 
     24.36000000 -0.233312350054052E+005  0.178702446518246E+001 
     24.38000000 -0.233312350054010E+005  0.178702446934641E+001 
     24.40000000 -0.233312350053969E+005  0.178702447351036E+001 
     24.42000000 -0.233312350053927E+005  0.178702447769907E+001 
     24.44000000 -0.233312350053885E+005  0.178702448190014E+001 
     24.46000000 -0.233312350053843E+005  0.178702448611359E+001 
     24.48000000 -0.233312350053800E+005  0.178702449033323E+001 
     24.50000000 -0.233312350053758E+005  0.178702449456834E+001 
     24.52000000 -0.233312350053716E+005  0.178702449882201E+001 
     24.54000000 -0.233312350053673E+005  0.178702450306021E+001 
     24.56000000 -0.233312350053631E+005  0.178702450729841E+001 
     24.58000000 -0.233312350053588E+005  0.178702451153660E+001 
     24.60000000 -0.233312350053546E+005  0.178702451577171E+001 
     24.62000000 -0.233312350053504E+005  0.178702451999444E+001 
     24.64000000 -0.233312350053462E+005  0.178702452419552E+001 
     24.66000000 -0.233312350053420E+005  0.178702452840278E+001 
     24.68000000 -0.233312350053378E+005  0.178702453258530E+001 
     24.70000000 -0.233312350053337E+005  0.178702453673069E+001 
     24.72000000 -0.233312350053295E+005  0.178702454087608E+001 
     24.74000000 -0.233312350053254E+005  0.178702454500291E+001 
     24.76000000 -0.233312350053213E+005  0.178702454907715E+001 
     24.78000000 -0.233312350053173E+005  0.178702455312664E+001 
     24.80000000 -0.233312350053132E+005  0.178702455714829E+001 
     24.82000000 -0.233312350053092E+005  0.178702456115757E+001 
     24.84000000 -0.233312350053053E+005  0.178702456512353E+001 
     24.86000000 -0.233312350053013E+005  0.178702456904619E+001 
     24.88000000 -0.233312350052974E+005  0.178702457293791E+001 
     24.90000000 -0.233312350052936E+005  0.178702457680178E+001 
     24.92000000 -0.233312350052897E+005  0.178702458064710E+001 
     24.94000000 -0.233312350052859E+005  0.178702458443982E+001 
     24.96000000 -0.233312350052822E+005  0.178702458821399E+001 
     24.98000000 -0.233312350052784E+005  0.178702459197887E+001 
     25.00000000 -0.233312350052747E+005  0.178702459571282E+001 
     25.02000000 -0.233312350052709E+005  0.178702459943439E+001 
     25.04000000 -0.233312350052672E+005  0.178702460313740E+001 
     25.06000000 -0.233312350052636E+005  0.178702460683113E+001 
     25.08000000 -0.233312350052599E+005  0.178702461050630E+001 
     25.10000000 -0.233312350052562E+005  0.178702461418765E+001 
     25.12000000 -0.233312350052525E+005  0.178702461786282E+001 
     25.14000000 -0.233312350052488E+005  0.178702462153490E+001 
     25.16000000 -0.233312350052452E+005  0.178702462520697E+001 
     25.18000000 -0.233312350052415E+005  0.178702462890380E+001 
     25.20000000 -0.233312350052378E+005  0.178702463260062E+001 
     25.22000000 -0.233312350052341E+005  0.178702463629435E+001 
     25.24000000 -0.233312350052304E+005  0.178702464001902E+001 
     25.26000000 -0.233312350052266E+005  0.178702464374368E+001 
     25.28000000 -0.233312350052229E+005  0.178702464748691E+001 
     25.30000000 -0.233312350052191E+005  0.178702465127345E+001 
     25.32000000 -0.233312350052153E+005  0.178702465505380E+001 
     25.34000000 -0.233312350052115E+005  0.178702465886508E+001 
     25.36000000 -0.233312350052077E+005  0.178702466267328E+001 
     25.38000000 -0.233312350052039E+005  0.178702466650003E+001 
     25.40000000 -0.233312350052000E+005  0.178702467035463E+001 
     25.42000000 -0.233312350051962E+005  0.178702467422778E+001 
     25.44000000 -0.233312350051923E+005  0.178702467810713E+001 
     25.46000000 -0.233312350051884E+005  0.178702468201741E+001 
     25.48000000 -0.233312350051845E+005  0.178702468592150E+001 
     25.50000000 -0.233312350051805E+005  0.178702468985034E+001 
     25.52000000 -0.233312350051766E+005  0.178702469377919E+001 
     25.54000000 -0.233312350051726E+005  0.178702469773278E+001 
     25.56000000 -0.233312350051687E+005  0.178702470169255E+001 
     25.58000000 -0.233312350051647E+005  0.178702470567089E+001 
     25.60000000 -0.233312350051607E+005  0.178702470967398E+001 
     25.62000000 -0.233312350051567E+005  0.178702471368944E+001 
     25.64000000 -0.233312350051527E+005  0.178702471771728E+001 
     25.66000000 -0.233312350051486E+005  0.178702472178843E+001 
     25.68000000 -0.233312350051445E+005  0.178702472587813E+001 
     25.70000000 -0.233312350051404E+005  0.178702473001424E+001 
     25.72000000 -0.233312350051362E+005  0.178702473416273E+001 
     25.74000000 -0.233312350051320E+005  0.178702473834525E+001 
     25.76000000 -0.233312350051278E+005  0.178702474256179E+001 
     25.78000000 -0.233312350051236E+005  0.178702474681546E+001 
     25.80000000 -0.233312350051193E+005  0.178702475110934E+001 
     25.82000000 -0.233312350051149E+005  0.178702475543416E+001 
     25.84000000 -0.233312350051106E+005  0.178702475979610E+001 
     25.86000000 -0.233312350051062E+005  0.178702476417042E+001 
     25.88000000 -0.233312350051018E+005  0.178702476858805E+001 
     25.90000000 -0.233312350050974E+005  0.178702477301496E+001 
     25.92000000 -0.233312350050929E+005  0.178702477748517E+001 
     25.94000000 -0.233312350050884E+005  0.178702478195849E+001 
     25.96000000 -0.233312350050839E+005  0.178702478645345E+001 
     25.98000000 -0.233312350050794E+005  0.178702479093604E+001 
     26.00000000 -0.233312350050749E+005  0.178702479544648E+001 
     26.02000000 -0.233312350050704E+005  0.178702479996310E+001 
     26.04000000 -0.233312350050659E+005  0.178702480449828E+001 
     26.06000000 -0.233312350050614E+005  0.178702480900253E+001 
     26.08000000 -0.233312350050568E+005  0.178702481353152E+001 
     26.10000000 -0.233312350050523E+005  0.178702481806052E+001 
     26.12000000 -0.233312350050478E+005  0.178702482259570E+001 
     26.14000000 -0.233312350050433E+005  0.178702482711233E+001 
     26.16000000 -0.233312350050387E+005  0.178702483164132E+001 
     26.18000000 -0.233312350050342E+005  0.178702483617032E+001 
     26.20000000 -0.233312350050297E+005  0.178702484069313E+001 
     26.22000000 -0.233312350050252E+005  0.178702484522212E+001 
     26.24000000 -0.233312350050206E+005  0.178702484976040E+001 
     26.26000000 -0.233312350050161E+005  0.178702485427393E+001 
     26.28000000 -0.233312350050116E+005  0.178702485878436E+001 
     26.30000000 -0.233312350050071E+005  0.178702486331335E+001 
     26.32000000 -0.233312350050026E+005  0.178702486781760E+001 
     26.34000000 -0.233312350049981E+005  0.178702487232185E+001 
     26.36000000 -0.233312350049936E+005  0.178702487680135E+001 
     26.38000000 -0.233312350049891E+005  0.178702488126538E+001 
     26.40000000 -0.233312350049846E+005  0.178702488574178E+001 
     26.42000000 -0.233312350049802E+005  0.178702489020272E+001 
     26.44000000 -0.233312350049757E+005  0.178702489463891E+001 
     26.46000000 -0.233312350049713E+005  0.178702489906272E+001 
     26.48000000 -0.233312350049669E+005  0.178702490346798E+001 
     26.50000000 -0.233312350049625E+005  0.178702490785467E+001 
     26.52000000 -0.233312350049581E+005  0.178702491223517E+001 
     26.54000000 -0.233312350049538E+005  0.178702491659402E+001 
     26.56000000 -0.233312350049495E+005  0.178702492090956E+001 
     26.58000000 -0.233312350049452E+005  0.178702492521891E+001 
     26.60000000 -0.233312350049409E+005  0.178702492950970E+001 
     26.62000000 -0.233312350049366E+005  0.178702493376956E+001 
     26.64000000 -0.233312350049324E+005  0.178702493799847E+001 
     26.66000000 -0.233312350049282E+005  0.178702494218408E+001 
     26.68000000 -0.233312350049240E+005  0.178702494635422E+001 
     26.70000000 -0.233312350049199E+005  0.178702495049034E+001 
     26.72000000 -0.233312350049158E+005  0.178702495456767E+001 
     26.74000000 -0.233312350049117E+005  0.178702495866047E+001 
     26.76000000 -0.233312350049077E+005  0.178702496269140E+001 
     26.78000000 -0.233312350049037E+005  0.178702496665737E+001 
     26.80000000 -0.233312350048998E+005  0.178702497062952E+001 
     26.82000000 -0.233312350048958E+005  0.178702497454598E+001 
     26.84000000 -0.233312350048920E+005  0.178702497842533E+001 
     26.86000000 -0.233312350048881E+005  0.178702498230158E+001 
     26.88000000 -0.233312350048843E+005  0.178702498611596E+001 
     26.90000000 -0.233312350048805E+005  0.178702498992106E+001 
     26.92000000 -0.233312350048767E+005  0.178702499368285E+001 
     26.94000000 -0.233312350048729E+005  0.178702499744773E+001 
     26.96000000 -0.233312350048692E+005  0.178702500117549E+001 
     26.98000000 -0.233312350048655E+005  0.178702500488778E+001 
     27.00000000 -0.233312350048618E+005  0.178702500858151E+001 
     27.02000000 -0.233312350048581E+005  0.178702501228143E+001 
     27.04000000 -0.233312350048544E+005  0.178702501596897E+001 
     27.06000000 -0.233312350048507E+005  0.178702501964414E+001 
     27.08000000 -0.233312350048471E+005  0.178702502331931E+001 
     27.10000000 -0.233312350048434E+005  0.178702502700067E+001 
     27.12000000 -0.233312350048397E+005  0.178702503068821E+001 
     27.14000000 -0.233312350048360E+005  0.178702503436338E+001 
     27.16000000 -0.233312350048323E+005  0.178702503803855E+001 
     27.18000000 -0.233312350048287E+005  0.178702504171990E+001 
     27.20000000 -0.233312350048250E+005  0.178702504540435E+001 
     27.22000000 -0.233312350048213E+005  0.178702504908261E+001 
     27.24000000 -0.233312350048176E+005  0.178702505277016E+001 
     27.26000000 -0.233312350048139E+005  0.178702505645151E+001 
     27.28000000 -0.233312350048102E+005  0.178702506013287E+001 
     27.30000000 -0.233312350048066E+005  0.178702506381422E+001 
     27.32000000 -0.233312350048029E+005  0.178702506747702E+001 
     27.34000000 -0.233312350047992E+005  0.178702507115219E+001 
     27.36000000 -0.233312350047955E+005  0.178702507483354E+001 
     27.38000000 -0.233312350047919E+005  0.178702507848396E+001 
     27.40000000 -0.233312350047882E+005  0.178702508214676E+001 
     27.42000000 -0.233312350047846E+005  0.178702508580955E+001 
     27.44000000 -0.233312350047809E+005  0.178702508948472E+001 
     27.46000000 -0.233312350047772E+005  0.178702509315989E+001 
     27.48000000 -0.233312350047735E+005  0.178702509685052E+001 
     27.50000000 -0.233312350047698E+005  0.178702510054735E+001 
     27.52000000 -0.233312350047661E+005  0.178702510427201E+001 
     27.54000000 -0.233312350047624E+005  0.178702510800905E+001 
     27.56000000 -0.233312350047586E+005  0.178702511176156E+001 
     27.58000000 -0.233312350047548E+005  0.178702511555119E+001 
     27.60000000 -0.233312350047510E+005  0.178702511936557E+001 
     27.62000000 -0.233312350047472E+005  0.178702512317995E+001 
     27.64000000 -0.233312350047433E+005  0.178702512705930E+001 
     27.66000000 -0.233312350047394E+005  0.178702513095102E+001 
     27.68000000 -0.233312350047355E+005  0.178702513487367E+001 
     27.70000000 -0.233312350047316E+005  0.178702513881489E+001 
     27.72000000 -0.233312350047276E+005  0.178702514281179E+001 
     27.74000000 -0.233312350047236E+005  0.178702514679631E+001 
     27.76000000 -0.233312350047196E+005  0.178702515081796E+001 
     27.78000000 -0.233312350047155E+005  0.178702515487674E+001 
     27.80000000 -0.233312350047114E+005  0.178702515894788E+001 
     27.82000000 -0.233312350047073E+005  0.178702516303759E+001 
     27.84000000 -0.233312350047032E+005  0.178702516715205E+001 
     27.86000000 -0.233312350046991E+005  0.178702517125722E+001 
     27.88000000 -0.233312350046950E+005  0.178702517536859E+001 
     27.90000000 -0.233312350046909E+005  0.178702517947995E+001 
     27.92000000 -0.233312350046868E+005  0.178702518359750E+001 
     27.94000000 -0.233312350046827E+005  0.178702518769649E+001 
     27.96000000 -0.233312350046786E+005  0.178702519181094E+001 
     27.98000000 -0.233312350046745E+005  0.178702519588828E+001 
     28.00000000 -0.233312350046704E+005  0.178702519994396E+001 
     28.02000000 -0.233312350046664E+005  0.178702520399035E+001 
     28.04000000 -0.233312350046624E+005  0.178702520801200E+001 
     28.06000000 -0.233312350046584E+005  0.178702521202128E+001 
     28.08000000 -0.233312350046544E+005  0.178702521597796E+001 
     28.10000000 -0.233312350046504E+005  0.178702521994393E+001 
     28.12000000 -0.233312350046465E+005  0.178702522386658E+001 
     28.14000000 -0.233312350046426E+005  0.178702522777067E+001 
     28.16000000 -0.233312350046387E+005  0.178702523167167E+001 
     28.18000000 -0.233312350046348E+005  0.178702523555102E+001 
     28.20000000 -0.233312350046310E+005  0.178702523942418E+001 
     28.22000000 -0.233312350046271E+005  0.178702524327877E+001 
     28.24000000 -0.233312350046233E+005  0.178702524713027E+001 
     28.26000000 -0.233312350046194E+005  0.178702525098796E+001 
     28.28000000 -0.233312350046155E+005  0.178702525485803E+001 
     28.30000000 -0.233312350046116E+005  0.178702525875903E+001 
     28.32000000 -0.233312350046077E+005  0.178702526265693E+001 
     28.34000000 -0.233312350046038E+005  0.178702526657650E+001 
     28.36000000 -0.233312350045999E+005  0.178702527051462E+001 
     28.38000000 -0.233312350045959E+005  0.178702527449914E+001 
     28.40000000 -0.233312350045919E+005  0.178702527852079E+001 
     28.42000000 -0.233312350045878E+005  0.178702528253626E+001 
     28.44000000 -0.233312350045838E+005  0.178702528660740E+001 
     28.46000000 -0.233312350045797E+005  0.178702529070330E+001 
     28.48000000 -0.233312350045756E+005  0.178702529482394E+001 
     28.50000000 -0.233312350045714E+005  0.178702529897243E+001 
     28.52000000 -0.233312350045672E+005  0.178702530313947E+001 
     28.54000000 -0.233312350045631E+005  0.178702530731890E+001 
     28.56000000 -0.233312350045589E+005  0.178702531151997E+001 
     28.58000000 -0.233312350045547E+005  0.178702531572414E+001 
     28.60000000 -0.233312350045504E+005  0.178702531994997E+001 
     28.62000000 -0.233312350045462E+005  0.178702532417579E+001 
     28.64000000 -0.233312350045420E+005  0.178702532839543E+001 
     28.66000000 -0.233312350045378E+005  0.178702533262126E+001 
     28.68000000 -0.233312350045336E+005  0.178702533681305E+001 
     28.70000000 -0.233312350045294E+005  0.178702534100175E+001 
     28.72000000 -0.233312350045252E+005  0.178702534522449E+001 
     28.74000000 -0.233312350045210E+005  0.178702534941319E+001 
     28.76000000 -0.233312350045168E+005  0.178702535358333E+001 
     28.78000000 -0.233312350045126E+005  0.178702535774110E+001 
     28.80000000 -0.233312350045085E+005  0.178702536190505E+001 
     28.82000000 -0.233312350045043E+005  0.178702536606282E+001 
     28.84000000 -0.233312350045002E+005  0.178702537022058E+001 
     28.86000000 -0.233312350044960E+005  0.178702537435051E+001 
     28.88000000 -0.233312350044919E+005  0.178702537848662E+001 
     28.90000000 -0.233312350044877E+005  0.178702538264439E+001 
     28.92000000 -0.233312350044836E+005  0.178702538678359E+001 
     28.94000000 -0.233312350044794E+005  0.178702539094136E+001 
     28.96000000 -0.233312350044753E+005  0.178702539511150E+001 
     28.98000000 -0.233312350044711E+005  0.178702539925070E+001 
     29.00000000 -0.233312350044670E+005  0.178702540341466E+001 
     29.02000000 -0.233312350044628E+005  0.178702540759098E+001 
     29.04000000 -0.233312350044586E+005  0.178702541174875E+001 
     29.06000000 -0.233312350044545E+005  0.178702541591889E+001 
     29.08000000 -0.233312350044503E+005  0.178702542009831E+001 
     29.10000000 -0.233312350044461E+005  0.178702542424989E+001 
     29.12000000 -0.233312350044420E+005  0.178702542840457E+001 
     29.14000000 -0.233312350044378E+005  0.178702543254996E+001 
     29.16000000 -0.233312350044337E+005  0.178702543667679E+001 
     29.18000000 -0.233312350044296E+005  0.178702544080362E+001 
     29.20000000 -0.233312350044255E+005  0.178702544490261E+001 
     29.22000000 -0.233312350044214E+005  0.178702544900778E+001 
     29.24000000 -0.233312350044173E+005  0.178702545306037E+001 
     29.26000000 -0.233312350044133E+005  0.178702545710058E+001 
     29.28000000 -0.233312350044093E+005  0.178702546110367E+001 
     29.30000000 -0.233312350044053E+005  0.178702546508819E+001 
     29.32000000 -0.233312350044013E+005  0.178702546903560E+001 
     29.34000000 -0.233312350043974E+005  0.178702547295207E+001 
     29.36000000 -0.233312350043935E+005  0.178702547684997E+001 
     29.38000000 -0.233312350043897E+005  0.178702548070766E+001 
     29.40000000 -0.233312350043858E+005  0.178702548454060E+001 
     29.42000000 -0.233312350043821E+005  0.178702548833023E+001 
     29.44000000 -0.233312350043783E+005  0.178702549208893E+001 
     29.46000000 -0.233312350043745E+005  0.178702549584762E+001 
     29.48000000 -0.233312350043708E+005  0.178702549958157E+001 
     29.50000000 -0.233312350043671E+005  0.178702550326911E+001 
     29.52000000 -0.233312350043634E+005  0.178702550694119E+001 
     29.54000000 -0.233312350043598E+005  0.178702551061945E+001 
     29.56000000 -0.233312350043561E+005  0.178702551427606E+001 
     29.58000000 -0.233312350043524E+005  0.178702551793267E+001 
     29.60000000 -0.233312350043488E+005  0.178702552157071E+001 
     29.62000000 -0.233312350043452E+005  0.178702552520566E+001 
     29.64000000 -0.233312350043415E+005  0.178702552885918E+001 
     29.66000000 -0.233312350043378E+005  0.178702553253435E+001 
     29.68000000 -0.233312350043342E+005  0.178702553619095E+001 
     29.70000000 -0.233312350043305E+005  0.178702553987231E+001 
     29.72000000 -0.233312350043268E+005  0.178702554355985E+001 
     29.74000000 -0.233312350043231E+005  0.178702554727214E+001 
     29.76000000 -0.233312350043194E+005  0.178702555100918E+001 
     29.78000000 -0.233312350043156E+005  0.178702555475241E+001 
     29.80000000 -0.233312350043119E+005  0.178702555852039E+001 
     29.82000000 -0.233312350043081E+005  0.178702556230074E+001 
     29.84000000 -0.233312350043043E+005  0.178702556610584E+001 
     29.86000000 -0.233312350043004E+005  0.178702556993568E+001 
     29.88000000 -0.233312350042966E+005  0.178702557378409E+001 
     29.90000000 -0.233312350042927E+005  0.178702557765725E+001 
     29.92000000 -0.233312350042888E+005  0.178702558154897E+001 
     29.94000000 -0.233312350042849E+005  0.178702558547472E+001 
     29.96000000 -0.233312350042810E+005  0.178702558941903E+001 
     29.98000000 -0.233312350042770E+005  0.178702559337880E+001 
     30.00000000 -0.233312350042730E+005  0.178702559737570E+001 
