# Real time calculation: 
# Eall: Total energy
# Eall0: Initial total energy
# 1:Time[fs] 2:Eall[eV] 3:Eall-Eall0[eV] 
      0.00000000 -0.233523234061446E+005  0.000000000000000E+000 
      0.02000000 -0.233523234061721E+005 -0.274895191471728E-007 
      0.04000000 -0.233523234061697E+005 -0.250641553151468E-007 
      0.06000000 -0.233523234061550E+005 -0.103511063545398E-007 
      0.08000000 -0.233523234061019E+005  0.427006338947137E-007 
      0.10000000 -0.233523234059584E+005  0.186288978618552E-006 
      0.12000000 -0.233523234056345E+005  0.510105985957193E-006 
      0.14000000 -0.233523234049912E+005  0.115348942677580E-005 
      0.16000000 -0.233523234038268E+005  0.231780637065885E-005 
      0.18000000 -0.233523234018659E+005  0.427874705819140E-005 
      0.20000000 -0.233523233987465E+005  0.739810833314801E-005 
      0.22000000 -0.233523233940096E+005  0.121350233245212E-004 
      0.24000000 -0.233523233870886E+005  0.190560031952445E-004 
      0.26000000 -0.233523233773013E+005  0.288433052661276E-004 
      0.28000000 -0.233523233638428E+005  0.423018100360086E-004 
      0.30000000 -0.233523233457810E+005  0.603636491719225E-004 
      0.32000000 -0.233523233220539E+005  0.840907638967149E-004 
      0.34000000 -0.233523232914694E+005  0.114675248376013E-003 
      0.36000000 -0.233523232527071E+005  0.153437567818270E-003 
      0.38000000 -0.233523232043221E+005  0.201822536825547E-003 
      0.40000000 -0.233523231447516E+005  0.261393073462939E-003 
      0.42000000 -0.233523230723223E+005  0.333822316826115E-003 
      0.44000000 -0.233523229852604E+005  0.420884253505080E-003 
      0.46000000 -0.233523228817018E+005  0.524442806540510E-003 
      0.48000000 -0.233523227597050E+005  0.646439621984452E-003 
      0.50000000 -0.233523226172638E+005  0.788880819112963E-003 
      0.52000000 -0.233523224523217E+005  0.953822927028174E-003 
      0.54000000 -0.233523222627864E+005  0.114335821801298E-002 
      0.56000000 -0.233523220465453E+005  0.135959938814110E-002 
      0.58000000 -0.233523218014809E+005  0.160466373672784E-002 
      0.60000000 -0.233523215254878E+005  0.188065684462140E-002 
      0.62000000 -0.233523212164881E+005  0.218965655566473E-002 
      0.64000000 -0.233523208724469E+005  0.253369773155143E-002 
      0.66000000 -0.233523204913867E+005  0.291475796569036E-002 
      0.68000000 -0.233523200714001E+005  0.333474457781076E-002 
      0.70000000 -0.233523196106617E+005  0.379548295736670E-002 
      0.72000000 -0.233523191074377E+005  0.429870696107621E-002 
      0.74000000 -0.233523185600939E+005  0.484605075825411E-002 
      0.76000000 -0.233523179671018E+005  0.543904287567758E-002 
      0.78000000 -0.233523173270422E+005  0.607910242651665E-002 
      0.80000000 -0.233523166386080E+005  0.676753666640890E-002 
      0.82000000 -0.233523159006050E+005  0.750553961991157E-002 
      0.84000000 -0.233523151119521E+005  0.829419250432155E-002 
      0.86000000 -0.233523142716784E+005  0.913446622000425E-002 
      0.88000000 -0.233523133789189E+005  0.100272257216170E-001 
      0.90000000 -0.233523124329089E+005  0.109732357597867E-001 
      0.92000000 -0.233523114329762E+005  0.119731684603717E-001 
      0.94000000 -0.233523103785321E+005  0.130276125835357E-001 
      0.96000000 -0.233523092690605E+005  0.141370841347149E-001 
      0.98000000 -0.233523081041067E+005  0.153020379809964E-001 
      1.00000000 -0.233523068832639E+005  0.165228807853613E-001 
      1.02000000 -0.233523056061603E+005  0.177999843090627E-001 
      1.04000000 -0.233523042724458E+005  0.191336988439342E-001 
      1.06000000 -0.233523028817781E+005  0.205243665302354E-001 
      1.08000000 -0.233523014338102E+005  0.219723344672292E-001 
      1.10000000 -0.233522999281781E+005  0.234779665213618E-001 
      1.12000000 -0.233522983644896E+005  0.250416550230753E-001 
      1.14000000 -0.233522967423134E+005  0.266638312447504E-001 
      1.16000000 -0.233522950611700E+005  0.283449746071895E-001 
      1.18000000 -0.233522933205240E+005  0.300856206486695E-001 
      1.20000000 -0.233522915197759E+005  0.318863687217595E-001 
      1.22000000 -0.233522896582561E+005  0.337478885486091E-001 
      1.24000000 -0.233522877352198E+005  0.356709248025348E-001 
      1.26000000 -0.233522857498445E+005  0.376563001149764E-001 
      1.28000000 -0.233522837012279E+005  0.397049167119987E-001 
      1.30000000 -0.233522815883885E+005  0.418177561451504E-001 
      1.32000000 -0.233522794102665E+005  0.439958781220921E-001 
      1.34000000 -0.233522771657273E+005  0.462404173944590E-001 
      1.36000000 -0.233522748535646E+005  0.485525800950660E-001 
      1.38000000 -0.233522724725065E+005  0.509336381570962E-001 
      1.40000000 -0.233522700212223E+005  0.533849223906774E-001 
      1.42000000 -0.233522674983306E+005  0.559078140807284E-001 
      1.44000000 -0.233522649024086E+005  0.585037360558043E-001 
      1.46000000 -0.233522622320028E+005  0.611741418884218E-001 
      1.48000000 -0.233522594856407E+005  0.639205039538543E-001 
      1.50000000 -0.233522566618442E+005  0.667443004123630E-001 
      1.52000000 -0.233522537591431E+005  0.696470015448703E-001 
      1.54000000 -0.233522507760892E+005  0.726300554266075E-001 
      1.56000000 -0.233522477112708E+005  0.756948738884662E-001 
      1.58000000 -0.233522445633257E+005  0.788428189516653E-001 
      1.60000000 -0.233522413309556E+005  0.820751890891794E-001 
      1.62000000 -0.233522380129401E+005  0.853932045312506E-001 
      1.64000000 -0.233522346081524E+005  0.887979922058594E-001 
      1.66000000 -0.233522311155737E+005  0.922905709699915E-001 
      1.68000000 -0.233522275343067E+005  0.958718379607784E-001 
      1.70000000 -0.233522238635889E+005  0.995425557014721E-001 
      1.72000000 -0.233522201028051E+005  0.103303339547712E+000 
      1.74000000 -0.233522162514990E+005  0.107154645604016E+000 
      1.76000000 -0.233522123093850E+005  0.111096759664245E+000 
      1.78000000 -0.233522082763569E+005  0.115129787701949E+000 
      1.80000000 -0.233522041524974E+005  0.119253647245477E+000 
      1.82000000 -0.233521999380849E+005  0.123468059702813E+000 
      1.84000000 -0.233521956335998E+005  0.127772544895231E+000 
      1.86000000 -0.233521912397265E+005  0.132166418158605E+000 
      1.88000000 -0.233521867573563E+005  0.136648788391372E+000 
      1.90000000 -0.233521821875867E+005  0.141218557896753E+000 
      1.92000000 -0.233521775317208E+005  0.145874423802710E+000 
      1.94000000 -0.233521727912639E+005  0.150614880710041E+000 
      1.96000000 -0.233521679679207E+005  0.155438223937546E+000 
      1.98000000 -0.233521630635896E+005  0.160342555037873E+000 
      2.00000000 -0.233521580803551E+005  0.165325789587143E+000 
      2.02000000 -0.233521530204786E+005  0.170385666054231E+000 
      2.04000000 -0.233521478863884E+005  0.175519756219934E+000 
      2.06000000 -0.233521426806676E+005  0.180725477056304E+000 
      2.08000000 -0.233521374060404E+005  0.186000104279603E+000 
      2.10000000 -0.233521320653586E+005  0.191340786088879E+000 
      2.12000000 -0.233521266615874E+005  0.196744557210799E+000 
      2.14000000 -0.233521211977913E+005  0.202208353355933E+000 
      2.16000000 -0.233521156771190E+005  0.207729025637915E+000 
      2.18000000 -0.233521101027889E+005  0.213303355769086E+000 
      2.20000000 -0.233521044780738E+005  0.218928070888007E+000 
      2.22000000 -0.233520988062868E+005  0.224599857864159E+000 
      2.24000000 -0.233520930907678E+005  0.230315376832332E+000 
      2.26000000 -0.233520873348713E+005  0.236071273307079E+000 
      2.28000000 -0.233520815419546E+005  0.241864190074414E+000 
      2.30000000 -0.233520757153673E+005  0.247690777394436E+000 
      2.32000000 -0.233520698584423E+005  0.253547702356295E+000 
      2.34000000 -0.233520639744873E+005  0.259431657366973E+000 
      2.36000000 -0.233520580667770E+005  0.265339367600609E+000 
      2.38000000 -0.233520521385479E+005  0.271267596709249E+000 
      2.40000000 -0.233520461929933E+005  0.277213151333270E+000 
      2.42000000 -0.233520402332600E+005  0.283172884652814E+000 
      2.44000000 -0.233520342624467E+005  0.289143697928387E+000 
      2.46000000 -0.233520282836046E+005  0.295122540086316E+000 
      2.48000000 -0.233520222997392E+005  0.301106405451164E+000 
      2.50000000 -0.233520163138145E+005  0.307092330181923E+000 
      2.52000000 -0.233520103287578E+005  0.313077386842794E+000 
      2.54000000 -0.233520043474664E+005  0.319058678253151E+000 
      2.56000000 -0.233519983728146E+005  0.325033330078434E+000 
      2.58000000 -0.233519924076627E+005  0.330998481902078E+000 
      2.60000000 -0.233519864548669E+005  0.336951277780832E+000 
      2.62000000 -0.233519805172884E+005  0.342888856258692E+000 
      2.64000000 -0.233519745978047E+005  0.348808339984857E+000 
      2.66000000 -0.233519686993198E+005  0.354706824886216E+000 
      2.68000000 -0.233519628247755E+005  0.360581369182055E+000 
      2.70000000 -0.233519569771615E+005  0.366428983162882E+000 
      2.72000000 -0.233519511595249E+005  0.372246619708617E+000 
      2.74000000 -0.233519453749787E+005  0.378031165929747E+000 
      2.76000000 -0.233519396267091E+005  0.383779435520004E+000 
      2.78000000 -0.233519339179829E+005  0.389488161761794E+000 
      2.80000000 -0.233519282521533E+005  0.395153991305009E+000 
      2.82000000 -0.233519226326656E+005  0.400773479050257E+000 
      2.84000000 -0.233519170630599E+005  0.406343084776859E+000 
      2.86000000 -0.233519115469733E+005  0.411859171373328E+000 
      2.88000000 -0.233519060881398E+005  0.417318004843552E+000 
      2.90000000 -0.233519006903885E+005  0.422715756150569E+000 
      2.92000000 -0.233518953576402E+005  0.428048504436977E+000 
      2.94000000 -0.233518900939029E+005  0.433312241773577E+000 
      2.96000000 -0.233518849032648E+005  0.438502879810558E+000 
      2.98000000 -0.233518797898865E+005  0.443616258198214E+000 
      3.00000000 -0.233518747579899E+005  0.448648154706034E+000 
      3.02000000 -0.233518698118481E+005  0.453594296529718E+000 
      3.04000000 -0.233518649557716E+005  0.458450373018157E+000 
      3.06000000 -0.233518601940943E+005  0.463212050352447E+000 
      3.08000000 -0.233518555311570E+005  0.467874987620112E+000 
      3.10000000 -0.233518509712898E+005  0.472434854810443E+000 
      3.12000000 -0.233518465187927E+005  0.476887351898762E+000 
      3.14000000 -0.233518421779161E+005  0.481228228527762E+000 
      3.16000000 -0.233518379528410E+005  0.485453303608401E+000 
      3.18000000 -0.233518338476591E+005  0.489558485567363E+000 
      3.20000000 -0.233518298663521E+005  0.493539792551203E+000 
      3.22000000 -0.233518260127728E+005  0.497393371816881E+000 
      3.24000000 -0.233518222906265E+005  0.501115518141641E+000 
      3.26000000 -0.233518187034532E+005  0.504702691481138E+000 
      3.28000000 -0.233518152546102E+005  0.508151534479085E+000 
      3.30000000 -0.233518119472544E+005  0.511458890255313E+000 
      3.32000000 -0.233518087843220E+005  0.514621822650136E+000 
      3.34000000 -0.233518057685034E+005  0.517637641208074E+000 
      3.36000000 -0.233518029022106E+005  0.520503934044008E+000 
      3.38000000 -0.233518001875320E+005  0.523218612622694E+000 
      3.40000000 -0.233517976261717E+005  0.525779972940426E+000 
      3.42000000 -0.233517952193668E+005  0.528186777814163E+000 
      3.44000000 -0.233517929677809E+005  0.530438363715097E+000 
      3.46000000 -0.233517908713683E+005  0.532534776360096E+000 
      3.48000000 -0.233517889292079E+005  0.534476936756329E+000 
      3.50000000 -0.233517871393060E+005  0.536266838599269E+000 
      3.52000000 -0.233517854983696E+005  0.537907775010185E+000 
      3.54000000 -0.233517840015550E+005  0.539404589657200E+000 
      3.56000000 -0.233517826422020E+005  0.540763942632707E+000 
      3.58000000 -0.233517814115660E+005  0.541994578638592E+000 
      3.60000000 -0.233517802985631E+005  0.543107581584476E+000 
      3.62000000 -0.233517792895499E+005  0.544116594729692E+000 
      3.64000000 -0.233517783681610E+005  0.545037983655985E+000 
      3.66000000 -0.233517775152285E+005  0.545890916140557E+000 
      3.68000000 -0.233517767088130E+005  0.546697331625559E+000 
      3.70000000 -0.233517759243702E+005  0.547481774412463E+000 
      3.72000000 -0.233517751350785E+005  0.548271066138943E+000 
      3.74000000 -0.233517743123479E+005  0.549093796758741E+000 
      3.76000000 -0.233517734265257E+005  0.549979618955681E+000 
      3.78000000 -0.233517724478059E+005  0.550958338774540E+000 
      3.80000000 -0.233517713473402E+005  0.552058804433184E+000 
      3.82000000 -0.233517700985368E+005  0.553307607852684E+000 
      3.84000000 -0.233517686785195E+005  0.554727625166794E+000 
      3.86000000 -0.233517670697075E+005  0.556336437160437E+000 
      3.88000000 -0.233517652614611E+005  0.558144683542797E+000 
      3.90000000 -0.233517632517244E+005  0.560154420292320E+000 
      3.92000000 -0.233517610485826E+005  0.562357562022476E+000 
      3.94000000 -0.233517586716414E+005  0.564734503236671E+000 
      3.96000000 -0.233517561531227E+005  0.567253021921487E+000 
      3.98000000 -0.233517535385688E+005  0.569867575878720E+000 
      4.00000000 -0.233517508870411E+005  0.572519103548564E+000 
      4.02000000 -0.233517482707045E+005  0.575135440148214E+000 
      4.04000000 -0.233517457736927E+005  0.577632451916156E+000 
      4.06000000 -0.233517434901650E+005  0.579915979666955E+000 
      4.08000000 -0.233517415214807E+005  0.581884663913207E+000 
      4.10000000 -0.233517399724437E+005  0.583433700934316E+000 
      4.12000000 -0.233517389465956E+005  0.584459549031050E+000 
      4.14000000 -0.233517385405726E+005  0.584865572028540E+000 
      4.16000000 -0.233517388375763E+005  0.584568568337157E+000 
      4.18000000 -0.233517399000504E+005  0.583506094251977E+000 
      4.20000000 -0.233517417616989E+005  0.581644445698324E+000 
      4.22000000 -0.233517444190235E+005  0.578987121155248E+000 
      4.24000000 -0.233517478225996E+005  0.575583545055055E+000 
      4.26000000 -0.233517518683527E+005  0.571537791943841E+000 
      4.28000000 -0.233517563891286E+005  0.567017016019110E+000 
      4.30000000 -0.233517611468821E+005  0.562259262570833E+000 
      4.32000000 -0.233517658258284E+005  0.557580316228251E+000 
      4.34000000 -0.233517700269152E+005  0.553379229428236E+000 
      4.36000000 -0.233517732639706E+005  0.550142174091046E+000 
      4.38000000 -0.233517749618743E+005  0.548444270304437E+000 
      4.40000000 -0.233517744570745E+005  0.548949070135705E+000 
      4.42000000 -0.233517710007337E+005  0.552405410994354E+000 
      4.44000000 -0.233517637647411E+005  0.559641403560406E+000 
      4.46000000 -0.233517518507633E+005  0.571555381341283E+000 
      4.48000000 -0.233517343024297E+005  0.589103714954038E+000 
      4.50000000 -0.233517101206665E+005  0.613285478118296E+000 
      4.52000000 -0.233516782820962E+005  0.645124048406931E+000 
      4.54000000 -0.233516377603190E+005  0.685645825690041E+000 
      4.56000000 -0.233515875497880E+005  0.735856356633745E+000 
      4.58000000 -0.233515266918835E+005  0.796714261120190E+000 
      4.60000000 -0.233514543026842E+005  0.869103460411729E+000 
      4.62000000 -0.233513696018380E+005  0.953804306693332E+000 
      4.64000000 -0.233512719418405E+005  0.105146430410825E+001 
      4.66000000 -0.233511608369550E+005  0.116256918969415E+001 
      4.68000000 -0.233510359909394E+005  0.128741520526573E+001 
      4.70000000 -0.233508973227118E+005  0.142608343282406E+001 
      4.72000000 -0.233507449890561E+005  0.157841708852002E+001 
      4.74000000 -0.233505794034811E+005  0.174400266353873E+001 
      4.76000000 -0.233504012503752E+005  0.192215576949055E+001 
      4.78000000 -0.233502114936589E+005  0.211191248572455E+001 
      4.80000000 -0.233500113792287E+005  0.231202691591369E+001 
      4.82000000 -0.233498024306016E+005  0.252097554303372E+001 
      4.84000000 -0.233495864373170E+005  0.273696882766655E+001 
      4.86000000 -0.233493654358236E+005  0.295797032108608E+001 
      4.88000000 -0.233491416827702E+005  0.318172337443510E+001 
      4.90000000 -0.233489176208296E+005  0.340578531509624E+001 
      4.92000000 -0.233486958374027E+005  0.362756874197918E+001 
      4.94000000 -0.233484790167772E+005  0.384438936746176E+001 
      4.96000000 -0.233482698865332E+005  0.405351961144347E+001 
      4.98000000 -0.233480711591983E+005  0.425224694638349E+001 
      5.00000000 -0.233478854703469E+005  0.443793579774574E+001 
      5.02000000 -0.233477153145019E+005  0.460809164273932E+001 
      5.04000000 -0.233475629803233E+005  0.476042582137652E+001 
      5.06000000 -0.233474304866605E+005  0.489291948416006E+001 
      5.08000000 -0.233473195210883E+005  0.500388505636485E+001 
      5.10000000 -0.233472313825417E+005  0.509202360298777E+001 
      5.12000000 -0.233471669296135E+005  0.515647653110391E+001 
      5.14000000 -0.233471265359795E+005  0.519687016512113E+001 
      5.16000000 -0.233471100542698E+005  0.521335187489450E+001 
      5.18000000 -0.233471167895269E+005  0.520661661772015E+001 
      5.20000000 -0.233471454831764E+005  0.517792296829494E+001 
      5.22000000 -0.233471943081985E+005  0.512909794615255E+001 
      5.24000000 -0.233472608759465E+005  0.506253019815139E+001 
      5.26000000 -0.233473422547979E+005  0.498115134678634E+001 
      5.28000000 -0.233474350005823E+005  0.488840556237230E+001 
      5.30000000 -0.233475351984912E+005  0.478820765345934E+001 
      5.32000000 -0.233476385159585E+005  0.468489018616731E+001 
      5.34000000 -0.233477402658046E+005  0.458314034000545E+001 
      5.36000000 -0.233478354787648E+005  0.448792737983261E+001 
      5.38000000 -0.233479189843707E+005  0.440442177391469E+001 
      5.40000000 -0.233479854990257E+005  0.433790711889733E+001 
      5.42000000 -0.233480297199966E+005  0.429368614802944E+001 
      5.44000000 -0.233480464239407E+005  0.427698220396861E+001 
      5.46000000 -0.233480305684863E+005  0.429283765838759E+001 
      5.48000000 -0.233479773952851E+005  0.434601085950875E+001 
      5.50000000 -0.233478825328531E+005  0.444087329157315E+001 
      5.52000000 -0.233477420974101E+005  0.458130873457588E+001 
      5.54000000 -0.233475527898264E+005  0.477061631828505E+001 
      5.56000000 -0.233473119866775E+005  0.501141946710747E+001 
      5.58000000 -0.233470178233241E+005  0.530558282051277E+001 
      5.60000000 -0.233466692668640E+005  0.565413928060135E+001 
      5.62000000 -0.233462661767760E+005  0.605722936869376E+001 
      5.64000000 -0.233458093510923E+005  0.651405505238640E+001 
      5.66000000 -0.233453005560239E+005  0.702285012073764E+001 
      5.68000000 -0.233447425371225E+005  0.758086902215264E+001 
      5.70000000 -0.233441390103175E+005  0.818439582710811E+001 
      5.72000000 -0.233434946315155E+005  0.882877462918770E+001 
      5.74000000 -0.233428149438985E+005  0.950846224610664E+001 
      5.76000000 -0.233421063026103E+005  0.102171035343151E+002 
      5.78000000 -0.233413757771525E+005  0.109476289921694E+002 
      5.80000000 -0.233406310325305E+005  0.116923736141008E+002 
      5.82000000 -0.233398801909514E+005  0.124432151932758E+002 
      5.84000000 -0.233391316766612E+005  0.131917294834581E+002 
      5.86000000 -0.233383940472877E+005  0.139293588569632E+002 
      5.88000000 -0.233376758157723E+005  0.146475903723833E+002 
      5.90000000 -0.233369852676097E+005  0.153381385349492E+002 
      5.92000000 -0.233363302786032E+005  0.159931275414934E+002 
      5.94000000 -0.233357181386635E+005  0.166052674811184E+002 
      5.96000000 -0.233351553872876E+005  0.171680188570023E+002 
      5.98000000 -0.233346476662221E+005  0.176757399225365E+002 
      6.00000000 -0.233341995944350E+005  0.181238117096175E+002 
      6.02000000 -0.233338146698817E+005  0.185087362629786E+002 
      6.04000000 -0.233334952016683E+005  0.188282044763603E+002 
      6.06000000 -0.233332422751227E+005  0.190811310219812E+002 
      6.08000000 -0.233330557510163E+005  0.192676551283008E+002 
      6.10000000 -0.233329342988080E+005  0.193891073366520E+002 
      6.12000000 -0.233328754623627E+005  0.194479437819590E+002 
      6.14000000 -0.233328757552267E+005  0.194476509179306E+002 
      6.16000000 -0.233329307812827E+005  0.193926248619939E+002 
      6.18000000 -0.233330353755528E+005  0.192880305918057E+002 
      6.20000000 -0.233331837591346E+005  0.191396470100872E+002 
      6.22000000 -0.233333697017857E+005  0.189537043589305E+002 
      6.24000000 -0.233335866855786E+005  0.187367205660783E+002 
      6.26000000 -0.233338280633026E+005  0.184953428420150E+002 
      6.28000000 -0.233340872059222E+005  0.182362002224423E+002 
      6.30000000 -0.233343576343301E+005  0.179657718145532E+002 
      6.32000000 -0.233346331318265E+005  0.176902743181578E+002 
      6.34000000 -0.233349078351041E+005  0.174155710405598E+002 
      6.36000000 -0.233351763029457E+005  0.171471031989210E+002 
      6.38000000 -0.233354335632294E+005  0.168898429152500E+002 
      6.40000000 -0.233356751400964E+005  0.166482660481974E+002 
      6.42000000 -0.233358970641768E+005  0.164263419678579E+002 
      6.44000000 -0.233360958695174E+005  0.162275366272063E+002 
      6.46000000 -0.233362685812788E+005  0.160548248658747E+002 
      6.48000000 -0.233364126983308E+005  0.159107078138926E+002 
      6.50000000 -0.233365261746129E+005  0.157972315317341E+002 
      6.52000000 -0.233366074025525E+005  0.157160035921618E+002 
      6.54000000 -0.233366552010282E+005  0.156682051164136E+002 
      6.56000000 -0.233366688093998E+005  0.156545967448642E+002 
      6.58000000 -0.233366478880823E+005  0.156755180623247E+002 
      6.60000000 -0.233365925251203E+005  0.157308810243077E+002 
      6.62000000 -0.233365032472869E+005  0.158201588577206E+002 
      6.64000000 -0.233363810334744E+005  0.159423726702191E+002 
      6.66000000 -0.233362273276037E+005  0.160960785409972E+002 
      6.68000000 -0.233360440479921E+005  0.162793581525906E+002 
      6.70000000 -0.233358335900995E+005  0.164898160451577E+002 
      6.72000000 -0.233355988198041E+005  0.167245863405722E+002 
      6.74000000 -0.233353430548213E+005  0.169803513233882E+002 
      6.76000000 -0.233350700325275E+005  0.172533736171533E+002 
      6.78000000 -0.233347838632315E+005  0.175395429131131E+002 
      6.80000000 -0.233344889687948E+005  0.178344373498037E+002 
      6.82000000 -0.233341900073787E+005  0.181333987659010E+002 
      6.84000000 -0.233338917859346E+005  0.184316202100144E+002 
      6.86000000 -0.233335991628044E+005  0.187242433402450E+002 
      6.88000000 -0.233333169434194E+005  0.190064627252805E+002 
      6.90000000 -0.233330497725483E+005  0.192736335963525E+002 
      6.92000000 -0.233328020268277E+005  0.195213793169740E+002 
      6.94000000 -0.233325777114007E+005  0.197456947439112E+002 
      6.96000000 -0.233323803644010E+005  0.199430417436386E+002 
      6.98000000 -0.233322129727484E+005  0.201104333962880E+002 
      7.00000000 -0.233320779023043E+005  0.202455038403475E+002 
      7.02000000 -0.233319768448790E+005  0.203465612656210E+002 
      7.04000000 -0.233319107839345E+005  0.204126222101279E+002 
      7.06000000 -0.233318799801079E+005  0.204434260367040E+002 
      7.08000000 -0.233318839769305E+005  0.204394292141233E+002 
      7.10000000 -0.233319216263691E+005  0.204017797755296E+002 
      7.12000000 -0.233319911331000E+005  0.203322730446019E+002 
      7.14000000 -0.233320901157714E+005  0.202332903732362E+002 
      7.16000000 -0.233322156829412E+005  0.201077232034693E+002 
      7.18000000 -0.233323645209130E+005  0.199588852316744E+002 
      7.20000000 -0.233325329903501E+005  0.197904157945213E+002 
      7.22000000 -0.233327172283342E+005  0.196061778104391E+002 
      7.24000000 -0.233329132524547E+005  0.194101536899552E+002 
      7.26000000 -0.233331170635704E+005  0.192063425742303E+002 
      7.28000000 -0.233333247440634E+005  0.189986620812580E+002 
      7.30000000 -0.233335325487002E+005  0.187908574444386E+002 
      7.32000000 -0.233337369856116E+005  0.185864205330028E+002 
      7.34000000 -0.233339348853759E+005  0.183885207687374E+002 
      7.36000000 -0.233341234567230E+005  0.181999494216796E+002 
      7.38000000 -0.233343003279399E+005  0.180230782047201E+002 
      7.40000000 -0.233344635736273E+005  0.178598325173269E+002 
      7.42000000 -0.233346117270043E+005  0.177116791403962E+002 
      7.44000000 -0.233347437784640E+005  0.175796276806905E+002 
      7.46000000 -0.233348591615205E+005  0.174642446241199E+002 
      7.48000000 -0.233349577276439E+005  0.173656785007355E+002 
      7.50000000 -0.233350397117458E+005  0.172836943988796E+002 
      7.52000000 -0.233351056902464E+005  0.172177158982681E+002 
      7.54000000 -0.233351565337241E+005  0.171668724205799E+002 
      7.56000000 -0.233351933561313E+005  0.171300500133021E+002 
      7.58000000 -0.233352174624643E+005  0.171059436803389E+002 
      7.60000000 -0.233352302966117E+005  0.170931095329277E+002 
      7.62000000 -0.233352333908998E+005  0.170900152448320E+002 
      7.64000000 -0.233352283186086E+005  0.170950875360374E+002 
      7.66000000 -0.233352166504787E+005  0.171067556659627E+002 
      7.68000000 -0.233351999159706E+005  0.171234901740162E+002 
      7.70000000 -0.233351795697932E+005  0.171438363514261E+002 
      7.72000000 -0.233351569639920E+005  0.171664421526154E+002 
      7.74000000 -0.233351333256903E+005  0.171900804543867E+002 
      7.76000000 -0.233351097404066E+005  0.172136657380017E+002 
      7.78000000 -0.233350871407363E+005  0.172362654083352E+002 
      7.80000000 -0.233350663000731E+005  0.172571060715094E+002 
      7.82000000 -0.233350478309695E+005  0.172755751751414E+002 
      7.84000000 -0.233350321876710E+005  0.172912184736063E+002 
      7.86000000 -0.233350196723242E+005  0.173037338204762E+002 
      7.88000000 -0.233350104443298E+005  0.173129618148848E+002 
      7.90000000 -0.233350045323031E+005  0.173188738415639E+002 
      7.92000000 -0.233350018480983E+005  0.173215580462998E+002 
      7.94000000 -0.233350022023602E+005  0.173212037844861E+002 
      7.96000000 -0.233350053210770E+005  0.173180850676959E+002 
      7.98000000 -0.233350108626309E+005  0.173125435137335E+002 
      8.00000000 -0.233350184348649E+005  0.173049712797946E+002 
      8.02000000 -0.233350276117217E+005  0.172957944229759E+002 
      8.04000000 -0.233350379490539E+005  0.172854570907761E+002 
      8.06000000 -0.233350489992518E+005  0.172744068928452E+002 
      8.08000000 -0.233350603243971E+005  0.172630817475714E+002 
      8.10000000 -0.233350715077120E+005  0.172518984326186E+002 
      8.12000000 -0.233350821631446E+005  0.172412430000126E+002 
      8.14000000 -0.233350919429976E+005  0.172314631470044E+002 
      8.16000000 -0.233351005435813E+005  0.172228625633266E+002 
      8.18000000 -0.233351077089331E+005  0.172156972115641E+002 
      8.20000000 -0.233351132327078E+005  0.172101734368829E+002 
      8.22000000 -0.233351169583925E+005  0.172064477521658E+002 
      8.24000000 -0.233351187780405E+005  0.172046281041357E+002 
      8.26000000 -0.233351186297481E+005  0.172047763965107E+002 
      8.28000000 -0.233351164941165E+005  0.172069120281798E+002 
      8.30000000 -0.233351123899467E+005  0.172110161979732E+002 
      8.32000000 -0.233351063694129E+005  0.172170367317827E+002 
      8.34000000 -0.233350985129439E+005  0.172248932007293E+002 
      8.36000000 -0.233350889240255E+005  0.172344821191695E+002 
      8.38000000 -0.233350777241058E+005  0.172456820388653E+002 
      8.40000000 -0.233350650477594E+005  0.172583583852564E+002 
      8.42000000 -0.233350510382300E+005  0.172723679146224E+002 
      8.44000000 -0.233350358434410E+005  0.172875627036335E+002 
      8.46000000 -0.233350196125303E+005  0.173037936143319E+002 
      8.48000000 -0.233350024929374E+005  0.173209132072045E+002 
      8.50000000 -0.233349846280434E+005  0.173387781012288E+002 
      8.52000000 -0.233349661553430E+005  0.173572508016754E+002 
      8.54000000 -0.233349472051096E+005  0.173762010350292E+002 
      8.56000000 -0.233349278995006E+005  0.173955066440545E+002 
      8.58000000 -0.233349083520385E+005  0.174150541061600E+002 
      8.60000000 -0.233348886674014E+005  0.174347387432243E+002 
      8.62000000 -0.233348689414517E+005  0.174544646929710E+002 
      8.64000000 -0.233348492614333E+005  0.174741447113506E+002 
      8.66000000 -0.233348297062743E+005  0.174936998703822E+002 
      8.68000000 -0.233348103469360E+005  0.175130592086719E+002 
      8.70000000 -0.233347912467614E+005  0.175321593832398E+002 
      8.72000000 -0.233347724617841E+005  0.175509443605465E+002 
      8.74000000 -0.233347540409720E+005  0.175693651726788E+002 
      8.76000000 -0.233347360263914E+005  0.175873797532230E+002 
      8.78000000 -0.233347184532904E+005  0.176049528542305E+002 
      8.80000000 -0.233347013501089E+005  0.176220560357117E+002 
      8.82000000 -0.233346847384358E+005  0.176386677088288E+002 
      8.84000000 -0.233346686329390E+005  0.176547732056185E+002 
      8.86000000 -0.233346530413008E+005  0.176703648438956E+002 
      8.88000000 -0.233346379641924E+005  0.176854419522582E+002 
      8.90000000 -0.233346233953226E+005  0.177000108220226E+002 
      8.92000000 -0.233346093216019E+005  0.177140845427507E+002 
      8.94000000 -0.233345957236020E+005  0.177276825426834E+002 
      8.96000000 -0.233345825762365E+005  0.177408299081413E+002 
      8.98000000 -0.233345698493957E+005  0.177535567489430E+002 
      9.00000000 -0.233345575085967E+005  0.177658975479494E+002 
      9.02000000 -0.233345455156481E+005  0.177778904965048E+002 
      9.04000000 -0.233345338293106E+005  0.177895768340416E+002 
      9.06000000 -0.233345224059389E+005  0.178010002057556E+002 
      9.08000000 -0.233345112000945E+005  0.178122060501821E+002 
      9.10000000 -0.233345001651218E+005  0.178232410228946E+002 
      9.12000000 -0.233344892536860E+005  0.178341524586206E+002 
      9.14000000 -0.233344784182759E+005  0.178449878687373E+002 
      9.16000000 -0.233344676116779E+005  0.178557944667257E+002 
      9.18000000 -0.233344567874337E+005  0.178666187108973E+002 
      9.20000000 -0.233344459002927E+005  0.178775058519580E+002 
      9.22000000 -0.233344349066720E+005  0.178884994726440E+002 
      9.24000000 -0.233344237651363E+005  0.178996410083382E+002 
      9.26000000 -0.233344124369042E+005  0.179109692404907E+002 
      9.28000000 -0.233344008863855E+005  0.179225197590977E+002 
      9.30000000 -0.233343890817492E+005  0.179343243954445E+002 
      9.32000000 -0.233343769955128E+005  0.179464106317991E+002 
      9.34000000 -0.233343646051454E+005  0.179588009992964E+002 
      9.36000000 -0.233343518936645E+005  0.179715124801947E+002 
      9.38000000 -0.233343388502108E+005  0.179845559338843E+002 
      9.40000000 -0.233343254705761E+005  0.179979355685416E+002 
      9.42000000 -0.233343117576629E+005  0.180116484817517E+002 
      9.44000000 -0.233342977218517E+005  0.180256842929851E+002 
      9.46000000 -0.233342833812538E+005  0.180400248908530E+002 
      9.48000000 -0.233342687618291E+005  0.180546443155755E+002 
      9.50000000 -0.233342538973495E+005  0.180695087951958E+002 
      9.52000000 -0.233342388291944E+005  0.180845769502257E+002 
      9.54000000 -0.233342236059671E+005  0.180998001775465E+002 
      9.56000000 -0.233342082829242E+005  0.181151232204621E+002 
      9.58000000 -0.233341929212190E+005  0.181304849256757E+002 
      9.60000000 -0.233341775869630E+005  0.181458191816794E+002 
      9.62000000 -0.233341623501169E+005  0.181610560277243E+002 
      9.64000000 -0.233341472832320E+005  0.181761229126122E+002 
      9.66000000 -0.233341324600673E+005  0.181909460773352E+002 
      9.68000000 -0.233341179541182E+005  0.182054520264704E+002 
      9.70000000 -0.233341038370978E+005  0.182195690468973E+002 
      9.72000000 -0.233340901774175E+005  0.182332287271361E+002 
      9.74000000 -0.233340770387177E+005  0.182463674269547E+002 
      9.76000000 -0.233340644784974E+005  0.182589276472163E+002 
      9.78000000 -0.233340525468935E+005  0.182708592511494E+002 
      9.80000000 -0.233340412856500E+005  0.182821204945982E+002 
      9.82000000 -0.233340307273132E+005  0.182926788314755E+002 
      9.84000000 -0.233340208946738E+005  0.183025114708787E+002 
      9.86000000 -0.233340118004696E+005  0.183116056750568E+002 
      9.88000000 -0.233340034473443E+005  0.183199588003508E+002 
      9.90000000 -0.233339958280502E+005  0.183275780944903E+002 
      9.92000000 -0.233339889258688E+005  0.183344802758610E+002 
      9.94000000 -0.233339827152187E+005  0.183406909259506E+002 
      9.96000000 -0.233339771624114E+005  0.183462437332237E+002 
      9.98000000 -0.233339722265184E+005  0.183511796262023E+002 
     10.00000000 -0.233339678603116E+005  0.183555458330032E+002 
     10.02000000 -0.233339640112457E+005  0.183593948989019E+002 
     10.04000000 -0.233339606224568E+005  0.183627836878311E+002 
     10.06000000 -0.233339576337595E+005  0.183657723851911E+002 
     10.08000000 -0.233339549826320E+005  0.183684235126666E+002 
     10.10000000 -0.233339526051859E+005  0.183708009587277E+002 
     10.12000000 -0.233339504371203E+005  0.183729690243357E+002 
     10.14000000 -0.233339484146630E+005  0.183749914816854E+002 
     10.16000000 -0.233339464754998E+005  0.183769306448795E+002 
     10.18000000 -0.233339445596902E+005  0.183788464544927E+002 
     10.20000000 -0.233339426105601E+005  0.183807955845896E+002 
     10.22000000 -0.233339405755582E+005  0.183828305864624E+002 
     10.24000000 -0.233339384070534E+005  0.183849990912004E+002 
     10.26000000 -0.233339360630468E+005  0.183873430978207E+002 
     10.28000000 -0.233339335077670E+005  0.183898983776337E+002 
     10.30000000 -0.233339307121191E+005  0.183926940255052E+002 
     10.32000000 -0.233339276539596E+005  0.183957521850533E+002 
     10.34000000 -0.233339243181767E+005  0.183990879679807E+002 
     10.36000000 -0.233339206965669E+005  0.184027095777311E+002 
     10.38000000 -0.233339167875094E+005  0.184066186352640E+002 
     10.40000000 -0.233339125954533E+005  0.184108106913053E+002 
     10.42000000 -0.233339081302480E+005  0.184152758966597E+002 
     10.44000000 -0.233339034063538E+005  0.184199997908626E+002 
     10.46000000 -0.233338984419830E+005  0.184249641616188E+002 
     10.48000000 -0.233338932582222E+005  0.184301479224315E+002 
     10.50000000 -0.233338878781878E+005  0.184355279568950E+002 
     10.52000000 -0.233338823262628E+005  0.184410798818368E+002 
     10.54000000 -0.233338766274544E+005  0.184467786902771E+002 
     10.56000000 -0.233338708068976E+005  0.184525992470661E+002 
     10.58000000 -0.233338648895214E+005  0.184585166232655E+002 
     10.60000000 -0.233338588998744E+005  0.184645062702554E+002 
     10.62000000 -0.233338528620965E+005  0.184705440481914E+002 
     10.64000000 -0.233338468000092E+005  0.184766061354934E+002 
     10.66000000 -0.233338407372889E+005  0.184826688557349E+002 
     10.68000000 -0.233338346976809E+005  0.184887084637132E+002 
     10.70000000 -0.233338287052097E+005  0.184947009349649E+002 
     10.72000000 -0.233338227843439E+005  0.185006218007463E+002 
     10.74000000 -0.233338169600790E+005  0.185064460656320E+002 
     10.76000000 -0.233338112579086E+005  0.185121482360132E+002 
     10.78000000 -0.233338057036669E+005  0.185177024777653E+002 
     10.80000000 -0.233338003232353E+005  0.185230829093203E+002 
     10.82000000 -0.233337951421205E+005  0.185282640241476E+002 
     10.84000000 -0.233337901849191E+005  0.185332212255809E+002 
     10.86000000 -0.233337854746982E+005  0.185379314464239E+002 
     10.88000000 -0.233337810323264E+005  0.185423738182865E+002 
     10.90000000 -0.233337768757946E+005  0.185465303500237E+002 
     10.92000000 -0.233337730195720E+005  0.185503865726947E+002 
     10.94000000 -0.233337694740358E+005  0.185539321088481E+002 
     10.96000000 -0.233337662450166E+005  0.185571611280763E+002 
     10.98000000 -0.233337633334881E+005  0.185600726565061E+002 
     11.00000000 -0.233337607354277E+005  0.185626707169220E+002 
     11.02000000 -0.233337584418594E+005  0.185649642852398E+002 
     11.04000000 -0.233337564390841E+005  0.185669670605640E+002 
     11.06000000 -0.233337547090885E+005  0.185686970561833E+002 
     11.08000000 -0.233337532301154E+005  0.185701760292816E+002 
     11.10000000 -0.233337519773688E+005  0.185714287758632E+002 
     11.12000000 -0.233337509238202E+005  0.185724823244301E+002 
     11.14000000 -0.233337500410778E+005  0.185733650668171E+002 
     11.16000000 -0.233337493002778E+005  0.185741058668214E+002 
     11.18000000 -0.233337486729569E+005  0.185747331877891E+002 
     11.20000000 -0.233337481318677E+005  0.185752742769504E+002 
     11.22000000 -0.233337476517035E+005  0.185757544411331E+002 
     11.24000000 -0.233337472097035E+005  0.185761964411455E+002 
     11.26000000 -0.233337467861193E+005  0.185766200253115E+002 
     11.28000000 -0.233337463645302E+005  0.185770416144302E+002 
     11.30000000 -0.233337459320030E+005  0.185774741416273E+002 
     11.32000000 -0.233337454791021E+005  0.185779270425798E+002 
     11.34000000 -0.233337449997602E+005  0.185784063844682E+002 
     11.36000000 -0.233337444910295E+005  0.185789151151058E+002 
     11.38000000 -0.233337439527350E+005  0.185794534096694E+002 
     11.40000000 -0.233337433870557E+005  0.185800190889450E+002 
     11.42000000 -0.233337427980626E+005  0.185806080820303E+002 
     11.44000000 -0.233337421912381E+005  0.185812149065298E+002 
     11.46000000 -0.233337415730029E+005  0.185818331417350E+002 
     11.48000000 -0.233337409502718E+005  0.185824558728470E+002 
     11.50000000 -0.233337403300557E+005  0.185830760889310E+002 
     11.52000000 -0.233337397191231E+005  0.185836870215915E+002 
     11.54000000 -0.233337391237281E+005  0.185842824165206E+002 
     11.56000000 -0.233337385494102E+005  0.185848567344502E+002 
     11.58000000 -0.233337380008621E+005  0.185854052825952E+002 
     11.60000000 -0.233337374818631E+005  0.185859242815922E+002 
     11.62000000 -0.233337369952693E+005  0.185864108753587E+002 
     11.64000000 -0.233337365430504E+005  0.185868630942734E+002 
     11.66000000 -0.233337361263623E+005  0.185872797823443E+002 
     11.68000000 -0.233337357456443E+005  0.185876605003733E+002 
     11.70000000 -0.233337354007286E+005  0.185880054160784E+002 
     11.72000000 -0.233337350909535E+005  0.185883151911696E+002 
     11.74000000 -0.233337348152702E+005  0.185885908744125E+002 
     11.76000000 -0.233337345723382E+005  0.185888338064642E+002 
     11.78000000 -0.233337343606031E+005  0.185890455415774E+002 
     11.80000000 -0.233337341783565E+005  0.185892277881458E+002 
     11.82000000 -0.233337340237763E+005  0.185893823683384E+002 
     11.84000000 -0.233337338949493E+005  0.185895111953497E+002 
     11.86000000 -0.233337337898793E+005  0.185896162653901E+002 
     11.88000000 -0.233337337064840E+005  0.185896996606097E+002 
     11.90000000 -0.233337336425861E+005  0.185897635585028E+002 
     11.92000000 -0.233337335959011E+005  0.185898102435887E+002 
     11.94000000 -0.233337335640276E+005  0.185898421170706E+002 
     11.96000000 -0.233337335444435E+005  0.185898617011039E+002 
     11.98000000 -0.233337335345093E+005  0.185898716353725E+002 
     12.00000000 -0.233337335314807E+005  0.185898746639219E+002 
     12.02000000 -0.233337335311667E+005  0.185898749779725E+002 
     12.04000000 -0.233337335308728E+005  0.185898752718808E+002 
     12.06000000 -0.233337335305902E+005  0.185898755544790E+002 
     12.08000000 -0.233337335303194E+005  0.185898758252783E+002 
     12.10000000 -0.233337335300598E+005  0.185898760847984E+002 
     12.12000000 -0.233337335298101E+005  0.185898763345737E+002 
     12.14000000 -0.233337335295675E+005  0.185898765771256E+002 
     12.16000000 -0.233337335293287E+005  0.185898768159466E+002 
     12.18000000 -0.233337335290896E+005  0.185898770550800E+002 
     12.20000000 -0.233337335288458E+005  0.185898772988291E+002 
     12.22000000 -0.233337335285933E+005  0.185898775513392E+002 
     12.24000000 -0.233337335283286E+005  0.185898778160256E+002 
     12.26000000 -0.233337335280494E+005  0.185898780952579E+002 
     12.28000000 -0.233337335277546E+005  0.185898783900789E+002 
     12.30000000 -0.233337335274446E+005  0.185898787000583E+002 
     12.32000000 -0.233337335271213E+005  0.185898790233803E+002 
     12.34000000 -0.233337335267875E+005  0.185898793571525E+002 
     12.36000000 -0.233337335264470E+005  0.185898796976748E+002 
     12.38000000 -0.233337335261036E+005  0.185898800410556E+002 
     12.40000000 -0.233337335257611E+005  0.185898803835207E+002 
     12.42000000 -0.233337335254227E+005  0.185898807219177E+002 
     12.44000000 -0.233337335250907E+005  0.185898810539389E+002 
     12.46000000 -0.233337335247664E+005  0.185898813782106E+002 
     12.48000000 -0.233337335244503E+005  0.185898816943525E+002 
     12.50000000 -0.233337335241420E+005  0.185898820026861E+002 
     12.52000000 -0.233337335238406E+005  0.185898823040747E+002 
     12.54000000 -0.233337335235451E+005  0.185898825995731E+002 
     12.56000000 -0.233337335232545E+005  0.185898828901496E+002 
     12.58000000 -0.233337335229682E+005  0.185898831764570E+002 
     12.60000000 -0.233337335226859E+005  0.185898834587149E+002 
     12.62000000 -0.233337335224079E+005  0.185898837367099E+002 
     12.64000000 -0.233337335221349E+005  0.185898840097706E+002 
     12.66000000 -0.233337335218675E+005  0.185898842771453E+002 
     12.68000000 -0.233337335216066E+005  0.185898845380328E+002 
     12.70000000 -0.233337335213527E+005  0.185898847919597E+002 
     12.72000000 -0.233337335211057E+005  0.185898850389014E+002 
     12.74000000 -0.233337335208652E+005  0.185898852794702E+002 
     12.76000000 -0.233337335206297E+005  0.185898855149780E+002 
     12.78000000 -0.233337335203973E+005  0.185898857473489E+002 
     12.80000000 -0.233337335201656E+005  0.185898859790206E+002 
     12.82000000 -0.233337335199320E+005  0.185898862126413E+002 
     12.84000000 -0.233337335196938E+005  0.185898864508343E+002 
     12.86000000 -0.233337335194488E+005  0.185898866958951E+002 
     12.88000000 -0.233337335191952E+005  0.185898869494539E+002 
     12.90000000 -0.233337335189324E+005  0.185898872122284E+002 
     12.92000000 -0.233337335186607E+005  0.185898874839960E+002 
     12.94000000 -0.233337335183812E+005  0.185898877634573E+002 
     12.96000000 -0.233337335180963E+005  0.185898880483695E+002 
     12.98000000 -0.233337335178088E+005  0.185898883358679E+002 
     13.00000000 -0.233337335175220E+005  0.185898886226084E+002 
     13.02000000 -0.233337335172394E+005  0.185898889052809E+002 
     13.04000000 -0.233337335169638E+005  0.185898891808536E+002 
     13.06000000 -0.233337335166978E+005  0.185898894468764E+002 
     13.08000000 -0.233337335164429E+005  0.185898897017623E+002 
     13.10000000 -0.233337335162000E+005  0.185898899446730E+002 
     13.12000000 -0.233337335159689E+005  0.185898901757260E+002 
     13.14000000 -0.233337335157490E+005  0.185898903956948E+002 
     13.16000000 -0.233337335155388E+005  0.185898906058724E+002 
     13.18000000 -0.233337335153369E+005  0.185898908077715E+002 
     13.20000000 -0.233337335151416E+005  0.185898910030381E+002 
     13.22000000 -0.233337335149515E+005  0.185898911931198E+002 
     13.24000000 -0.233337335147653E+005  0.185898913793933E+002 
     13.26000000 -0.233337335145818E+005  0.185898915628640E+002 
     13.28000000 -0.233337335144003E+005  0.185898917443703E+002 
     13.30000000 -0.233337335142201E+005  0.185898919245804E+002 
     13.32000000 -0.233337335140405E+005  0.185898921040976E+002 
     13.34000000 -0.233337335138612E+005  0.185898922834260E+002 
     13.36000000 -0.233337335136815E+005  0.185898924631102E+002 
     13.38000000 -0.233337335135010E+005  0.185898926436296E+002 
     13.40000000 -0.233337335133191E+005  0.185898928255257E+002 
     13.42000000 -0.233337335131354E+005  0.185898930092037E+002 
     13.44000000 -0.233337335129496E+005  0.185898931950689E+002 
     13.46000000 -0.233337335127612E+005  0.185898933834894E+002 
     13.48000000 -0.233337335125699E+005  0.185898935747776E+002 
     13.50000000 -0.233337335123755E+005  0.185898937691903E+002 
     13.52000000 -0.233337335121777E+005  0.185898939669595E+002 
     13.54000000 -0.233337335119764E+005  0.185898941682245E+002 
     13.56000000 -0.233337335117716E+005  0.185898943730811E+002 
     13.58000000 -0.233337335115633E+005  0.185898945813469E+002 
     13.60000000 -0.233337335113520E+005  0.185898947926814E+002 
     13.62000000 -0.233337335111382E+005  0.185898950064445E+002 
     13.64000000 -0.233337335109229E+005  0.185898952217605E+002 
     13.66000000 -0.233337335107072E+005  0.185898954374570E+002 
     13.68000000 -0.233337335104924E+005  0.185898956522007E+002 
     13.70000000 -0.233337335102800E+005  0.185898958646118E+002 
     13.72000000 -0.233337335100713E+005  0.185898960733107E+002 
     13.74000000 -0.233337335098675E+005  0.185898962771340E+002 
     13.76000000 -0.233337335096694E+005  0.185898964752064E+002 
     13.78000000 -0.233337335094776E+005  0.185898966670298E+002 
     13.80000000 -0.233337335092921E+005  0.185898968525640E+002 
     13.82000000 -0.233337335091125E+005  0.185898970321646E+002 
     13.84000000 -0.233337335089380E+005  0.185898972066392E+002 
     13.86000000 -0.233337335087675E+005  0.185898973771015E+002 
     13.88000000 -0.233337335085997E+005  0.185898975449063E+002 
     13.90000000 -0.233337335084332E+005  0.185898977114923E+002 
     13.92000000 -0.233337335082663E+005  0.185898978783073E+002 
     13.94000000 -0.233337335080979E+005  0.185898980467092E+002 
     13.96000000 -0.233337335079268E+005  0.185898982178798E+002 
     13.98000000 -0.233337335077519E+005  0.185898983927473E+002 
     14.00000000 -0.233337335075727E+005  0.185898985719675E+002 
     14.02000000 -0.233337335073887E+005  0.185898987559425E+002 
     14.04000000 -0.233337335072000E+005  0.185898989446568E+002 
     14.06000000 -0.233337335070067E+005  0.185898991379373E+002 
     14.08000000 -0.233337335068094E+005  0.185898993352456E+002 
     14.10000000 -0.233337335066088E+005  0.185898995358640E+002 
     14.12000000 -0.233337335064058E+005  0.185898997388830E+002 
     14.14000000 -0.233337335062014E+005  0.185898999432942E+002 
     14.16000000 -0.233337335059966E+005  0.185899001480425E+002 
     14.18000000 -0.233337335057926E+005  0.185899003520948E+002 
     14.20000000 -0.233337335055902E+005  0.185899005544054E+002 
     14.22000000 -0.233337335053906E+005  0.185899007540339E+002 
     14.24000000 -0.233337335051945E+005  0.185899009501605E+002 
     14.26000000 -0.233337335050026E+005  0.185899011420674E+002 
     14.28000000 -0.233337335048154E+005  0.185899013292628E+002 
     14.30000000 -0.233337335046332E+005  0.185899015114652E+002 
     14.32000000 -0.233337335044559E+005  0.185899016887828E+002 
     14.34000000 -0.233337335042830E+005  0.185899018615992E+002 
     14.36000000 -0.233337335041139E+005  0.185899020307034E+002 
     14.38000000 -0.233337335039475E+005  0.185899021971563E+002 
     14.40000000 -0.233337335037823E+005  0.185899023623409E+002 
     14.42000000 -0.233337335036169E+005  0.185899025277297E+002 
     14.44000000 -0.233337335034499E+005  0.185899026947550E+002 
     14.46000000 -0.233337335032799E+005  0.185899028647810E+002 
     14.48000000 -0.233337335031059E+005  0.185899030387545E+002 
     14.50000000 -0.233337335029274E+005  0.185899032172260E+002 
     14.52000000 -0.233337335027444E+005  0.185899034002853E+002 
     14.54000000 -0.233337335025571E+005  0.185899035875147E+002 
     14.56000000 -0.233337335023666E+005  0.185899037780914E+002 
     14.58000000 -0.233337335021738E+005  0.185899039708150E+002 
     14.60000000 -0.233337335019803E+005  0.185899041643615E+002 
     14.62000000 -0.233337335017874E+005  0.185899043572862E+002 
     14.64000000 -0.233337335015963E+005  0.185899045483517E+002 
     14.66000000 -0.233337335014081E+005  0.185899047365556E+002 
     14.68000000 -0.233337335012234E+005  0.185899049212359E+002 
     14.70000000 -0.233337335010424E+005  0.185899051022039E+002 
     14.72000000 -0.233337335008650E+005  0.185899052796020E+002 
     14.74000000 -0.233337335006907E+005  0.185899054539621E+002 
     14.76000000 -0.233337335005187E+005  0.185899056259897E+002 
     14.78000000 -0.233337335003481E+005  0.185899057965355E+002 
     14.80000000 -0.233337335001783E+005  0.185899059663883E+002 
     14.82000000 -0.233337335000083E+005  0.185899061362999E+002 
     14.84000000 -0.233337334998378E+005  0.185899063068178E+002 
     14.86000000 -0.233337334996663E+005  0.185899064783504E+002 
     14.88000000 -0.233337334994934E+005  0.185899066512411E+002 
     14.90000000 -0.233337334993190E+005  0.185899068256910E+002 
     14.92000000 -0.233337334991427E+005  0.185899070019506E+002 
     14.94000000 -0.233337334989644E+005  0.185899071802458E+002 
     14.96000000 -0.233337334987838E+005  0.185899073608116E+002 
     14.98000000 -0.233337334986007E+005  0.185899075439018E+002 
     15.00000000 -0.233337334984150E+005  0.185899077296835E+002 
     15.02000000 -0.233337334982264E+005  0.185899079182184E+002 
     15.04000000 -0.233337334980352E+005  0.185899081094262E+002 
     15.06000000 -0.233337334978417E+005  0.185899083029417E+002 
     15.08000000 -0.233337334976465E+005  0.185899084981711E+002 
     15.10000000 -0.233337334974503E+005  0.185899086943658E+002 
     15.12000000 -0.233337334972542E+005  0.185899088904861E+002 
     15.14000000 -0.233337334970592E+005  0.185899090854526E+002 
     15.16000000 -0.233337334968665E+005  0.185899092781607E+002 
     15.18000000 -0.233337334966770E+005  0.185899094676670E+002 
     15.20000000 -0.233337334964914E+005  0.185899096532816E+002 
     15.22000000 -0.233337334963100E+005  0.185899098346209E+002 
     15.24000000 -0.233337334961328E+005  0.185899100118333E+002 
     15.26000000 -0.233337334959592E+005  0.185899101854386E+002 
     15.28000000 -0.233337334957883E+005  0.185899103563742E+002 
     15.30000000 -0.233337334956188E+005  0.185899105258681E+002 
     15.32000000 -0.233337334954494E+005  0.185899106952476E+002 
     15.34000000 -0.233337334952788E+005  0.185899108658583E+002 
     15.36000000 -0.233337334951058E+005  0.185899110388511E+002 
     15.38000000 -0.233337334949296E+005  0.185899112150025E+002 
     15.40000000 -0.233337334947499E+005  0.185899113947114E+002 
     15.42000000 -0.233337334945667E+005  0.185899115779563E+002 
     15.44000000 -0.233337334943804E+005  0.185899117642762E+002 
     15.46000000 -0.233337334941918E+005  0.185899119528544E+002 
     15.48000000 -0.233337334940019E+005  0.185899121427010E+002 
     15.50000000 -0.233337334938121E+005  0.185899123325538E+002 
     15.52000000 -0.233337334936234E+005  0.185899125212217E+002 
     15.54000000 -0.233337334934372E+005  0.185899127074891E+002 
     15.56000000 -0.233337334932543E+005  0.185899128903132E+002 
     15.58000000 -0.233337334930758E+005  0.185899130688373E+002 
     15.60000000 -0.233337334929022E+005  0.185899132424860E+002 
     15.62000000 -0.233337334927336E+005  0.185899134110054E+002 
     15.64000000 -0.233337334925702E+005  0.185899135744360E+002 
     15.66000000 -0.233337334924115E+005  0.185899137331643E+002 
     15.68000000 -0.233337334922568E+005  0.185899138878555E+002 
     15.70000000 -0.233337334921053E+005  0.185899140393789E+002 
     15.72000000 -0.233337334919559E+005  0.185899141887738E+002 
     15.74000000 -0.233337334918076E+005  0.185899143370490E+002 
     15.76000000 -0.233337334916595E+005  0.185899144851632E+002 
     15.78000000 -0.233337334915107E+005  0.185899146339178E+002 
     15.80000000 -0.233337334913607E+005  0.185899147838975E+002 
     15.82000000 -0.233337334912093E+005  0.185899149353961E+002 
     15.84000000 -0.233337334910561E+005  0.185899150885312E+002 
     15.86000000 -0.233337334909015E+005  0.185899152431760E+002 
     15.88000000 -0.233337334907456E+005  0.185899153990799E+002 
     15.90000000 -0.233337334905887E+005  0.185899155559118E+002 
     15.92000000 -0.233337334904313E+005  0.185899157133377E+002 
     15.94000000 -0.233337334902736E+005  0.185899158710792E+002 
     15.96000000 -0.233337334901158E+005  0.185899160288609E+002 
     15.98000000 -0.233337334899581E+005  0.185899161865312E+002 
     16.00000000 -0.233337334898006E+005  0.185899163440004E+002 
     16.02000000 -0.233337334896434E+005  0.185899165012221E+002 
     16.04000000 -0.233337334894864E+005  0.185899166582273E+002 
     16.06000000 -0.233337334893296E+005  0.185899168150840E+002 
     16.08000000 -0.233337334891727E+005  0.185899169719221E+002 
     16.10000000 -0.233337334890158E+005  0.185899171288902E+002 
     16.12000000 -0.233337334888584E+005  0.185899172862419E+002 
     16.14000000 -0.233337334887003E+005  0.185899174443267E+002 
     16.16000000 -0.233337334885412E+005  0.185899176034912E+002 
     16.18000000 -0.233337334883804E+005  0.185899177642489E+002 
     16.20000000 -0.233337334882175E+005  0.185899179271071E+002 
     16.22000000 -0.233337334880520E+005  0.185899180926382E+002 
     16.24000000 -0.233337334878833E+005  0.185899182613433E+002 
     16.26000000 -0.233337334877109E+005  0.185899184337112E+002 
     16.28000000 -0.233337334875346E+005  0.185899186100760E+002 
     16.30000000 -0.233337334873542E+005  0.185899187904934E+002 
     16.32000000 -0.233337334871699E+005  0.185899189747746E+002 
     16.34000000 -0.233337334869823E+005  0.185899191623598E+002 
     16.36000000 -0.233337334867923E+005  0.185899193523951E+002 
     16.38000000 -0.233337334866009E+005  0.185899195437916E+002 
     16.40000000 -0.233337334864094E+005  0.185899197352221E+002 
     16.42000000 -0.233337334862193E+005  0.185899199253780E+002 
     16.44000000 -0.233337334860315E+005  0.185899201131086E+002 
     16.46000000 -0.233337334858471E+005  0.185899202975229E+002 
     16.48000000 -0.233337334856664E+005  0.185899204782001E+002 
     16.50000000 -0.233337334854896E+005  0.185899206550475E+002 
     16.52000000 -0.233337334853162E+005  0.185899208284610E+002 
     16.54000000 -0.233337334851455E+005  0.185899209991305E+002 
     16.56000000 -0.233337334849766E+005  0.185899211680058E+002 
     16.58000000 -0.233337334848085E+005  0.185899213361076E+002 
     16.60000000 -0.233337334846402E+005  0.185899215044043E+002 
     16.62000000 -0.233337334844708E+005  0.185899216737993E+002 
     16.64000000 -0.233337334842997E+005  0.185899218449019E+002 
     16.66000000 -0.233337334841266E+005  0.185899220180958E+002 
     16.68000000 -0.233337334839512E+005  0.185899221934768E+002 
     16.70000000 -0.233337334837738E+005  0.185899223708687E+002 
     16.72000000 -0.233337334835948E+005  0.185899225498413E+002 
     16.74000000 -0.233337334834148E+005  0.185899227298194E+002 
     16.76000000 -0.233337334832345E+005  0.185899229101099E+002 
     16.78000000 -0.233337334830546E+005  0.185899230900045E+002 
     16.80000000 -0.233337334828757E+005  0.185899232689029E+002 
     16.82000000 -0.233337334826983E+005  0.185899234463443E+002 
     16.84000000 -0.233337334825226E+005  0.185899236220532E+002 
     16.86000000 -0.233337334823487E+005  0.185899237959370E+002 
     16.88000000 -0.233337334821766E+005  0.185899239680821E+002 
     16.90000000 -0.233337334820059E+005  0.185899241387423E+002 
     16.92000000 -0.233337334818365E+005  0.185899243081280E+002 
     16.94000000 -0.233337334816681E+005  0.185899244765640E+002 
     16.96000000 -0.233337334815004E+005  0.185899246442791E+002 
     16.98000000 -0.233337334813331E+005  0.185899248115209E+002 
     17.00000000 -0.233337334811662E+005  0.185899249784813E+002 
     17.02000000 -0.233337334809993E+005  0.185899251453178E+002 
     17.04000000 -0.233337334808324E+005  0.185899253122163E+002 
     17.06000000 -0.233337334806653E+005  0.185899254793684E+002 
     17.08000000 -0.233337334804976E+005  0.185899256470155E+002 
     17.10000000 -0.233337334803293E+005  0.185899258153184E+002 
     17.12000000 -0.233337334801602E+005  0.185899259844659E+002 
     17.14000000 -0.233337334799901E+005  0.185899261545600E+002 
     17.16000000 -0.233337334798191E+005  0.185899263255296E+002 
     17.18000000 -0.233337334796475E+005  0.185899264971766E+002 
     17.20000000 -0.233337334794754E+005  0.185899266692011E+002 
     17.22000000 -0.233337334793035E+005  0.185899268411019E+002 
     17.24000000 -0.233337334791322E+005  0.185899270124025E+002 
     17.26000000 -0.233337334789620E+005  0.185899271826482E+002 
     17.28000000 -0.233337334787932E+005  0.185899273514028E+002 
     17.30000000 -0.233337334786261E+005  0.185899275185085E+002 
     17.32000000 -0.233337334784608E+005  0.185899276838880E+002 
     17.34000000 -0.233337334782969E+005  0.185899278477331E+002 
     17.36000000 -0.233337334781343E+005  0.185899280103284E+002 
     17.38000000 -0.233337334779726E+005  0.185899281720853E+002 
     17.40000000 -0.233337334778112E+005  0.185899283334307E+002 
     17.42000000 -0.233337334776500E+005  0.185899284946679E+002 
     17.44000000 -0.233337334774886E+005  0.185899286560258E+002 
     17.46000000 -0.233337334773272E+005  0.185899288174795E+002 
     17.48000000 -0.233337334771658E+005  0.185899289788157E+002 
     17.50000000 -0.233337334770049E+005  0.185899291397250E+002 
     17.52000000 -0.233337334768450E+005  0.185899292996846E+002 
     17.54000000 -0.233337334766864E+005  0.185899294582891E+002 
     17.56000000 -0.233337334765295E+005  0.185899296151458E+002 
     17.58000000 -0.233337334763745E+005  0.185899297700969E+002 
     17.60000000 -0.233337334762215E+005  0.185899299231918E+002 
     17.62000000 -0.233337334760698E+005  0.185899300747987E+002 
     17.64000000 -0.233337334759192E+005  0.185899302254960E+002 
     17.66000000 -0.233337334757686E+005  0.185899303760388E+002 
     17.68000000 -0.233337334756173E+005  0.185899305273177E+002 
     17.70000000 -0.233337334754646E+005  0.185899306800847E+002 
     17.72000000 -0.233337334753096E+005  0.185899308350605E+002 
     17.74000000 -0.233337334751520E+005  0.185899309926720E+002 
     17.76000000 -0.233337334749916E+005  0.185899311530307E+002 
     17.78000000 -0.233337334748287E+005  0.185899313159817E+002 
     17.80000000 -0.233337334746636E+005  0.185899314810395E+002 
     17.82000000 -0.233337334744971E+005  0.185899316475667E+002 
     17.84000000 -0.233337334743298E+005  0.185899318147992E+002 
     17.86000000 -0.233337334741627E+005  0.185899319819297E+002 
     17.88000000 -0.233337334739964E+005  0.185899321482651E+002 
     17.90000000 -0.233337334738314E+005  0.185899323132703E+002 
     17.92000000 -0.233337334736681E+005  0.185899324765430E+002 
     17.94000000 -0.233337334735068E+005  0.185899326378638E+002 
     17.96000000 -0.233337334733475E+005  0.185899327971675E+002 
     17.98000000 -0.233337334731901E+005  0.185899329545068E+002 
     18.00000000 -0.233337334730347E+005  0.185899331099714E+002 
     18.02000000 -0.233337334728808E+005  0.185899332638025E+002 
     18.04000000 -0.233337334727284E+005  0.185899334162354E+002 
     18.06000000 -0.233337334725771E+005  0.185899335675855E+002 
     18.08000000 -0.233337334724264E+005  0.185899337182798E+002 
     18.10000000 -0.233337334722759E+005  0.185899338687204E+002 
     18.12000000 -0.233337334721252E+005  0.185899340194147E+002 
     18.14000000 -0.233337334719738E+005  0.185899341708453E+002 
     18.16000000 -0.233337334718211E+005  0.185899343235133E+002 
     18.18000000 -0.233337334716668E+005  0.185899344778209E+002 
     18.20000000 -0.233337334715105E+005  0.185899346341207E+002 
     18.22000000 -0.233337334713520E+005  0.185899347926541E+002 
     18.24000000 -0.233337334711912E+005  0.185899349534861E+002 
     18.26000000 -0.233337334710281E+005  0.185899351165268E+002 
     18.28000000 -0.233337334708631E+005  0.185899352815877E+002 
     18.30000000 -0.233337334706964E+005  0.185899354482510E+002 
     18.32000000 -0.233337334705286E+005  0.185899356160342E+002 
     18.34000000 -0.233337334703603E+005  0.185899357843495E+002 
     18.36000000 -0.233337334701921E+005  0.185899359525504E+002 
     18.38000000 -0.233337334700246E+005  0.185899361200397E+002 
     18.40000000 -0.233337334698584E+005  0.185899362862266E+002 
     18.42000000 -0.233337334696940E+005  0.185899364506254E+002 
     18.44000000 -0.233337334695317E+005  0.185899366129083E+002 
     18.46000000 -0.233337334693717E+005  0.185899367729080E+002 
     18.48000000 -0.233337334692141E+005  0.185899369305505E+002 
     18.50000000 -0.233337334690587E+005  0.185899370859748E+002 
     18.52000000 -0.233337334689052E+005  0.185899372394317E+002 
     18.54000000 -0.233337334687534E+005  0.185899373912335E+002 
     18.56000000 -0.233337334686029E+005  0.185899375417484E+002 
     18.58000000 -0.233337334684533E+005  0.185899376913785E+002 
     18.60000000 -0.233337334683041E+005  0.185899378405012E+002 
     18.62000000 -0.233337334681552E+005  0.185899379894538E+002 
     18.64000000 -0.233337334680061E+005  0.185899381385858E+002 
     18.66000000 -0.233337334678564E+005  0.185899382882221E+002 
     18.68000000 -0.233337334677060E+005  0.185899384386968E+002 
     18.70000000 -0.233337334675543E+005  0.185899385903130E+002 
     18.72000000 -0.233337334674013E+005  0.185899387433553E+002 
     18.74000000 -0.233337334672466E+005  0.185899388980093E+002 
     18.76000000 -0.233337334670903E+005  0.185899390543772E+002 
     18.78000000 -0.233337334669323E+005  0.185899392123476E+002 
     18.80000000 -0.233337334667729E+005  0.185899393717101E+002 
     18.82000000 -0.233337334666126E+005  0.185899395320625E+002 
     18.84000000 -0.233337334664518E+005  0.185899396928574E+002 
     18.86000000 -0.233337334662912E+005  0.185899398534666E+002 
     18.88000000 -0.233337334661314E+005  0.185899400132807E+002 
     18.90000000 -0.233337334659729E+005  0.185899401717151E+002 
     18.92000000 -0.233337334658163E+005  0.185899403283120E+002 
     18.94000000 -0.233337334656618E+005  0.185899404828392E+002 
     18.96000000 -0.233337334655094E+005  0.185899406352071E+002 
     18.98000000 -0.233337334653591E+005  0.185899407855611E+002 
     19.00000000 -0.233337334652105E+005  0.185899409341827E+002 
     19.02000000 -0.233337334650632E+005  0.185899410814555E+002 
     19.04000000 -0.233337334649169E+005  0.185899412277322E+002 
     19.06000000 -0.233337334647713E+005  0.185899413733561E+002 
     19.08000000 -0.233337334646262E+005  0.185899415184819E+002 
     19.10000000 -0.233337334644814E+005  0.185899416632273E+002 
     19.12000000 -0.233337334643371E+005  0.185899418075581E+002 
     19.14000000 -0.233337334641932E+005  0.185899419514434E+002 
     19.16000000 -0.233337334640497E+005  0.185899420949389E+002 
     19.18000000 -0.233337334639065E+005  0.185899422381561E+002 
     19.20000000 -0.233337334637632E+005  0.185899423814258E+002 
     19.22000000 -0.233337334636195E+005  0.185899425251131E+002 
     19.24000000 -0.233337334634749E+005  0.185899426697471E+002 
     19.26000000 -0.233337334633289E+005  0.185899428157422E+002 
     19.28000000 -0.233337334631812E+005  0.185899429634450E+002 
     19.30000000 -0.233337334630317E+005  0.185899431129514E+002 
     19.32000000 -0.233337334628805E+005  0.185899432641097E+002 
     19.34000000 -0.233337334627281E+005  0.185899434165147E+002 
     19.36000000 -0.233337334625751E+005  0.185899435695447E+002 
     19.38000000 -0.233337334624222E+005  0.185899437224911E+002 
     19.40000000 -0.233337334622701E+005  0.185899438745651E+002 
     19.42000000 -0.233337334621194E+005  0.185899440252532E+002 
     19.44000000 -0.233337334619705E+005  0.185899441741099E+002 
     19.46000000 -0.233337334618236E+005  0.185899443210177E+002 
     19.48000000 -0.233337334616785E+005  0.185899444661621E+002 
     19.50000000 -0.233337334615347E+005  0.185899446099577E+002 
     19.52000000 -0.233337334613917E+005  0.185899447529799E+002 
     19.54000000 -0.233337334612488E+005  0.185899448958970E+002 
     19.56000000 -0.233337334611054E+005  0.185899450392873E+002 
     19.58000000 -0.233337334609610E+005  0.185899451836491E+002 
     19.60000000 -0.233337334608154E+005  0.185899453292946E+002 
     19.62000000 -0.233337334606683E+005  0.185899454763354E+002 
     19.64000000 -0.233337334605200E+005  0.185899456246817E+002 
     19.66000000 -0.233337334603705E+005  0.185899457741076E+002 
     19.68000000 -0.233337334602203E+005  0.185899459243131E+002 
     19.70000000 -0.233337334600697E+005  0.185899460749146E+002 
     19.72000000 -0.233337334599190E+005  0.185899462256522E+002 
     19.74000000 -0.233337334597684E+005  0.185899463762227E+002 
     19.76000000 -0.233337334596181E+005  0.185899465265025E+002 
     19.78000000 -0.233337334594682E+005  0.185899466764017E+002 
     19.80000000 -0.233337334593187E+005  0.185899468259328E+002 
     19.82000000 -0.233337334591695E+005  0.185899469751329E+002 
     19.84000000 -0.233337334590205E+005  0.185899471241072E+002 
     19.86000000 -0.233337334588717E+005  0.185899472729763E+002 
     19.88000000 -0.233337334587228E+005  0.185899474218206E+002 
     19.90000000 -0.233337334585738E+005  0.185899475707979E+002 
     19.92000000 -0.233337334584246E+005  0.185899477200413E+002 
     19.94000000 -0.233337334582749E+005  0.185899478697240E+002 
     19.96000000 -0.233337334581246E+005  0.185899480200471E+002 
     19.98000000 -0.233337334579734E+005  0.185899481712951E+002 
     20.00000000 -0.233337334578209E+005  0.185899483237590E+002 
     20.02000000 -0.233337334576670E+005  0.185899484776829E+002 
     20.04000000 -0.233337334575114E+005  0.185899486332713E+002 
     20.06000000 -0.233337334573540E+005  0.185899487906106E+002 
     20.08000000 -0.233337334571951E+005  0.185899489495399E+002 
     20.10000000 -0.233337334570349E+005  0.185899491097686E+002 
     20.12000000 -0.233337334568739E+005  0.185899492706965E+002 
     20.14000000 -0.233337334567131E+005  0.185899494315934E+002 
     20.16000000 -0.233337334565530E+005  0.185899495916241E+002 
     20.18000000 -0.233337334563947E+005  0.185899497499781E+002 
     20.20000000 -0.233337334562387E+005  0.185899499059902E+002 
     20.22000000 -0.233337334560854E+005  0.185899500592553E+002 
     20.24000000 -0.233337334559349E+005  0.185899502097856E+002 
     20.26000000 -0.233337334557868E+005  0.185899503578689E+002 
     20.28000000 -0.233337334556404E+005  0.185899505042322E+002 
     20.30000000 -0.233337334554948E+005  0.185899506498375E+002 
     20.32000000 -0.233337334553489E+005  0.185899507957244E+002 
     20.34000000 -0.233337334552018E+005  0.185899509428889E+002 
     20.36000000 -0.233337334550525E+005  0.185899510921756E+002 
     20.38000000 -0.233337334549006E+005  0.185899512440084E+002 
     20.40000000 -0.233337334547462E+005  0.185899513984459E+002 
     20.42000000 -0.233337334545894E+005  0.185899515552005E+002 
     20.44000000 -0.233337334544311E+005  0.185899517135669E+002 
     20.46000000 -0.233337334542720E+005  0.185899518726973E+002 
     20.48000000 -0.233337334541130E+005  0.185899520316700E+002 
     20.50000000 -0.233337334539550E+005  0.185899521896466E+002 
     20.52000000 -0.233337334537986E+005  0.185899523460083E+002 
     20.54000000 -0.233337334536443E+005  0.185899525003778E+002 
     20.56000000 -0.233337334534919E+005  0.185899526527550E+002 
     20.58000000 -0.233337334533413E+005  0.185899528033503E+002 
     20.60000000 -0.233337334531920E+005  0.185899529526463E+002 
     20.62000000 -0.233337334530435E+005  0.185899531011348E+002 
     20.64000000 -0.233337334528953E+005  0.185899532493574E+002 
     20.66000000 -0.233337334527469E+005  0.185899533977160E+002 
     20.68000000 -0.233337334525981E+005  0.185899535465077E+002 
     20.70000000 -0.233337334524489E+005  0.185899536957419E+002 
     20.72000000 -0.233337334522993E+005  0.185899538453225E+002 
     20.74000000 -0.233337334521496E+005  0.185899539950206E+002 
     20.76000000 -0.233337334520001E+005  0.185899541445146E+002 
     20.78000000 -0.233337334518511E+005  0.185899542935384E+002 
     20.80000000 -0.233337334517028E+005  0.185899544418599E+002 
     20.82000000 -0.233337334515552E+005  0.185899545894544E+002 
     20.84000000 -0.233337334514082E+005  0.185899547364147E+002 
     20.86000000 -0.233337334512617E+005  0.185899548829791E+002 
     20.88000000 -0.233337334511152E+005  0.185899550294940E+002 
     20.90000000 -0.233337334509683E+005  0.185899551763027E+002 
     20.92000000 -0.233337334508210E+005  0.185899553236745E+002 
     20.94000000 -0.233337334506729E+005  0.185899554717331E+002 
     20.96000000 -0.233337334505242E+005  0.185899556204351E+002 
     20.98000000 -0.233337334503751E+005  0.185899557695455E+002 
     21.00000000 -0.233337334502259E+005  0.185899559187208E+002 
     21.02000000 -0.233337334500771E+005  0.185899560675744E+002 
     21.04000000 -0.233337334499289E+005  0.185899562157289E+002 
     21.06000000 -0.233337334497817E+005  0.185899563629862E+002 
     21.08000000 -0.233337334496354E+005  0.185899565092381E+002 
     21.10000000 -0.233337334494900E+005  0.185899566546053E+002 
     21.12000000 -0.233337334493454E+005  0.185899567992733E+002 
     21.14000000 -0.233337334492011E+005  0.185899569435948E+002 
     21.16000000 -0.233337334490569E+005  0.185899570877926E+002 
     21.18000000 -0.233337334489126E+005  0.185899572320368E+002 
     21.20000000 -0.233337334487682E+005  0.185899573764233E+002 
     21.22000000 -0.233337334486237E+005  0.185899575209180E+002 
     21.24000000 -0.233337334484792E+005  0.185899576654344E+002 
     21.26000000 -0.233337334483348E+005  0.185899578098890E+002 
     21.28000000 -0.233337334481904E+005  0.185899579542476E+002 
     21.30000000 -0.233337334480461E+005  0.185899580985568E+002 
     21.32000000 -0.233337334479017E+005  0.185899582429804E+002 
     21.34000000 -0.233337334477569E+005  0.185899583877134E+002 
     21.36000000 -0.233337334476117E+005  0.185899585329320E+002 
     21.38000000 -0.233337334474659E+005  0.185899586787416E+002 
     21.40000000 -0.233337334473196E+005  0.185899588250708E+002 
     21.42000000 -0.233337334471729E+005  0.185899589717063E+002 
     21.44000000 -0.233337334470263E+005  0.185899591183542E+002 
     21.46000000 -0.233337334468801E+005  0.185899592645938E+002 
     21.48000000 -0.233337334467345E+005  0.185899594101094E+002 
     21.50000000 -0.233337334465899E+005  0.185899595547093E+002 
     21.52000000 -0.233337334464463E+005  0.185899596983750E+002 
     21.54000000 -0.233337334463033E+005  0.185899598413849E+002 
     21.56000000 -0.233337334461606E+005  0.185899599840792E+002 
     21.58000000 -0.233337334460176E+005  0.185899601270581E+002 
     21.60000000 -0.233337334458738E+005  0.185899602708259E+002 
     21.62000000 -0.233337334457288E+005  0.185899604158867E+002 
     21.64000000 -0.233337334455821E+005  0.185899605625656E+002 
     21.66000000 -0.233337334454336E+005  0.185899607110603E+002 
     21.68000000 -0.233337334452832E+005  0.185899608614112E+002 
     21.70000000 -0.233337334451311E+005  0.185899610135038E+002 
     21.72000000 -0.233337334449774E+005  0.185899611672329E+002 
     21.74000000 -0.233337334448223E+005  0.185899613223819E+002 
     21.76000000 -0.233337334446659E+005  0.185899614787344E+002 
     21.78000000 -0.233337334445086E+005  0.185899616360582E+002 
     21.80000000 -0.233337334443505E+005  0.185899617941616E+002 
     21.82000000 -0.233337334441919E+005  0.185899619527878E+002 
     21.84000000 -0.233337334440330E+005  0.185899621116956E+002 
     21.86000000 -0.233337334438739E+005  0.185899622707085E+002 
     21.88000000 -0.233337334437149E+005  0.185899624297307E+002 
     21.90000000 -0.233337334435559E+005  0.185899625887405E+002 
     21.92000000 -0.233337334433968E+005  0.185899627478369E+002 
     21.94000000 -0.233337334432375E+005  0.185899629071871E+002 
     21.96000000 -0.233337334430776E+005  0.185899630670414E+002 
     21.98000000 -0.233337334429171E+005  0.185899632275362E+002 
     22.00000000 -0.233337334427559E+005  0.185899633887548E+002 
     22.02000000 -0.233337334425940E+005  0.185899635506107E+002 
     22.04000000 -0.233337334424319E+005  0.185899637127853E+002 
     22.06000000 -0.233337334422698E+005  0.185899638748577E+002 
     22.08000000 -0.233337334421083E+005  0.185899640362991E+002 
     22.10000000 -0.233337334419481E+005  0.185899641965711E+002 
     22.12000000 -0.233337334417894E+005  0.185899643552561E+002 
     22.14000000 -0.233337334416325E+005  0.185899645121066E+002 
     22.16000000 -0.233337334414775E+005  0.185899646671474E+002 
     22.18000000 -0.233337334413240E+005  0.185899648206166E+002 
     22.20000000 -0.233337334411717E+005  0.185899649729350E+002 
     22.22000000 -0.233337334410199E+005  0.185899651247121E+002 
     22.24000000 -0.233337334408681E+005  0.185899652765757E+002 
     22.26000000 -0.233337334407155E+005  0.185899654291200E+002 
     22.28000000 -0.233337334405618E+005  0.185899655828150E+002 
     22.30000000 -0.233337334404066E+005  0.185899657380321E+002 
     22.32000000 -0.233337334402497E+005  0.185899658949445E+002 
     22.34000000 -0.233337334400911E+005  0.185899660535738E+002 
     22.36000000 -0.233337334399309E+005  0.185899662137685E+002 
     22.38000000 -0.233337334397693E+005  0.185899663753119E+002 
     22.40000000 -0.233337334396068E+005  0.185899665378020E+002 
     22.42000000 -0.233337334394438E+005  0.185899667008892E+002 
     22.44000000 -0.233337334392805E+005  0.185899668641125E+002 
     22.46000000 -0.233337334391176E+005  0.185899670270635E+002 
     22.48000000 -0.233337334389553E+005  0.185899671893958E+002 
     22.50000000 -0.233337334387938E+005  0.185899673508186E+002 
     22.52000000 -0.233337334386335E+005  0.185899675111463E+002 
     22.54000000 -0.233337334384744E+005  0.185899676702428E+002 
     22.56000000 -0.233337334383166E+005  0.185899678279966E+002 
     22.58000000 -0.233337334381603E+005  0.185899679843521E+002 
     22.60000000 -0.233337334380054E+005  0.185899681392475E+002 
     22.62000000 -0.233337334378521E+005  0.185899682925342E+002 
     22.64000000 -0.233337334377004E+005  0.185899684442154E+002 
     22.66000000 -0.233337334375504E+005  0.185899685942322E+002 
     22.68000000 -0.233337334374019E+005  0.185899687427238E+002 
     22.70000000 -0.233337334372548E+005  0.185899688898914E+002 
     22.72000000 -0.233337334371086E+005  0.185899690360753E+002 
     22.74000000 -0.233337334369629E+005  0.185899691817765E+002 
     22.76000000 -0.233337334368171E+005  0.185899693275613E+002 
     22.78000000 -0.233337334366706E+005  0.185899694740483E+002 
     22.80000000 -0.233337334365229E+005  0.185899696217202E+002 
     22.82000000 -0.233337334363737E+005  0.185899697709234E+002 
     22.84000000 -0.233337334362229E+005  0.185899699217291E+002 
     22.86000000 -0.233337334360707E+005  0.185899700739825E+002 
     22.88000000 -0.233337334359175E+005  0.185899702271826E+002 
     22.90000000 -0.233337334357640E+005  0.185899703806673E+002 
     22.92000000 -0.233337334356110E+005  0.185899705336570E+002 
     22.94000000 -0.233337334354592E+005  0.185899706854217E+002 
     22.96000000 -0.233337334353093E+005  0.185899708353673E+002 
     22.98000000 -0.233337334351614E+005  0.185899709832496E+002 
     23.00000000 -0.233337334350155E+005  0.185899711291488E+002 
     23.02000000 -0.233337334348712E+005  0.185899712734889E+002 
     23.04000000 -0.233337334347277E+005  0.185899714169659E+002 
     23.06000000 -0.233337334345842E+005  0.185899715604150E+002 
     23.08000000 -0.233337334344400E+005  0.185899717046004E+002 
     23.10000000 -0.233337334342946E+005  0.185899718500975E+002 
     23.12000000 -0.233337334341475E+005  0.185899719971228E+002 
     23.14000000 -0.233337334339991E+005  0.185899721455155E+002 
     23.16000000 -0.233337334338499E+005  0.185899722947929E+002 
     23.18000000 -0.233337334337005E+005  0.185899724441910E+002 
     23.20000000 -0.233337334335517E+005  0.185899725929147E+002 
     23.22000000 -0.233337334334044E+005  0.185899727402369E+002 
     23.24000000 -0.233337334332590E+005  0.185899728856876E+002 
     23.26000000 -0.233337334331155E+005  0.185899730291398E+002 
     23.28000000 -0.233337334329739E+005  0.185899731707390E+002 
     23.30000000 -0.233337334328337E+005  0.185899733109090E+002 
     23.32000000 -0.233337334326944E+005  0.185899734502498E+002 
     23.34000000 -0.233337334325552E+005  0.185899735894422E+002 
     23.36000000 -0.233337334324156E+005  0.185899737290862E+002 
     23.38000000 -0.233337334322750E+005  0.185899738696336E+002 
     23.40000000 -0.233337334321332E+005  0.185899740114308E+002 
     23.42000000 -0.233337334319900E+005  0.185899741545984E+002 
     23.44000000 -0.233337334318455E+005  0.185899742991674E+002 
     23.46000000 -0.233337334316996E+005  0.185899744450079E+002 
     23.48000000 -0.233337334315527E+005  0.185899745919156E+002 
     23.50000000 -0.233337334314050E+005  0.185899747396432E+002 
     23.52000000 -0.233337334312568E+005  0.185899748878966E+002 
     23.54000000 -0.233337334311083E+005  0.185899750363697E+002 
     23.56000000 -0.233337334309598E+005  0.185899751848304E+002 
     23.58000000 -0.233337334308116E+005  0.185899753330653E+002 
     23.60000000 -0.233337334306637E+005  0.185899754809383E+002 
     23.62000000 -0.233337334305162E+005  0.185899756283998E+002 
     23.64000000 -0.233337334303692E+005  0.185899757754870E+002 
     23.66000000 -0.233337334302223E+005  0.185899759223638E+002 
     23.68000000 -0.233337334300755E+005  0.185899760691818E+002 
     23.70000000 -0.233337334299285E+005  0.185899762161731E+002 
     23.72000000 -0.233337334297811E+005  0.185899763635232E+002 
     23.74000000 -0.233337334296332E+005  0.185899765114024E+002 
     23.76000000 -0.233337334294848E+005  0.185899766598817E+002 
     23.78000000 -0.233337334293357E+005  0.185899768089828E+002 
     23.80000000 -0.233337334291860E+005  0.185899769586283E+002 
     23.82000000 -0.233337334290360E+005  0.185899771086761E+002 
     23.84000000 -0.233337334288857E+005  0.185899772589682E+002 
     23.86000000 -0.233337334287353E+005  0.185899774093284E+002 
     23.88000000 -0.233337334285851E+005  0.185899775595339E+002 
     23.90000000 -0.233337334284352E+005  0.185899777094671E+002 
     23.92000000 -0.233337334282856E+005  0.185899778590044E+002 
     23.94000000 -0.233337334281366E+005  0.185899780080715E+002 
     23.96000000 -0.233337334279880E+005  0.185899781566003E+002 
     23.98000000 -0.233337334278400E+005  0.185899783046032E+002 
     24.00000000 -0.233337334276925E+005  0.185899784521080E+002 
     24.02000000 -0.233337334275455E+005  0.185899785991580E+002 
     24.04000000 -0.233337334273988E+005  0.185899787458709E+002 
     24.06000000 -0.233337334272523E+005  0.185899788923641E+002 
     24.08000000 -0.233337334271058E+005  0.185899790388078E+002 
     24.10000000 -0.233337334269592E+005  0.185899791854186E+002 
     24.12000000 -0.233337334268123E+005  0.185899793323449E+002 
     24.14000000 -0.233337334266649E+005  0.185899794797786E+002 
     24.16000000 -0.233337334265169E+005  0.185899796277876E+002 
     24.18000000 -0.233337334263683E+005  0.185899797763907E+002 
     24.20000000 -0.233337334262192E+005  0.185899799254794E+002 
     24.22000000 -0.233337334260697E+005  0.185899800749239E+002 
     24.24000000 -0.233337334259202E+005  0.185899802244828E+002 
     24.26000000 -0.233337334257707E+005  0.185899803739490E+002 
     24.28000000 -0.233337334256215E+005  0.185899805231614E+002 
     24.30000000 -0.233337334254727E+005  0.185899806719810E+002 
     24.32000000 -0.233337334253243E+005  0.185899808203149E+002 
     24.34000000 -0.233337334251765E+005  0.185899809681476E+002 
     24.36000000 -0.233337334250292E+005  0.185899811154761E+002 
     24.38000000 -0.233337334248823E+005  0.185899812623158E+002 
     24.40000000 -0.233337334247360E+005  0.185899814086481E+002 
     24.42000000 -0.233337334245902E+005  0.185899815544824E+002 
     24.44000000 -0.233337334244449E+005  0.185899816997753E+002 
     24.46000000 -0.233337334243001E+005  0.185899818445207E+002 
     24.48000000 -0.233337334241559E+005  0.185899819887710E+002 
     24.50000000 -0.233337334240120E+005  0.185899821326007E+002 
     24.52000000 -0.233337334238685E+005  0.185899822761519E+002 
     24.54000000 -0.233337334237251E+005  0.185899824195794E+002 
     24.56000000 -0.233337334235816E+005  0.185899825630409E+002 
     24.58000000 -0.233337334234380E+005  0.185899827066695E+002 
     24.60000000 -0.233337334232941E+005  0.185899828505269E+002 
     24.62000000 -0.233337334231501E+005  0.185899829945824E+002 
     24.64000000 -0.233337334230059E+005  0.185899831387121E+002 
     24.66000000 -0.233337334228619E+005  0.185899832827150E+002 
     24.68000000 -0.233337334227183E+005  0.185899834262972E+002 
     24.70000000 -0.233337334225754E+005  0.185899835692204E+002 
     24.72000000 -0.233337334224334E+005  0.185899837112465E+002 
     24.74000000 -0.233337334222924E+005  0.185899838522084E+002 
     24.76000000 -0.233337334221526E+005  0.185899839920473E+002 
     24.78000000 -0.233337334220138E+005  0.185899841308159E+002 
     24.80000000 -0.233337334218760E+005  0.185899842686223E+002 
     24.82000000 -0.233337334217390E+005  0.185899844056925E+002 
     24.84000000 -0.233337334216024E+005  0.185899845422770E+002 
     24.86000000 -0.233337334214661E+005  0.185899846785862E+002 
     24.88000000 -0.233337334213297E+005  0.185899848149665E+002 
     24.90000000 -0.233337334211930E+005  0.185899849516407E+002 
     24.92000000 -0.233337334210558E+005  0.185899850888717E+002 
     24.94000000 -0.233337334209177E+005  0.185899852269164E+002 
     24.96000000 -0.233337334207786E+005  0.185899853660067E+002 
     24.98000000 -0.233337334206383E+005  0.185899855063375E+002 
     25.00000000 -0.233337334204966E+005  0.185899856480418E+002 
     25.02000000 -0.233337334203535E+005  0.185899857911166E+002 
     25.04000000 -0.233337334202092E+005  0.185899859354660E+002 
     25.06000000 -0.233337334200638E+005  0.185899860808455E+002 
     25.08000000 -0.233337334199177E+005  0.185899862269304E+002 
     25.10000000 -0.233337334197714E+005  0.185899863732751E+002 
     25.12000000 -0.233337334196252E+005  0.185899865194713E+002 
     25.14000000 -0.233337334194794E+005  0.185899866652004E+002 
     25.16000000 -0.233337334193344E+005  0.185899868102304E+002 
     25.18000000 -0.233337334191901E+005  0.185899869545364E+002 
     25.20000000 -0.233337334190463E+005  0.185899870982980E+002 
     25.22000000 -0.233337334189029E+005  0.185899872417750E+002 
     25.24000000 -0.233337334187593E+005  0.185899873853881E+002 
     25.26000000 -0.233337334186151E+005  0.185899875295426E+002 
     25.28000000 -0.233337334184701E+005  0.185899876745942E+002 
     25.30000000 -0.233337334183239E+005  0.185899878207100E+002 
     25.32000000 -0.233337334181768E+005  0.185899879678776E+002 
     25.34000000 -0.233337334180287E+005  0.185899881158990E+002 
     25.36000000 -0.233337334178802E+005  0.185899882644154E+002 
     25.38000000 -0.233337334177316E+005  0.185899884130061E+002 
     25.40000000 -0.233337334175833E+005  0.185899885613059E+002 
     25.42000000 -0.233337334174356E+005  0.185899887090490E+002 
     25.44000000 -0.233337334172885E+005  0.185899888561609E+002 
     25.46000000 -0.233337334171419E+005  0.185899890027655E+002 
     25.48000000 -0.233337334169955E+005  0.185899891491628E+002 
     25.50000000 -0.233337334168489E+005  0.185899892957210E+002 
     25.52000000 -0.233337334167019E+005  0.185899894427834E+002 
     25.54000000 -0.233337334165541E+005  0.185899895905697E+002 
     25.56000000 -0.233337334164055E+005  0.185899897391882E+002 
     25.58000000 -0.233337334162561E+005  0.185899898885090E+002 
     25.60000000 -0.233337334161064E+005  0.185899900382504E+002 
     25.62000000 -0.233337334159566E+005  0.185899901880940E+002 
     25.64000000 -0.233337334158069E+005  0.185899903377179E+002 
     25.66000000 -0.233337334156578E+005  0.185899904868901E+002 
     25.68000000 -0.233337334155091E+005  0.185899906355148E+002 
     25.70000000 -0.233337334153610E+005  0.185899907836848E+002 
     25.72000000 -0.233337334152130E+005  0.185899909316412E+002 
     25.74000000 -0.233337334150650E+005  0.185899910796070E+002 
     25.76000000 -0.233337334149168E+005  0.185899912278666E+002 
     25.78000000 -0.233337334147681E+005  0.185899913765841E+002 
     25.80000000 -0.233337334146188E+005  0.185899915258739E+002 
     25.82000000 -0.233337334144691E+005  0.185899916755814E+002 
     25.84000000 -0.233337334143191E+005  0.185899918255641E+002 
     25.86000000 -0.233337334141691E+005  0.185899919755438E+002 
     25.88000000 -0.233337334140194E+005  0.185899921252946E+002 
     25.90000000 -0.233337334138700E+005  0.185899922746741E+002 
     25.92000000 -0.233337334137210E+005  0.185899924236329E+002 
     25.94000000 -0.233337334135723E+005  0.185899925723442E+002 
     25.96000000 -0.233337334134236E+005  0.185899927210184E+002 
     25.98000000 -0.233337334132746E+005  0.185899928700019E+002 
     26.00000000 -0.233337334131250E+005  0.185899930196413E+002 
     26.02000000 -0.233337334129744E+005  0.185899931702397E+002 
     26.04000000 -0.233337334128227E+005  0.185899933219177E+002 
     26.06000000 -0.233337334126699E+005  0.185899934747157E+002 
     26.08000000 -0.233337334125162E+005  0.185899936284911E+002 
     26.10000000 -0.233337334123617E+005  0.185899937829782E+002 
     26.12000000 -0.233337334122069E+005  0.185899939377312E+002 
     26.14000000 -0.233337334120524E+005  0.185899940922554E+002 
     26.16000000 -0.233337334118987E+005  0.185899942459504E+002 
     26.18000000 -0.233337334117464E+005  0.185899943982348E+002 
     26.20000000 -0.233337334115961E+005  0.185899945485084E+002 
     26.22000000 -0.233337334114484E+005  0.185899946962947E+002 
     26.24000000 -0.233337334113034E+005  0.185899948412535E+002 
     26.26000000 -0.233337334111614E+005  0.185899949832920E+002 
     26.28000000 -0.233337334110220E+005  0.185899951226328E+002 
     26.30000000 -0.233337334108849E+005  0.185899952597463E+002 
     26.32000000 -0.233337334107491E+005  0.185899953955296E+002 
     26.34000000 -0.233337334106136E+005  0.185899955310622E+002 
     26.36000000 -0.233337334104770E+005  0.185899956676189E+002 
     26.38000000 -0.233337334103382E+005  0.185899958064648E+002 
     26.40000000 -0.233337334101959E+005  0.185899959487353E+002 
     26.42000000 -0.233337334100494E+005  0.185899960952161E+002 
     26.44000000 -0.233337334098984E+005  0.185899962462909E+002 
     26.46000000 -0.233337334097428E+005  0.185899964018143E+002 
     26.48000000 -0.233337334095835E+005  0.185899965611458E+002 
     26.50000000 -0.233337334094215E+005  0.185899967231935E+002 
     26.52000000 -0.233337334092580E+005  0.185899968866395E+002 
     26.54000000 -0.233337334090947E+005  0.185899970499866E+002 
     26.56000000 -0.233337334089328E+005  0.185899972118487E+002 
     26.58000000 -0.233337334087736E+005  0.185899973710657E+002 
     26.60000000 -0.233337334086178E+005  0.185899975268118E+002 
     26.62000000 -0.233337334084660E+005  0.185899976786229E+002 
     26.64000000 -0.233337334083182E+005  0.185899978264587E+002 
     26.66000000 -0.233337334081741E+005  0.185899979705946E+002 
     26.68000000 -0.233337334080331E+005  0.185899981115844E+002 
     26.70000000 -0.233337334078945E+005  0.185899982501395E+002 
     26.72000000 -0.233337334077575E+005  0.185899983871571E+002 
     26.74000000 -0.233337334076210E+005  0.185899985236116E+002 
     26.76000000 -0.233337334074842E+005  0.185899986604683E+002 
     26.78000000 -0.233337334073459E+005  0.185899987987048E+002 
     26.80000000 -0.233337334072054E+005  0.185899989392460E+002 
     26.82000000 -0.233337334070619E+005  0.185899990827725E+002 
     26.84000000 -0.233337334069148E+005  0.185899992298225E+002 
     26.86000000 -0.233337334067640E+005  0.185899993806003E+002 
     26.88000000 -0.233337334066097E+005  0.185899995349636E+002 
     26.90000000 -0.233337334064522E+005  0.185899996924328E+002 
     26.92000000 -0.233337334062923E+005  0.185899998523645E+002 
     26.94000000 -0.233337334061308E+005  0.185900000138616E+002 
     26.96000000 -0.233337334059685E+005  0.185900001761073E+002 
     26.98000000 -0.233337334058063E+005  0.185900003382973E+002 
     27.00000000 -0.233337334056447E+005  0.185900004999181E+002 
     27.02000000 -0.233337334054839E+005  0.185900006606975E+002 
     27.04000000 -0.233337334053241E+005  0.185900008205797E+002 
     27.06000000 -0.233337334051649E+005  0.185900009797132E+002 
     27.08000000 -0.233337334050063E+005  0.185900011383209E+002 
     27.10000000 -0.233337334048481E+005  0.185900012965821E+002 
     27.12000000 -0.233337334046902E+005  0.185900014544937E+002 
     27.14000000 -0.233337334045327E+005  0.185900016119134E+002 
     27.16000000 -0.233337334043763E+005  0.185900017683834E+002 
     27.18000000 -0.233337334042213E+005  0.185900019233808E+002 
     27.20000000 -0.233337334040683E+005  0.185900020763489E+002 
     27.22000000 -0.233337334039179E+005  0.185900022267957E+002 
     27.24000000 -0.233337334037701E+005  0.185900023745480E+002 
     27.26000000 -0.233337334036249E+005  0.185900025197265E+002 
     27.28000000 -0.233337334034818E+005  0.185900026628724E+002 
     27.30000000 -0.233337334033398E+005  0.185900028048428E+002 
     27.32000000 -0.233337334031979E+005  0.185900029467142E+002 
     27.34000000 -0.233337334030550E+005  0.185900030896715E+002 
     27.36000000 -0.233337334029099E+005  0.185900032347169E+002 
     27.38000000 -0.233337334027620E+005  0.185900033826548E+002 
     27.40000000 -0.233337334026108E+005  0.185900035338193E+002 
     27.42000000 -0.233337334024565E+005  0.185900036881826E+002 
     27.44000000 -0.233337334022994E+005  0.185900038452744E+002 
     27.46000000 -0.233337334021403E+005  0.185900040043152E+002 
     27.48000000 -0.233337334019804E+005  0.185900041642716E+002 
     27.50000000 -0.233337334018205E+005  0.185900043241105E+002 
     27.52000000 -0.233337334016617E+005  0.185900044829038E+002 
     27.54000000 -0.233337334015048E+005  0.185900046398224E+002 
     27.56000000 -0.233337334013502E+005  0.185900047944084E+002 
     27.58000000 -0.233337334011982E+005  0.185900049464855E+002 
     27.60000000 -0.233337334010485E+005  0.185900050961806E+002 
     27.62000000 -0.233337334009008E+005  0.185900052438710E+002 
     27.64000000 -0.233337334007545E+005  0.185900053901631E+002 
     27.66000000 -0.233337334006089E+005  0.185900055357685E+002 
     27.68000000 -0.233337334004632E+005  0.185900056814048E+002 
     27.70000000 -0.233337334003169E+005  0.185900058277464E+002 
     27.72000000 -0.233337334001693E+005  0.185900059753533E+002 
     27.74000000 -0.233337334000200E+005  0.185900061246029E+002 
     27.76000000 -0.233337333998690E+005  0.185900062756251E+002 
     27.78000000 -0.233337333997163E+005  0.185900064283550E+002 
     27.80000000 -0.233337333995621E+005  0.185900065825635E+002 
     27.82000000 -0.233337333994068E+005  0.185900067378332E+002 
     27.84000000 -0.233337333992511E+005  0.185900068935979E+002 
     27.86000000 -0.233337333990954E+005  0.185900070492883E+002 
     27.88000000 -0.233337333989404E+005  0.185900072042920E+002 
     27.90000000 -0.233337333987866E+005  0.185900073580674E+002 
     27.92000000 -0.233337333986345E+005  0.185900075101446E+002 
     27.94000000 -0.233337333984844E+005  0.185900076602542E+002 
     27.96000000 -0.233337333983364E+005  0.185900078082818E+002 
     27.98000000 -0.233337333981903E+005  0.185900079543605E+002 
     28.00000000 -0.233337333980459E+005  0.185900080987098E+002 
     28.02000000 -0.233337333979028E+005  0.185900082418341E+002 
     28.04000000 -0.233337333977605E+005  0.185900083841912E+002 
     28.06000000 -0.233337333976183E+005  0.185900085263380E+002 
     28.08000000 -0.233337333974759E+005  0.185900086687477E+002 
     28.10000000 -0.233337333973329E+005  0.185900088117668E+002 
     28.12000000 -0.233337333971891E+005  0.185900089555872E+002 
     28.14000000 -0.233337333970444E+005  0.185900091002583E+002 
     28.16000000 -0.233337333968990E+005  0.185900092456749E+002 
     28.18000000 -0.233337333967531E+005  0.185900093915432E+002 
     28.20000000 -0.233337333966071E+005  0.185900095375724E+002 
     28.22000000 -0.233337333964612E+005  0.185900096834190E+002 
     28.24000000 -0.233337333963159E+005  0.185900098287491E+002 
     28.26000000 -0.233337333961713E+005  0.185900099733336E+002 
     28.28000000 -0.233337333960276E+005  0.185900101170116E+002 
     28.30000000 -0.233337333958849E+005  0.185900102597121E+002 
     28.32000000 -0.233337333957431E+005  0.185900104015402E+002 
     28.34000000 -0.233337333956020E+005  0.185900105426351E+002 
     28.36000000 -0.233337333954613E+005  0.185900106833155E+002 
     28.38000000 -0.233337333953207E+005  0.185900108239185E+002 
     28.40000000 -0.233337333951798E+005  0.185900109648526E+002 
     28.42000000 -0.233337333950382E+005  0.185900111064920E+002 
     28.44000000 -0.233337333948954E+005  0.185900112492172E+002 
     28.46000000 -0.233337333947514E+005  0.185900113932046E+002 
     28.48000000 -0.233337333946062E+005  0.185900115384790E+002 
     28.50000000 -0.233337333944599E+005  0.185900116847928E+002 
     28.52000000 -0.233337333943129E+005  0.185900118317346E+002 
     28.54000000 -0.233337333941660E+005  0.185900119786361E+002 
     28.56000000 -0.233337333940198E+005  0.185900121247983E+002 
     28.58000000 -0.233337333938750E+005  0.185900122696458E+002 
     28.60000000 -0.233337333937319E+005  0.185900124127144E+002 
     28.62000000 -0.233337333935907E+005  0.185900125539578E+002 
     28.64000000 -0.233337333934509E+005  0.185900126937008E+002 
     28.66000000 -0.233337333933120E+005  0.185900128326271E+002 
     28.68000000 -0.233337333931730E+005  0.185900129716803E+002 
     28.70000000 -0.233337333930327E+005  0.185900131119740E+002 
     28.72000000 -0.233337333928902E+005  0.185900132544796E+002 
     28.74000000 -0.233337333927447E+005  0.185900133999519E+002 
     28.76000000 -0.233337333925959E+005  0.185900135487406E+002 
     28.78000000 -0.233337333924439E+005  0.185900137007775E+002 
     28.80000000 -0.233337333922892E+005  0.185900138554779E+002 
     28.82000000 -0.233337333921327E+005  0.185900140119758E+002 
     28.84000000 -0.233337333919756E+005  0.185900141690583E+002 
     28.86000000 -0.233337333918192E+005  0.185900143254510E+002 
     28.88000000 -0.233337333916648E+005  0.185900144798947E+002 
     28.90000000 -0.233337333915133E+005  0.185900146313159E+002 
     28.92000000 -0.233337333913657E+005  0.185900147789940E+002 
     28.94000000 -0.233337333912221E+005  0.185900149225731E+002 
     28.96000000 -0.233337333910824E+005  0.185900150622202E+002 
     28.98000000 -0.233337333909461E+005  0.185900151985232E+002 
     29.00000000 -0.233337333908122E+005  0.185900153324967E+002 
     29.02000000 -0.233337333906792E+005  0.185900154654493E+002 
     29.04000000 -0.233337333905458E+005  0.185900155988165E+002 
     29.06000000 -0.233337333904106E+005  0.185900157339965E+002 
     29.08000000 -0.233337333902725E+005  0.185900158721680E+002 
     29.10000000 -0.233337333901305E+005  0.185900160141353E+002 
     29.12000000 -0.233337333899844E+005  0.185900161602480E+002 
     29.14000000 -0.233337333898343E+005  0.185900163103669E+002 
     29.16000000 -0.233337333896808E+005  0.185900164638918E+002 
     29.18000000 -0.233337333895248E+005  0.185900166198080E+002 
     29.20000000 -0.233337333893676E+005  0.185900167769988E+002 
     29.22000000 -0.233337333892105E+005  0.185900169341216E+002 
     29.24000000 -0.233337333890545E+005  0.185900170900997E+002 
     29.26000000 -0.233337333889007E+005  0.185900172439927E+002 
     29.28000000 -0.233337333887493E+005  0.185900173953057E+002 
     29.30000000 -0.233337333886008E+005  0.185900175438407E+002 
     29.32000000 -0.233337333884548E+005  0.185900176898266E+002 
     29.34000000 -0.233337333883109E+005  0.185900178337831E+002 
     29.36000000 -0.233337333881683E+005  0.185900179763320E+002 
     29.38000000 -0.233337333880265E+005  0.185900181181755E+002 
     29.40000000 -0.233337333878847E+005  0.185900182599201E+002 
     29.42000000 -0.233337333877427E+005  0.185900184019555E+002 
     29.44000000 -0.233337333876002E+005  0.185900185444270E+002 
     29.46000000 -0.233337333874573E+005  0.185900186873379E+002 
     29.48000000 -0.233337333873142E+005  0.185900188304684E+002 
     29.50000000 -0.233337333871711E+005  0.185900189735432E+002 
     29.52000000 -0.233337333870283E+005  0.185900191163241E+002 
     29.54000000 -0.233337333868860E+005  0.185900192586534E+002 
     29.56000000 -0.233337333867441E+005  0.185900194005217E+002 
     29.58000000 -0.233337333866026E+005  0.185900195420559E+002 
     29.60000000 -0.233337333864612E+005  0.185900196834076E+002 
     29.62000000 -0.233337333863198E+005  0.185900198248181E+002 
     29.64000000 -0.233337333861781E+005  0.185900199665317E+002 
     29.66000000 -0.233337333860360E+005  0.185900201086753E+002 
     29.68000000 -0.233337333858933E+005  0.185900202513140E+002 
     29.70000000 -0.233337333857503E+005  0.185900203943795E+002 
     29.72000000 -0.233337333856068E+005  0.185900205378224E+002 
     29.74000000 -0.233337333854631E+005  0.185900206815005E+002 
     29.76000000 -0.233337333853194E+005  0.185900208252652E+002 
     29.78000000 -0.233337333851756E+005  0.185900209690329E+002 
     29.80000000 -0.233337333850320E+005  0.185900211126955E+002 
     29.82000000 -0.233337333848884E+005  0.185900212562189E+002 
     29.84000000 -0.233337333847451E+005  0.185900213995103E+002 
     29.86000000 -0.233337333846022E+005  0.185900215424861E+002 
     29.88000000 -0.233337333844597E+005  0.185900216849669E+002 
     29.90000000 -0.233337333843179E+005  0.185900218267672E+002 
     29.92000000 -0.233337333841770E+005  0.185900219676765E+002 
     29.94000000 -0.233337333840371E+005  0.185900221075216E+002 
     29.96000000 -0.233337333838984E+005  0.185900222462561E+002 
     29.98000000 -0.233337333837606E+005  0.185900223840131E+002 
     30.00000000 -0.233337333836235E+005  0.185900225211049E+002 
