# Real time calculation: 
# Eall: Total energy
# Eall0: Initial total energy
# 1:Time[fs] 2:Eall[eV] 3:Eall-Eall0[eV] 
      0.00000000 -0.233523234061446E+005  0.000000000000000E+000 
      0.02000000 -0.233523234061721E+005 -0.274895191471728E-007 
      0.04000000 -0.233523234061697E+005 -0.250641553151468E-007 
      0.06000000 -0.233523234061550E+005 -0.103511063545398E-007 
      0.08000000 -0.233523234061019E+005  0.427006338947137E-007 
      0.10000000 -0.233523234059584E+005  0.186288978618552E-006 
      0.12000000 -0.233523234056345E+005  0.510105985957193E-006 
      0.14000000 -0.233523234049912E+005  0.115348942677580E-005 
      0.16000000 -0.233523234038268E+005  0.231780637065885E-005 
      0.18000000 -0.233523234018659E+005  0.427874705819140E-005 
      0.20000000 -0.233523233987465E+005  0.739810833314801E-005 
      0.22000000 -0.233523233940096E+005  0.121350233245212E-004 
      0.24000000 -0.233523233870886E+005  0.190560031952445E-004 
      0.26000000 -0.233523233773013E+005  0.288433052661276E-004 
      0.28000000 -0.233523233638428E+005  0.423018100360086E-004 
      0.30000000 -0.233523233457810E+005  0.603636491719225E-004 
      0.32000000 -0.233523233220539E+005  0.840907638967149E-004 
      0.34000000 -0.233523232914694E+005  0.114675248376013E-003 
      0.36000000 -0.233523232527071E+005  0.153437567818270E-003 
      0.38000000 -0.233523232043221E+005  0.201822536825547E-003 
      0.40000000 -0.233523231447516E+005  0.261393073462939E-003 
      0.42000000 -0.233523230723223E+005  0.333822316826115E-003 
      0.44000000 -0.233523229852604E+005  0.420884253505080E-003 
      0.46000000 -0.233523228817018E+005  0.524442806540510E-003 
      0.48000000 -0.233523227597050E+005  0.646439621984452E-003 
      0.50000000 -0.233523226172638E+005  0.788880819112963E-003 
      0.52000000 -0.233523224523217E+005  0.953822927028174E-003 
      0.54000000 -0.233523222627864E+005  0.114335821801298E-002 
      0.56000000 -0.233523220465453E+005  0.135959938814110E-002 
      0.58000000 -0.233523218014809E+005  0.160466373672784E-002 
      0.60000000 -0.233523215254878E+005  0.188065684462140E-002 
      0.62000000 -0.233523212164881E+005  0.218965655566473E-002 
      0.64000000 -0.233523208724469E+005  0.253369773155143E-002 
      0.66000000 -0.233523204913867E+005  0.291475796569036E-002 
      0.68000000 -0.233523200714001E+005  0.333474457781076E-002 
      0.70000000 -0.233523196106617E+005  0.379548295736670E-002 
      0.72000000 -0.233523191074377E+005  0.429870696107621E-002 
      0.74000000 -0.233523185600939E+005  0.484605075825411E-002 
      0.76000000 -0.233523179671018E+005  0.543904287567758E-002 
      0.78000000 -0.233523173270422E+005  0.607910242651665E-002 
      0.80000000 -0.233523166386080E+005  0.676753666640890E-002 
      0.82000000 -0.233523159006050E+005  0.750553961991157E-002 
      0.84000000 -0.233523151119521E+005  0.829419250432155E-002 
      0.86000000 -0.233523142716784E+005  0.913446622000425E-002 
      0.88000000 -0.233523133789189E+005  0.100272257216170E-001 
      0.90000000 -0.233523124329089E+005  0.109732357597867E-001 
      0.92000000 -0.233523114329762E+005  0.119731684603717E-001 
      0.94000000 -0.233523103785321E+005  0.130276125835357E-001 
      0.96000000 -0.233523092690605E+005  0.141370841347149E-001 
      0.98000000 -0.233523081041067E+005  0.153020379809964E-001 
      1.00000000 -0.233523068832639E+005  0.165228807853613E-001 
      1.02000000 -0.233523056061603E+005  0.177999843090627E-001 
      1.04000000 -0.233523042724458E+005  0.191336988439342E-001 
      1.06000000 -0.233523028817781E+005  0.205243665302354E-001 
      1.08000000 -0.233523014338102E+005  0.219723344672292E-001 
      1.10000000 -0.233522999281781E+005  0.234779665213618E-001 
      1.12000000 -0.233522983644896E+005  0.250416550230753E-001 
      1.14000000 -0.233522967423134E+005  0.266638312447504E-001 
      1.16000000 -0.233522950611700E+005  0.283449746071895E-001 
      1.18000000 -0.233522933205240E+005  0.300856206486695E-001 
      1.20000000 -0.233522915197759E+005  0.318863687217595E-001 
      1.22000000 -0.233522896582561E+005  0.337478885486091E-001 
      1.24000000 -0.233522877352198E+005  0.356709248025348E-001 
      1.26000000 -0.233522857498445E+005  0.376563001149764E-001 
      1.28000000 -0.233522837012279E+005  0.397049167119987E-001 
      1.30000000 -0.233522815883885E+005  0.418177561451504E-001 
      1.32000000 -0.233522794102665E+005  0.439958781220921E-001 
      1.34000000 -0.233522771657273E+005  0.462404173944590E-001 
      1.36000000 -0.233522748535646E+005  0.485525800950660E-001 
      1.38000000 -0.233522724725065E+005  0.509336381570962E-001 
      1.40000000 -0.233522700212223E+005  0.533849223906774E-001 
      1.42000000 -0.233522674983306E+005  0.559078140807284E-001 
      1.44000000 -0.233522649024086E+005  0.585037360558043E-001 
      1.46000000 -0.233522622320028E+005  0.611741418884218E-001 
      1.48000000 -0.233522594856407E+005  0.639205039538543E-001 
      1.50000000 -0.233522566618442E+005  0.667443004123630E-001 
      1.52000000 -0.233522537591431E+005  0.696470015448703E-001 
      1.54000000 -0.233522507760892E+005  0.726300554266075E-001 
      1.56000000 -0.233522477112708E+005  0.756948738884662E-001 
      1.58000000 -0.233522445633257E+005  0.788428189516653E-001 
      1.60000000 -0.233522413309556E+005  0.820751890891794E-001 
      1.62000000 -0.233522380129401E+005  0.853932045312506E-001 
      1.64000000 -0.233522346081524E+005  0.887979922058594E-001 
      1.66000000 -0.233522311155737E+005  0.922905709699915E-001 
      1.68000000 -0.233522275343067E+005  0.958718379607784E-001 
      1.70000000 -0.233522238635889E+005  0.995425557014721E-001 
      1.72000000 -0.233522201028051E+005  0.103303339547712E+000 
      1.74000000 -0.233522162514990E+005  0.107154645604016E+000 
      1.76000000 -0.233522123093850E+005  0.111096759664245E+000 
      1.78000000 -0.233522082763569E+005  0.115129787701949E+000 
      1.80000000 -0.233522041524974E+005  0.119253647245477E+000 
      1.82000000 -0.233521999380849E+005  0.123468059702813E+000 
      1.84000000 -0.233521956335998E+005  0.127772544895231E+000 
      1.86000000 -0.233521912397265E+005  0.132166418158605E+000 
      1.88000000 -0.233521867573563E+005  0.136648788391372E+000 
      1.90000000 -0.233521821875867E+005  0.141218557896753E+000 
      1.92000000 -0.233521775317208E+005  0.145874423802710E+000 
      1.94000000 -0.233521727912639E+005  0.150614880710041E+000 
      1.96000000 -0.233521679679207E+005  0.155438223937546E+000 
      1.98000000 -0.233521630635896E+005  0.160342555037873E+000 
      2.00000000 -0.233521580803551E+005  0.165325789587143E+000 
      2.02000000 -0.233521530204786E+005  0.170385666054231E+000 
      2.04000000 -0.233521478863884E+005  0.175519756219934E+000 
      2.06000000 -0.233521426806676E+005  0.180725477056304E+000 
      2.08000000 -0.233521374060404E+005  0.186000104279603E+000 
      2.10000000 -0.233521320653586E+005  0.191340786088879E+000 
      2.12000000 -0.233521266615874E+005  0.196744557210799E+000 
      2.14000000 -0.233521211977913E+005  0.202208353355933E+000 
      2.16000000 -0.233521156771190E+005  0.207729025637915E+000 
      2.18000000 -0.233521101027889E+005  0.213303355769086E+000 
      2.20000000 -0.233521044780738E+005  0.218928070888007E+000 
      2.22000000 -0.233520988062868E+005  0.224599857864159E+000 
      2.24000000 -0.233520930907678E+005  0.230315376832332E+000 
      2.26000000 -0.233520873348713E+005  0.236071273307079E+000 
      2.28000000 -0.233520815419546E+005  0.241864190074414E+000 
      2.30000000 -0.233520757153673E+005  0.247690777394436E+000 
      2.32000000 -0.233520698584423E+005  0.253547702356295E+000 
      2.34000000 -0.233520639744873E+005  0.259431657366973E+000 
      2.36000000 -0.233520580667770E+005  0.265339367600609E+000 
      2.38000000 -0.233520521385479E+005  0.271267596709249E+000 
      2.40000000 -0.233520461929933E+005  0.277213151333270E+000 
      2.42000000 -0.233520402332600E+005  0.283172884652814E+000 
      2.44000000 -0.233520342624467E+005  0.289143697928387E+000 
      2.46000000 -0.233520282836046E+005  0.295122540086316E+000 
      2.48000000 -0.233520222997392E+005  0.301106405451164E+000 
      2.50000000 -0.233520163138145E+005  0.307092330181923E+000 
      2.52000000 -0.233520103287578E+005  0.313077386842794E+000 
      2.54000000 -0.233520043474664E+005  0.319058678253151E+000 
      2.56000000 -0.233519983728146E+005  0.325033330078434E+000 
      2.58000000 -0.233519924076627E+005  0.330998481902078E+000 
      2.60000000 -0.233519864548669E+005  0.336951277780832E+000 
      2.62000000 -0.233519805172884E+005  0.342888856258692E+000 
      2.64000000 -0.233519745978047E+005  0.348808339984857E+000 
      2.66000000 -0.233519686993198E+005  0.354706824886216E+000 
      2.68000000 -0.233519628247755E+005  0.360581369182055E+000 
      2.70000000 -0.233519569771615E+005  0.366428983162882E+000 
      2.72000000 -0.233519511595249E+005  0.372246619708617E+000 
      2.74000000 -0.233519453749787E+005  0.378031165929747E+000 
      2.76000000 -0.233519396267091E+005  0.383779435520004E+000 
      2.78000000 -0.233519339179829E+005  0.389488161761794E+000 
      2.80000000 -0.233519282521533E+005  0.395153991305009E+000 
      2.82000000 -0.233519226326656E+005  0.400773479050257E+000 
      2.84000000 -0.233519170630599E+005  0.406343084776859E+000 
      2.86000000 -0.233519115469733E+005  0.411859171373328E+000 
      2.88000000 -0.233519060881398E+005  0.417318004843552E+000 
      2.90000000 -0.233519006903885E+005  0.422715756150569E+000 
      2.92000000 -0.233518953576402E+005  0.428048504436977E+000 
      2.94000000 -0.233518900939029E+005  0.433312241773577E+000 
      2.96000000 -0.233518849032648E+005  0.438502879810558E+000 
      2.98000000 -0.233518797898865E+005  0.443616258198214E+000 
      3.00000000 -0.233518747579899E+005  0.448648154706034E+000 
      3.02000000 -0.233518698118481E+005  0.453594296529718E+000 
      3.04000000 -0.233518649557716E+005  0.458450373018157E+000 
      3.06000000 -0.233518601940943E+005  0.463212050352447E+000 
      3.08000000 -0.233518555311570E+005  0.467874987620112E+000 
      3.10000000 -0.233518509712898E+005  0.472434854810443E+000 
      3.12000000 -0.233518465187927E+005  0.476887351911136E+000 
      3.14000000 -0.233518421779160E+005  0.481228228626756E+000 
      3.16000000 -0.233518379528407E+005  0.485453303967256E+000 
      3.18000000 -0.233518338476583E+005  0.489558486346945E+000 
      3.20000000 -0.233518298663509E+005  0.493539793698919E+000 
      3.22000000 -0.233518260127718E+005  0.497393372893445E+000 
      3.24000000 -0.233518222906266E+005  0.501115517999336E+000 
      3.26000000 -0.233518187034568E+005  0.504702687870935E+000 
      3.28000000 -0.233518152546222E+005  0.508151522432699E+000 
      3.30000000 -0.233518119472873E+005  0.511458857389158E+000 
      3.32000000 -0.233518087844071E+005  0.514621737558226E+000 
      3.34000000 -0.233518057687164E+005  0.517637428202971E+000 
      3.36000000 -0.233518029027201E+005  0.520503424593860E+000 
      3.38000000 -0.233518001886854E+005  0.523217459232261E+000 
      3.40000000 -0.233517976286375E+005  0.525777507124990E+000 
      3.42000000 -0.233517952243561E+005  0.528181788531403E+000 
      3.44000000 -0.233517929773760E+005  0.530428768629297E+000 
      3.46000000 -0.233517908889906E+005  0.532517154050096E+000 
      3.48000000 -0.233517889602583E+005  0.534445886351415E+000 
      3.50000000 -0.233517871920123E+005  0.536214132340342E+000 
      3.52000000 -0.233517855848725E+005  0.537821272126056E+000 
      3.54000000 -0.233517841392595E+005  0.539266885124483E+000 
      3.56000000 -0.233517828554110E+005  0.540550733600469E+000 
      3.58000000 -0.233517817333999E+005  0.541672744700293E+000 
      3.60000000 -0.233517807731534E+005  0.542632991221991E+000 
      3.62000000 -0.233517799744729E+005  0.543431671736042E+000 
      3.64000000 -0.233517793370543E+005  0.544069090384306E+000 
      3.66000000 -0.233517788605082E+005  0.544545636406744E+000 
      3.68000000 -0.233517785443808E+005  0.544861763804240E+000 
      3.70000000 -0.233517783881734E+005  0.545017971267485E+000 
      3.72000000 -0.233517783913614E+005  0.545014783256658E+000 
      3.74000000 -0.233517785534119E+005  0.544852732745461E+000 
      3.76000000 -0.233517788737993E+005  0.544532345307763E+000 
      3.78000000 -0.233517793520191E+005  0.544054125549169E+000 
      3.80000000 -0.233517799875990E+005  0.543418545605111E+000 
      3.82000000 -0.233517807801080E+005  0.542626036608759E+000 
      3.84000000 -0.233517817291613E+005  0.541676983317479E+000 
      3.86000000 -0.233517828344222E+005  0.540571722494895E+000 
      3.88000000 -0.233517840956006E+005  0.539310544095730E+000 
      3.90000000 -0.233517855124489E+005  0.537893695711268E+000 
      3.92000000 -0.233517870847550E+005  0.536321389638186E+000 
      3.94000000 -0.233517888123326E+005  0.534593812081936E+000 
      3.96000000 -0.233517906950104E+005  0.532711134241030E+000 
      3.98000000 -0.233517927326191E+005  0.530673525563018E+000 
      4.00000000 -0.233517949249761E+005  0.528481168565809E+000 
      4.02000000 -0.233517972718691E+005  0.526134275570825E+000 
      4.04000000 -0.233517997730380E+005  0.523633106658123E+000 
      4.06000000 -0.233518024281553E+005  0.520977989310597E+000 
      4.08000000 -0.233518052368059E+005  0.518169338754247E+000 
      4.10000000 -0.233518081984657E+005  0.515207678932626E+000 
      4.12000000 -0.233518113124814E+005  0.512093663199772E+000 
      4.14000000 -0.233518145780506E+005  0.508828094057223E+000 
      4.16000000 -0.233518179942026E+005  0.505411942009366E+000 
      4.18000000 -0.233518215597811E+005  0.501846363506182E+000 
      4.20000000 -0.233518252734277E+005  0.498132716918468E+000 
      4.22000000 -0.233518291335673E+005  0.494272577346795E+000 
      4.24000000 -0.233518331383948E+005  0.490267749862006E+000 
      4.26000000 -0.233518372858635E+005  0.486120281127789E+000 
      4.28000000 -0.233518415736756E+005  0.481832469092848E+000 
      4.30000000 -0.233518459992739E+005  0.477406870771249E+000 
      4.32000000 -0.233518505598368E+005  0.472846307894382E+000 
      4.34000000 -0.233518552522747E+005  0.468153869939577E+000 
      4.36000000 -0.233518600732300E+005  0.463332914621975E+000 
      4.38000000 -0.233518650190791E+005  0.458387065509388E+000 
      4.40000000 -0.233518700859376E+005  0.453320207004514E+000 
      4.42000000 -0.233518752696678E+005  0.448136476852295E+000 
      4.44000000 -0.233518805658888E+005  0.442840255810470E+000 
      4.46000000 -0.233518859699898E+005  0.437436154894753E+000 
      4.48000000 -0.233518914771443E+005  0.431929000313124E+000 
      4.50000000 -0.233518970823287E+005  0.426323815937619E+000 
      4.52000000 -0.233519027803403E+005  0.420625804306682E+000 
      4.54000000 -0.233519085658187E+005  0.414840325932230E+000 
      4.56000000 -0.233519144332674E+005  0.408972877285768E+000 
      4.58000000 -0.233519203770765E+005  0.403029068107002E+000 
      4.60000000 -0.233519263915465E+005  0.397014598096838E+000 
      4.62000000 -0.233519324709108E+005  0.390935233860958E+000 
      4.64000000 -0.233519386093588E+005  0.384796785816270E+000 
      4.66000000 -0.233519448010587E+005  0.378605085963565E+000 
      4.68000000 -0.233519510401782E+005  0.372365966455220E+000 
      4.70000000 -0.233519573209058E+005  0.366085238877515E+000 
      4.72000000 -0.233519636374698E+005  0.359768674891034E+000 
      4.74000000 -0.233519699841564E+005  0.353421988291018E+000 
      4.76000000 -0.233519763553266E+005  0.347050818094781E+000 
      4.78000000 -0.233519827454310E+005  0.340660713630669E+000 
      4.80000000 -0.233519891490234E+005  0.334257121214035E+000 
      4.82000000 -0.233519955607713E+005  0.327845373353743E+000 
      4.84000000 -0.233520019754644E+005  0.321430680294336E+000 
      4.86000000 -0.233520083880202E+005  0.315018124432126E+000 
      4.88000000 -0.233520147934864E+005  0.308612658217756E+000 
      4.90000000 -0.233520211870397E+005  0.302219104988363E+000 
      4.92000000 -0.233520275639816E+005  0.295842163038733E+000 
      4.94000000 -0.233520339197320E+005  0.289486412625153E+000 
      4.96000000 -0.233520402498193E+005  0.283156325357508E+000 
      4.98000000 -0.233520465498688E+005  0.276856275868255E+000 
      5.00000000 -0.233520528155901E+005  0.270590554598171E+000 
      5.02000000 -0.233520590427638E+005  0.264363380891461E+000 
      5.04000000 -0.233520652272285E+005  0.258178916189863E+000 
      5.06000000 -0.233520713648678E+005  0.252041276806024E+000 
      5.08000000 -0.233520774515994E+005  0.245954545236708E+000 
      5.10000000 -0.233520834833641E+005  0.239922780498434E+000 
      5.12000000 -0.233520894561184E+005  0.233950026272864E+000 
      5.14000000 -0.233520953658275E+005  0.228040317165107E+000 
      5.16000000 -0.233521012084619E+005  0.222197682756303E+000 
      5.18000000 -0.233521069799949E+005  0.216426149762943E+000 
      5.20000000 -0.233521126764027E+005  0.210729741931682E+000 
      5.22000000 -0.233521182936663E+005  0.205112478356437E+000 
      5.24000000 -0.233521238277744E+005  0.199578370254880E+000 
      5.26000000 -0.233521292747282E+005  0.194131416417788E+000 
      5.28000000 -0.233521346305467E+005  0.188775597903556E+000 
      5.30000000 -0.233521398912727E+005  0.183514871916014E+000 
      5.32000000 -0.233521450529790E+005  0.178353165604898E+000 
      5.34000000 -0.233521501117753E+005  0.173294369340414E+000 
      5.36000000 -0.233521550638144E+005  0.168342330216729E+000 
      5.38000000 -0.233521599052993E+005  0.163500845317258E+000 
      5.40000000 -0.233521646324894E+005  0.158773655215053E+000 
      5.42000000 -0.233521692417071E+005  0.154164437522705E+000 
      5.44000000 -0.233521737293443E+005  0.149676800392733E+000 
      5.46000000 -0.233521780918686E+005  0.145314276045826E+000 
      5.48000000 -0.233521823258305E+005  0.141080314110375E+000 
      5.50000000 -0.233521864278697E+005  0.136978274943435E+000 
      5.52000000 -0.233521903947220E+005  0.133011422667091E+000 
      5.54000000 -0.233521942232266E+005  0.129182918037765E+000 
      5.56000000 -0.233521979103335E+005  0.125495811167024E+000 
      5.58000000 -0.233522014531107E+005  0.121953033998009E+000 
      5.60000000 -0.233522048487516E+005  0.118557393091214E+000 
      5.62000000 -0.233522080945822E+005  0.115311562407170E+000 
      5.64000000 -0.233522111880684E+005  0.112218076293308E+000 
      5.66000000 -0.233522141268213E+005  0.109279323318465E+000 
      5.68000000 -0.233522169086041E+005  0.106497540503358E+000 
      5.70000000 -0.233522195313361E+005  0.103874808519360E+000 
      5.72000000 -0.233522219930967E+005  0.101413047901958E+000 
      5.74000000 -0.233522242921280E+005  0.991140166068290E-001 
      5.76000000 -0.233522264268360E+005  0.969793086424805E-001 
      5.78000000 -0.233522283957904E+005  0.950103542558636E-001 
      5.80000000 -0.233522301977231E+005  0.932084215039104E-001 
      5.82000000 -0.233522318315255E+005  0.915746191614956E-001 
      5.84000000 -0.233522332962435E+005  0.901099011019405E-001 
      5.86000000 -0.233522345910730E+005  0.888150716674618E-001 
      5.88000000 -0.233522357153524E+005  0.876907922089914E-001 
      5.90000000 -0.233522366685564E+005  0.867375882075897E-001 
      5.92000000 -0.233522374502876E+005  0.859558570021987E-001 
      5.94000000 -0.233522380602689E+005  0.853458757091977E-001 
      5.96000000 -0.233522384983358E+005  0.849078088851916E-001 
      5.98000000 -0.233522387644286E+005  0.846417160660568E-001 
      6.00000000 -0.233522388585862E+005  0.845475584954690E-001 
      6.02000000 -0.233522387809395E+005  0.846252051295355E-001 
      6.04000000 -0.233522385317071E+005  0.848744375957978E-001 
      6.06000000 -0.233522381111907E+005  0.852949539240844E-001 
      6.08000000 -0.233522375197736E+005  0.858863710770566E-001 
      6.10000000 -0.233522367579185E+005  0.866482261721709E-001 
      6.12000000 -0.233522358261682E+005  0.875799764074333E-001 
      6.14000000 -0.233522347251470E+005  0.886809976043246E-001 
      6.16000000 -0.233522334555628E+005  0.899505818350279E-001 
      6.18000000 -0.233522320182109E+005  0.913879337286978E-001 
      6.20000000 -0.233522304139784E+005  0.929921662518229E-001 
      6.22000000 -0.233522286438490E+005  0.947622956161988E-001 
      6.24000000 -0.233522267089086E+005  0.966972360136614E-001 
      6.26000000 -0.233522246103506E+005  0.987957940723981E-001 
      6.28000000 -0.233522223494812E+005  0.101056663455563E+000 
      6.30000000 -0.233522199277249E+005  0.103478419772346E+000 
      6.32000000 -0.233522173466287E+005  0.106059515980915E+000 
      6.34000000 -0.233522146078662E+005  0.108798278422453E+000 
      6.36000000 -0.233522117132408E+005  0.111692903814203E+000 
      6.38000000 -0.233522086646876E+005  0.114741457071588E+000 
      6.40000000 -0.233522054642745E+005  0.117941870148121E+000 
      6.42000000 -0.233522021142026E+005  0.121291942094184E+000 
      6.44000000 -0.233521986168047E+005  0.124789339985098E+000 
      6.46000000 -0.233521949745437E+005  0.128431600965979E+000 
      6.48000000 -0.233521911900093E+005  0.132216135311288E+000 
      6.50000000 -0.233521872659145E+005  0.136140230103084E+000 
      6.52000000 -0.233521832050909E+005  0.140201053778592E+000 
      6.54000000 -0.233521790104835E+005  0.144395661141790E+000 
      6.56000000 -0.233521746851459E+005  0.148720998733860E+000 
      6.58000000 -0.233521702322343E+005  0.153173910370686E+000 
      6.60000000 -0.233521656550018E+005  0.157751142862884E+000 
      6.62000000 -0.233521609567933E+005  0.162449351386241E+000 
      6.64000000 -0.233521561410397E+005  0.167265104923326E+000 
      6.66000000 -0.233521512112536E+005  0.172194891021400E+000 
      6.68000000 -0.233521461710245E+005  0.177235120176022E+000 
      6.70000000 -0.233521410240150E+005  0.182382129642331E+000 
      6.72000000 -0.233521357739581E+005  0.187632186593586E+000 
      6.74000000 -0.233521304246540E+005  0.192981490688841E+000 
      6.76000000 -0.233521249799686E+005  0.198426176046637E+000 
      6.78000000 -0.233521194438323E+005  0.203962312358698E+000 
      6.80000000 -0.233521138202390E+005  0.209585905629291E+000 
      6.82000000 -0.233521081132465E+005  0.215292898181416E+000 
      6.84000000 -0.233521023269762E+005  0.221079168415504E+000 
      6.86000000 -0.233520964656146E+005  0.226940530026744E+000 
      6.88000000 -0.233520905334136E+005  0.232872731033700E+000 
      6.90000000 -0.233520845346919E+005  0.238871452785273E+000 
      6.92000000 -0.233520784738358E+005  0.244932308809891E+000 
      6.94000000 -0.233520723553007E+005  0.251050843986428E+000 
      6.96000000 -0.233520661836105E+005  0.257222534104921E+000 
      6.98000000 -0.233520599633591E+005  0.263442785554113E+000 
      7.00000000 -0.233520536992086E+005  0.269706936076290E+000 
      7.02000000 -0.233520473958888E+005  0.276010255853126E+000 
      7.04000000 -0.233520410581949E+005  0.282347949723773E+000 
      7.06000000 -0.233520346909846E+005  0.288715160061893E+000 
      7.08000000 -0.233520282991739E+005  0.295106970794209E+000 
      7.10000000 -0.233520218877324E+005  0.301518412220299E+000 
      7.12000000 -0.233520154616777E+005  0.307944466983198E+000 
      7.14000000 -0.233520090260678E+005  0.314380076828861E+000 
      7.16000000 -0.233520025859941E+005  0.320820150497879E+000 
      7.18000000 -0.233519961465722E+005  0.327259572418426E+000 
      7.20000000 -0.233519897129326E+005  0.333693212011737E+000 
      7.22000000 -0.233519832902109E+005  0.340115933749326E+000 
      7.24000000 -0.233519768835372E+005  0.346522607485527E+000 
      7.26000000 -0.233519704980255E+005  0.352908119114870E+000 
      7.28000000 -0.233519641387636E+005  0.359267381056208E+000 
      7.30000000 -0.233519578108017E+005  0.365595342950304E+000 
      7.32000000 -0.233519515191431E+005  0.371887001559274E+000 
      7.34000000 -0.233519452687341E+005  0.378137410585600E+000 
      7.36000000 -0.233519390644550E+005  0.384341689643504E+000 
      7.38000000 -0.233519329111121E+005  0.390495032589943E+000 
      7.40000000 -0.233519268134293E+005  0.396592715317331E+000 
      7.42000000 -0.233519207760422E+005  0.402630102407823E+000 
      7.44000000 -0.233519148034914E+005  0.408602653286434E+000 
      7.46000000 -0.233519089002174E+005  0.414505927269762E+000 
      7.48000000 -0.233519030705572E+005  0.420335587457700E+000 
      7.50000000 -0.233518973187403E+005  0.426087404359112E+000 
      7.52000000 -0.233518916488866E+005  0.431757258066616E+000 
      7.54000000 -0.233518860650047E+005  0.437341139939489E+000 
      7.56000000 -0.233518805709912E+005  0.442835153442027E+000 
      7.58000000 -0.233518751706300E+005  0.448235514610674E+000 
      7.60000000 -0.233518698675929E+005  0.453538551735385E+000 
      7.62000000 -0.233518646654401E+005  0.458740704518171E+000 
      7.64000000 -0.233518595676213E+005  0.463838523352298E+000 
      7.66000000 -0.233518545774768E+005  0.468828667880681E+000 
      7.68000000 -0.233518496982390E+005  0.473707905597584E+000 
      7.70000000 -0.233518449330343E+005  0.478473110360614E+000 
      7.72000000 -0.233518402848835E+005  0.483121261119255E+000 
      7.74000000 -0.233518357567041E+005  0.487649440556798E+000 
      7.76000000 -0.233518313513106E+005  0.492054834066356E+000 
      7.78000000 -0.233518270714157E+005  0.496334728906326E+000 
      7.80000000 -0.233518229196312E+005  0.500486513457926E+000 
      7.82000000 -0.233518188984679E+005  0.504507676720945E+000 
      7.84000000 -0.233518150103367E+005  0.508395807970354E+000 
      7.86000000 -0.233518112575482E+005  0.512148596434575E+000 
      7.88000000 -0.233518076423138E+005  0.515763830812883E+000 
      7.90000000 -0.233518041667455E+005  0.519239399105258E+000 
      7.92000000 -0.233518008328564E+005  0.522573288272094E+000 
      7.94000000 -0.233517976425607E+005  0.525763583927934E+000 
      7.96000000 -0.233517945976744E+005  0.528808470217726E+000 
      7.98000000 -0.233517916999151E+005  0.531706229569338E+000 
      8.00000000 -0.233517889509023E+005  0.534455242297578E+000 
      8.02000000 -0.233517863521588E+005  0.537053985824618E+000 
      8.04000000 -0.233517839051109E+005  0.539501033761195E+000 
      8.06000000 -0.233517816110898E+005  0.541795054839333E+000 
      8.08000000 -0.233517794713335E+005  0.543934811170656E+000 
      8.10000000 -0.233517774869881E+005  0.545919156560389E+000 
      8.12000000 -0.233517756591103E+005  0.547747034369701E+000 
      8.14000000 -0.233517739886693E+005  0.549417475316165E+000 
      8.16000000 -0.233517724765496E+005  0.550929595076244E+000 
      8.18000000 -0.233517711235522E+005  0.552282592432233E+000 
      8.20000000 -0.233517699303977E+005  0.553475746952079E+000 
      8.22000000 -0.233517688977274E+005  0.554508417266259E+000 
      8.24000000 -0.233517680261051E+005  0.555380039592146E+000 
      8.26000000 -0.233517673160186E+005  0.556090126051098E+000 
      8.28000000 -0.233517667678812E+005  0.556638263406285E+000 
      8.30000000 -0.233517663820324E+005  0.557024112211953E+000 
      8.32000000 -0.233517661587387E+005  0.557247405950314E+000 
      8.34000000 -0.233517660981938E+005  0.557307950895432E+000 
      8.36000000 -0.233517662005181E+005  0.557205626589633E+000 
      8.38000000 -0.233517664657575E+005  0.556940387124245E+000 
      8.40000000 -0.233517668938813E+005  0.556512263366971E+000 
      8.42000000 -0.233517674847782E+005  0.555921366488570E+000 
      8.44000000 -0.233517682382523E+005  0.555167892324797E+000 
      8.46000000 -0.233517691540176E+005  0.554252127025275E+000 
      8.48000000 -0.233517702316911E+005  0.553174453506693E+000 
      8.50000000 -0.233517714707860E+005  0.551935358694868E+000 
      8.52000000 -0.233517728707029E+005  0.550535441735102E+000 
      8.54000000 -0.233517744307227E+005  0.548975421948852E+000 
      8.56000000 -0.233517761499975E+005  0.547256147189486E+000 
      8.58000000 -0.233517780275426E+005  0.545378602030977E+000 
      8.60000000 -0.233517800622288E+005  0.543343915873072E+000 
      8.62000000 -0.233517822527743E+005  0.541153370310194E+000 
      8.64000000 -0.233517845977385E+005  0.538808406132202E+000 
      8.66000000 -0.233517870955150E+005  0.536310629666224E+000 
      8.68000000 -0.233517897443262E+005  0.533661818419340E+000 
      8.70000000 -0.233517925422187E+005  0.530863925941684E+000 
      8.72000000 -0.233517954870591E+005  0.527919085588231E+000 
      8.74000000 -0.233517985765316E+005  0.524829613086469E+000 
      8.76000000 -0.233518018081364E+005  0.521598008284268E+000 
      8.78000000 -0.233518051791891E+005  0.518226955586072E+000 
      8.80000000 -0.233518086868217E+005  0.514719322907273E+000 
      8.82000000 -0.233518123279855E+005  0.511078159162226E+000 
      8.84000000 -0.233518160994542E+005  0.507306690400373E+000 
      8.86000000 -0.233518199978305E+005  0.503408314166651E+000 
      8.88000000 -0.233518240195528E+005  0.499386591897485E+000 
      8.90000000 -0.233518281609048E+005  0.495245239881355E+000 
      8.92000000 -0.233518324180261E+005  0.490988118517900E+000 
      8.94000000 -0.233518367869248E+005  0.486619219872462E+000 
      8.96000000 -0.233518412634908E+005  0.482142653847796E+000 
      8.98000000 -0.233518458435116E+005  0.477562633006990E+000 
      9.00000000 -0.233518505226880E+005  0.472883456672477E+000 
      9.02000000 -0.233518552966509E+005  0.468109493796907E+000 
      9.04000000 -0.233518601609791E+005  0.463245165583435E+000 
      9.06000000 -0.233518651112169E+005  0.458294927744058E+000 
      9.08000000 -0.233518701428917E+005  0.453263252903356E+000 
      9.10000000 -0.233518752515313E+005  0.448154613348708E+000 
      9.12000000 -0.233518804326804E+005  0.442973464281673E+000 
      9.14000000 -0.233518856819167E+005  0.437724227904629E+000 
      9.16000000 -0.233518909948659E+005  0.432411278717008E+000 
      9.18000000 -0.233518963672148E+005  0.427038929835502E+000 
      9.20000000 -0.233519017947239E+005  0.421611420731124E+000 
      9.22000000 -0.233519072732383E+005  0.416132906386224E+000 
      9.24000000 -0.233519127986966E+005  0.410607448078727E+000 
      9.26000000 -0.233519183671389E+005  0.405039005725528E+000 
      9.28000000 -0.233519239747128E+005  0.399431431809805E+000 
      9.30000000 -0.233519296176772E+005  0.393788467421239E+000 
      9.32000000 -0.233519352924049E+005  0.388113739768780E+000 
      9.34000000 -0.233519409953832E+005  0.382410761416535E+000 
      9.36000000 -0.233519467232133E+005  0.376682931310831E+000 
      9.38000000 -0.233519524726071E+005  0.370933537508753E+000 
      9.40000000 -0.233519582403834E+005  0.365165761230728E+000 
      9.42000000 -0.233519640234623E+005  0.359382682382559E+000 
      9.44000000 -0.233519698188584E+005  0.353587286240643E+000 
      9.46000000 -0.233519756236732E+005  0.347782471439584E+000 
      9.48000000 -0.233519814350858E+005  0.341971058832197E+000 
      9.50000000 -0.233519872503435E+005  0.336155801169310E+000 
      9.52000000 -0.233519930667512E+005  0.330339393494176E+000 
      9.54000000 -0.233519988816607E+005  0.324524483954525E+000 
      9.56000000 -0.233520046924603E+005  0.318713684317631E+000 
      9.58000000 -0.233520104965639E+005  0.312909580757609E+000 
      9.60000000 -0.233520162914007E+005  0.307114743977601E+000 
      9.62000000 -0.233520220744060E+005  0.301331738660647E+000 
      9.64000000 -0.233520278430125E+005  0.295563132162640E+000 
      9.66000000 -0.233520335946426E+005  0.289811502051366E+000 
      9.68000000 -0.233520393267020E+005  0.284079442618485E+000 
      9.70000000 -0.233520450365746E+005  0.278369570011775E+000 
      9.72000000 -0.233520507216187E+005  0.272684525987637E+000 
      9.74000000 -0.233520563791645E+005  0.267026980135379E+000 
      9.76000000 -0.233520620065139E+005  0.261399630761978E+000 
      9.78000000 -0.233520676009407E+005  0.255805203991849E+000 
      9.80000000 -0.233520731596931E+005  0.250246451520909E+000 
      9.82000000 -0.233520786799977E+005  0.244726146944502E+000 
      9.84000000 -0.233520841590640E+005  0.239247080637529E+000 
      9.86000000 -0.233520895940914E+005  0.233812053288875E+000 
      9.88000000 -0.233520949822763E+005  0.228423868384018E+000 
      9.90000000 -0.233521003208212E+005  0.223085323437835E+000 
      9.92000000 -0.233521056069440E+005  0.217799200651997E+000 
      9.94000000 -0.233521108378881E+005  0.212568256511279E+000 
      9.96000000 -0.233521160109336E+005  0.207395211014813E+000 
      9.98000000 -0.233521211234084E+005  0.202282736276267E+000 
     10.00000000 -0.233521261726995E+005  0.197233445130196E+000 
     10.02000000 -0.233521311562651E+005  0.192249879565167E+000 
     10.04000000 -0.233521360716454E+005  0.187334499215650E+000 
     10.06000000 -0.233521409164746E+005  0.182489670095215E+000 
     10.08000000 -0.233521456884908E+005  0.177717653837075E+000 
     10.10000000 -0.233521503855472E+005  0.173020597407941E+000 
     10.12000000 -0.233521550056211E+005  0.168400523582904E+000 
     10.14000000 -0.233521595468223E+005  0.163859322323638E+000 
     10.16000000 -0.233521640074018E+005  0.159398742830998E+000 
     10.18000000 -0.233521683857575E+005  0.155020387110386E+000 
     10.20000000 -0.233521726804402E+005  0.150725704424967E+000 
     10.22000000 -0.233521768901577E+005  0.146515986995598E+000 
     10.24000000 -0.233521810137777E+005  0.142392366925813E+000 
     10.26000000 -0.233521850503303E+005  0.138355814361144E+000 
     10.28000000 -0.233521889990077E+005  0.134407136950841E+000 
     10.30000000 -0.233521928591640E+005  0.130546980667668E+000 
     10.32000000 -0.233521966303131E+005  0.126775831577430E+000 
     10.34000000 -0.233522003121255E+005  0.123094019173846E+000 
     10.36000000 -0.233522039044240E+005  0.119501720598190E+000 
     10.38000000 -0.233522074071785E+005  0.115998966158230E+000 
     10.40000000 -0.233522108204990E+005  0.112585645626746E+000 
     10.42000000 -0.233522141446290E+005  0.109261515653746E+000 
     10.44000000 -0.233522173799369E+005  0.106026207794291E+000 
     10.46000000 -0.233522205269075E+005  0.102879237130292E+000 
     10.48000000 -0.233522235861333E+005  0.998200113780022E-001 
     10.50000000 -0.233522265583044E+005  0.968478402584581E-001 
     10.52000000 -0.233522294441997E+005  0.939619449483537E-001 
     10.54000000 -0.233522322446770E+005  0.911614676948774E-001 
     10.56000000 -0.233522349606636E+005  0.884454810840661E-001 
     10.58000000 -0.233522375931475E+005  0.858129971699488E-001 
     10.60000000 -0.233522401431684E+005  0.832629762510227E-001 
     10.62000000 -0.233522426118096E+005  0.807943350527629E-001 
     10.64000000 -0.233522450001904E+005  0.784059542666672E-001 
     10.66000000 -0.233522473094592E+005  0.760966854674932E-001 
     10.68000000 -0.233522495407875E+005  0.738653571642937E-001 
     10.70000000 -0.233522516953646E+005  0.717107800007180E-001 
     10.72000000 -0.233522537743936E+005  0.696317510643641E-001 
     10.74000000 -0.233522557790873E+005  0.676270573392098E-001 
     10.76000000 -0.233522577106663E+005  0.656954783042166E-001 
     10.78000000 -0.233522595703570E+005  0.638357876502650E-001 
     10.80000000 -0.233522613593903E+005  0.620467543659991E-001 
     10.82000000 -0.233522630790016E+005  0.603271430533721E-001 
     10.84000000 -0.233522647304310E+005  0.586757136801598E-001 
     10.86000000 -0.233522663149238E+005  0.570912208529701E-001 
     10.88000000 -0.233522678337319E+005  0.555724127221174E-001 
     10.90000000 -0.233522692881152E+005  0.541180294131789E-001 
     10.92000000 -0.233522706793431E+005  0.527268015111425E-001 
     10.94000000 -0.233522720086964E+005  0.513974482351968E-001 
     10.96000000 -0.233522732774690E+005  0.501286756104273E-001 
     10.98000000 -0.233522744869699E+005  0.489191747818175E-001 
     11.00000000 -0.233522756385243E+005  0.477676203313432E-001 
     11.02000000 -0.233522767334758E+005  0.466726688673019E-001 
     11.04000000 -0.233522777731868E+005  0.456329578735023E-001 
     11.06000000 -0.233522787590400E+005  0.446471046791034E-001 
     11.08000000 -0.233522796924387E+005  0.437137059729230E-001 
     11.10000000 -0.233522805748072E+005  0.428313374260213E-001 
     11.12000000 -0.233522814075907E+005  0.419985539453744E-001 
     11.14000000 -0.233522821922546E+005  0.412138900512905E-001 
     11.16000000 -0.233522829302839E+005  0.404758607312369E-001 
     11.18000000 -0.233522836231819E+005  0.397829626989255E-001 
     11.20000000 -0.233522842724688E+005  0.391336758761361E-001 
     11.22000000 -0.233522848796793E+005  0.385264653169207E-001 
     11.24000000 -0.233522854463613E+005  0.379597833762003E-001 
     11.26000000 -0.233522859740725E+005  0.374320721351293E-001 
     11.28000000 -0.233522864643785E+005  0.369417661884072E-001 
     11.30000000 -0.233522869188492E+005  0.364872954099361E-001 
     11.32000000 -0.233522873390564E+005  0.360670882320115E-001 
     11.34000000 -0.233522877265699E+005  0.356795747822088E-001 
     11.36000000 -0.233522880829543E+005  0.353231903296271E-001 
     11.38000000 -0.233522884097660E+005  0.349963786847298E-001 
     11.40000000 -0.233522887085488E+005  0.346975958188289E-001 
     11.42000000 -0.233522889808314E+005  0.344253132824866E-001 
     11.44000000 -0.233522892281229E+005  0.341780217600345E-001 
     11.46000000 -0.233522894519100E+005  0.339542346364675E-001 
     11.48000000 -0.233522896536534E+005  0.337524912642599E-001 
     11.50000000 -0.233522898347843E+005  0.335713602982409E-001 
     11.52000000 -0.233522899967018E+005  0.334094428696039E-001 
     11.54000000 -0.233522901407691E+005  0.332653755650204E-001 
     11.56000000 -0.233522902683114E+005  0.331378332263268E-001 
     11.58000000 -0.233522903806131E+005  0.330255315924382E-001 
     11.60000000 -0.233522904789149E+005  0.329272297525547E-001 
     11.62000000 -0.233522905644124E+005  0.328417322497932E-001 
     11.64000000 -0.233522906382535E+005  0.327678911074800E-001 
     11.66000000 -0.233522907015371E+005  0.327046075182432E-001 
     11.68000000 -0.233522907553113E+005  0.326508333072746E-001 
     11.70000000 -0.233522908005724E+005  0.326055722285380E-001 
     11.72000000 -0.233522908382638E+005  0.325678808557193E-001 
     11.74000000 -0.233522908692751E+005  0.325368695907321E-001 
     11.76000000 -0.233522908944415E+005  0.325117031091931E-001 
     11.78000000 -0.233522909145437E+005  0.324916008987042E-001 
     11.80000000 -0.233522909303071E+005  0.324758375960521E-001 
     11.82000000 -0.233522909424015E+005  0.324637431944781E-001 
     11.84000000 -0.233522909514415E+005  0.324547031797958E-001 
     11.86000000 -0.233522909579860E+005  0.324481586015427E-001 
     11.88000000 -0.233522909625385E+005  0.324436061905364E-001 
     11.90000000 -0.233522909655462E+005  0.324405984485885E-001 
     11.92000000 -0.233522909674010E+005  0.324387436918144E-001 
     11.94000000 -0.233522909684384E+005  0.324377062950261E-001 
     11.96000000 -0.233522909689378E+005  0.324372068618784E-001 
     11.98000000 -0.233522909691221E+005  0.324370225527886E-001 
     12.00000000 -0.233522909691571E+005  0.324369875149433E-001 
     12.02000000 -0.233522909691569E+005  0.324369877191193E-001 
     12.04000000 -0.233522909691566E+005  0.324369879975412E-001 
     12.06000000 -0.233522909691563E+005  0.324369883192731E-001 
     12.08000000 -0.233522909691559E+005  0.324369887523738E-001 
     12.10000000 -0.233522909691553E+005  0.324369893401533E-001 
     12.12000000 -0.233522909691546E+005  0.324369900918924E-001 
     12.14000000 -0.233522909691536E+005  0.324369909983102E-001 
     12.16000000 -0.233522909691526E+005  0.324369920594069E-001 
     12.18000000 -0.233522909691514E+005  0.324369932504338E-001 
     12.20000000 -0.233522909691501E+005  0.324369945126129E-001 
     12.22000000 -0.233522909691488E+005  0.324369958737865E-001 
     12.24000000 -0.233522909691474E+005  0.324369972720830E-001 
     12.26000000 -0.233522909691460E+005  0.324369986920345E-001 
     12.28000000 -0.233522909691445E+005  0.324370001057989E-001 
     12.30000000 -0.233522909691431E+005  0.324370014979082E-001 
     12.32000000 -0.233522909691418E+005  0.324370028498011E-001 
     12.34000000 -0.233522909691405E+005  0.324370041088866E-001 
     12.36000000 -0.233522909691393E+005  0.324370053061007E-001 
     12.38000000 -0.233522909691382E+005  0.324370064043203E-001 
     12.40000000 -0.233522909691372E+005  0.324370074066390E-001 
     12.42000000 -0.233522909691363E+005  0.324370083161504E-001 
     12.44000000 -0.233522909691355E+005  0.324370091266674E-001 
     12.46000000 -0.233522909691348E+005  0.324370098753129E-001 
     12.48000000 -0.233522909691341E+005  0.324370105311511E-001 
     12.50000000 -0.233522909691335E+005  0.324370111313049E-001 
     12.52000000 -0.233522909691330E+005  0.324370116943358E-001 
     12.54000000 -0.233522909691324E+005  0.324370122078694E-001 
     12.56000000 -0.233522909691320E+005  0.324370126749995E-001 
     12.58000000 -0.233522909691315E+005  0.324370131359423E-001 
     12.60000000 -0.233522909691311E+005  0.324370135814173E-001 
     12.62000000 -0.233522909691306E+005  0.324370140299859E-001 
     12.64000000 -0.233522909691302E+005  0.324370144723673E-001 
     12.66000000 -0.233522909691297E+005  0.324370149271230E-001 
     12.68000000 -0.233522909691292E+005  0.324370154128145E-001 
     12.70000000 -0.233522909691287E+005  0.324370159077867E-001 
     12.72000000 -0.233522909691282E+005  0.324370164275075E-001 
     12.74000000 -0.233522909691277E+005  0.324370169596027E-001 
     12.76000000 -0.233522909691271E+005  0.324370175040721E-001 
     12.78000000 -0.233522909691266E+005  0.324370180825709E-001 
     12.80000000 -0.233522909691260E+005  0.324370186672568E-001 
     12.82000000 -0.233522909691254E+005  0.324370192488491E-001 
     12.84000000 -0.233522909691248E+005  0.324370198304415E-001 
     12.86000000 -0.233522909691242E+005  0.324370204182210E-001 
     12.88000000 -0.233522909691237E+005  0.324370209812519E-001 
     12.90000000 -0.233522909691231E+005  0.324370215473763E-001 
     12.92000000 -0.233522909691225E+005  0.324370221073137E-001 
     12.94000000 -0.233522909691220E+005  0.324370226455959E-001 
     12.96000000 -0.233522909691215E+005  0.324370231869718E-001 
     12.98000000 -0.233522909691210E+005  0.324370236912247E-001 
     13.00000000 -0.233522909691205E+005  0.324370241954777E-001 
     13.02000000 -0.233522909691200E+005  0.324370246564205E-001 
     13.04000000 -0.233522909691195E+005  0.324370251266441E-001 
     13.06000000 -0.233522909691191E+005  0.324370255721191E-001 
     13.08000000 -0.233522909691187E+005  0.324370259928455E-001 
     13.10000000 -0.233522909691182E+005  0.324370264073847E-001 
     13.12000000 -0.233522909691178E+005  0.324370268219240E-001 
     13.14000000 -0.233522909691174E+005  0.324370272364632E-001 
     13.16000000 -0.233522909691170E+005  0.324370276448153E-001 
     13.18000000 -0.233522909691166E+005  0.324370280376994E-001 
     13.20000000 -0.233522909691162E+005  0.324370284336772E-001 
     13.22000000 -0.233522909691158E+005  0.324370288265614E-001 
     13.24000000 -0.233522909691154E+005  0.324370292225392E-001 
     13.26000000 -0.233522909691151E+005  0.324370295937683E-001 
     13.28000000 -0.233522909691146E+005  0.324370300083076E-001 
     13.30000000 -0.233522909691143E+005  0.324370303795367E-001 
     13.32000000 -0.233522909691139E+005  0.324370307507659E-001 
     13.34000000 -0.233522909691135E+005  0.324370311405565E-001 
     13.36000000 -0.233522909691131E+005  0.324370315210664E-001 
     13.38000000 -0.233522909691127E+005  0.324370319015763E-001 
     13.40000000 -0.233522909691124E+005  0.324370322728054E-001 
     13.42000000 -0.233522909691120E+005  0.324370326440346E-001 
     13.44000000 -0.233522909691116E+005  0.324370330028894E-001 
     13.46000000 -0.233522909691113E+005  0.324370333524636E-001 
     13.48000000 -0.233522909691109E+005  0.324370337144120E-001 
     13.50000000 -0.233522909691106E+005  0.324370340485182E-001 
     13.52000000 -0.233522909691103E+005  0.324370343949988E-001 
     13.54000000 -0.233522909691099E+005  0.324370347383858E-001 
     13.56000000 -0.233522909691096E+005  0.324370350601177E-001 
     13.58000000 -0.233522909691093E+005  0.324370353911304E-001 
     13.60000000 -0.233522909691089E+005  0.324370357128623E-001 
     13.62000000 -0.233522909691086E+005  0.324370360531557E-001 
     13.64000000 -0.233522909691083E+005  0.324370363501390E-001 
     13.66000000 -0.233522909691080E+005  0.324370366656838E-001 
     13.68000000 -0.233522909691077E+005  0.324370369750414E-001 
     13.70000000 -0.233522909691074E+005  0.324370372843991E-001 
     13.72000000 -0.233522909691071E+005  0.324370375751952E-001 
     13.74000000 -0.233522909691068E+005  0.324370378659914E-001 
     13.76000000 -0.233522909691065E+005  0.324370381629747E-001 
     13.78000000 -0.233522909691062E+005  0.324370384661452E-001 
     13.80000000 -0.233522909691059E+005  0.324370387631285E-001 
     13.82000000 -0.233522909691056E+005  0.324370390539247E-001 
     13.84000000 -0.233522909691053E+005  0.324370393509080E-001 
     13.86000000 -0.233522909691050E+005  0.324370396478914E-001 
     13.88000000 -0.233522909691047E+005  0.324370399325004E-001 
     13.90000000 -0.233522909691044E+005  0.324370402356709E-001 
     13.92000000 -0.233522909691041E+005  0.324370405388413E-001 
     13.94000000 -0.233522909691038E+005  0.324370408110761E-001 
     13.96000000 -0.233522909691035E+005  0.324370411018722E-001 
     13.98000000 -0.233522909691033E+005  0.324370413957620E-001 
     14.00000000 -0.233522909691030E+005  0.324370416741839E-001 
     14.02000000 -0.233522909691027E+005  0.324370419680736E-001 
     14.04000000 -0.233522909691024E+005  0.324370422464955E-001 
     14.06000000 -0.233522909691021E+005  0.324370425249173E-001 
     14.08000000 -0.233522909691018E+005  0.324370428095264E-001 
     14.10000000 -0.233522909691016E+005  0.324370430724803E-001 
     14.12000000 -0.233522909691013E+005  0.324370433478086E-001 
     14.14000000 -0.233522909691010E+005  0.324370436200434E-001 
     14.16000000 -0.233522909691008E+005  0.324370438799038E-001 
     14.18000000 -0.233522909691005E+005  0.324370441397642E-001 
     14.20000000 -0.233522909691002E+005  0.324370443996246E-001 
     14.22000000 -0.233522909691000E+005  0.324370446563914E-001 
     14.24000000 -0.233522909690997E+005  0.324370449100647E-001 
     14.26000000 -0.233522909690995E+005  0.324370451482701E-001 
     14.28000000 -0.233522909690993E+005  0.324370453957562E-001 
     14.30000000 -0.233522909690990E+005  0.324370456401487E-001 
     14.32000000 -0.233522909690988E+005  0.324370458783541E-001 
     14.34000000 -0.233522909690985E+005  0.324370461258402E-001 
     14.36000000 -0.233522909690983E+005  0.324370463671391E-001 
     14.38000000 -0.233522909690980E+005  0.324370466146252E-001 
     14.40000000 -0.233522909690978E+005  0.324370468466435E-001 
     14.42000000 -0.233522909690976E+005  0.324370470910360E-001 
     14.44000000 -0.233522909690973E+005  0.324370473323349E-001 
     14.46000000 -0.233522909690971E+005  0.324370475674467E-001 
     14.48000000 -0.233522909690968E+005  0.324370478211200E-001 
     14.50000000 -0.233522909690966E+005  0.324370480686061E-001 
     14.52000000 -0.233522909690963E+005  0.324370483037179E-001 
     14.54000000 -0.233522909690961E+005  0.324370485388297E-001 
     14.56000000 -0.233522909690959E+005  0.324370487770351E-001 
     14.58000000 -0.233522909690956E+005  0.324370490152405E-001 
     14.60000000 -0.233522909690954E+005  0.324370492689137E-001 
     14.62000000 -0.233522909690951E+005  0.324370495040255E-001 
     14.64000000 -0.233522909690949E+005  0.324370497576988E-001 
     14.66000000 -0.233522909690947E+005  0.324370499928106E-001 
     14.68000000 -0.233522909690944E+005  0.324370502310159E-001 
     14.70000000 -0.233522909690942E+005  0.324370504815956E-001 
     14.72000000 -0.233522909690939E+005  0.324370507105203E-001 
     14.74000000 -0.233522909690937E+005  0.324370509641935E-001 
     14.76000000 -0.233522909690934E+005  0.324370511993053E-001 
     14.78000000 -0.233522909690932E+005  0.324370514344171E-001 
     14.80000000 -0.233522909690930E+005  0.324370516695289E-001 
     14.82000000 -0.233522909690927E+005  0.324370518984536E-001 
     14.84000000 -0.233522909690925E+005  0.324370521335654E-001 
     14.86000000 -0.233522909690923E+005  0.324370523748643E-001 
     14.88000000 -0.233522909690920E+005  0.324370526099761E-001 
     14.90000000 -0.233522909690918E+005  0.324370528389008E-001 
     14.92000000 -0.233522909690916E+005  0.324370530709190E-001 
     14.94000000 -0.233522909690913E+005  0.324370533184051E-001 
     14.96000000 -0.233522909690911E+005  0.324370535566105E-001 
     14.98000000 -0.233522909690909E+005  0.324370537855351E-001 
     15.00000000 -0.233522909690906E+005  0.324370540144598E-001 
     15.02000000 -0.233522909690904E+005  0.324370542619459E-001 
     15.04000000 -0.233522909690902E+005  0.324370544970577E-001 
     15.06000000 -0.233522909690899E+005  0.324370547414502E-001 
     15.08000000 -0.233522909690897E+005  0.324370549672813E-001 
     15.10000000 -0.233522909690894E+005  0.324370552209545E-001 
     15.12000000 -0.233522909690892E+005  0.324370554560663E-001 
     15.14000000 -0.233522909690890E+005  0.324370556849910E-001 
     15.16000000 -0.233522909690887E+005  0.324370559417578E-001 
     15.18000000 -0.233522909690885E+005  0.324370561861504E-001 
     15.20000000 -0.233522909690882E+005  0.324370564181686E-001 
     15.22000000 -0.233522909690880E+005  0.324370566594675E-001 
     15.24000000 -0.233522909690877E+005  0.324370568976729E-001 
     15.26000000 -0.233522909690875E+005  0.324370571389719E-001 
     15.28000000 -0.233522909690873E+005  0.324370573648029E-001 
     15.30000000 -0.233522909690871E+005  0.324370575906340E-001 
     15.32000000 -0.233522909690868E+005  0.324370578195586E-001 
     15.34000000 -0.233522909690866E+005  0.324370580608576E-001 
     15.36000000 -0.233522909690864E+005  0.324370582866887E-001 
     15.38000000 -0.233522909690861E+005  0.324370585063326E-001 
     15.40000000 -0.233522909690859E+005  0.324370587352572E-001 
     15.42000000 -0.233522909690857E+005  0.324370589703690E-001 
     15.44000000 -0.233522909690855E+005  0.324370591900130E-001 
     15.46000000 -0.233522909690852E+005  0.324370594158440E-001 
     15.48000000 -0.233522909690850E+005  0.324370596478622E-001 
     15.50000000 -0.233522909690848E+005  0.324370598613190E-001 
     15.52000000 -0.233522909690846E+005  0.324370600933372E-001 
     15.54000000 -0.233522909690843E+005  0.324370603315426E-001 
     15.56000000 -0.233522909690841E+005  0.324370605728416E-001 
     15.58000000 -0.233522909690838E+005  0.324370608017662E-001 
     15.60000000 -0.233522909690836E+005  0.324370610337844E-001 
     15.62000000 -0.233522909690834E+005  0.324370612781770E-001 
     15.64000000 -0.233522909690831E+005  0.324370615256631E-001 
     15.66000000 -0.233522909690829E+005  0.324370617484006E-001 
     15.68000000 -0.233522909690826E+005  0.324370620020738E-001 
     15.70000000 -0.233522909690824E+005  0.324370622433728E-001 
     15.72000000 -0.233522909690822E+005  0.324370624846717E-001 
     15.74000000 -0.233522909690819E+005  0.324370627259707E-001 
     15.76000000 -0.233522909690817E+005  0.324370629672696E-001 
     15.78000000 -0.233522909690814E+005  0.324370632209429E-001 
     15.80000000 -0.233522909690812E+005  0.324370634436804E-001 
     15.82000000 -0.233522909690810E+005  0.324370636787922E-001 
     15.84000000 -0.233522909690807E+005  0.324370639231847E-001 
     15.86000000 -0.233522909690805E+005  0.324370641552029E-001 
     15.88000000 -0.233522909690803E+005  0.324370643748469E-001 
     15.90000000 -0.233522909690800E+005  0.324370646223330E-001 
     15.92000000 -0.233522909690798E+005  0.324370648357897E-001 
     15.94000000 -0.233522909690796E+005  0.324370650585272E-001 
     15.96000000 -0.233522909690794E+005  0.324370652812647E-001 
     15.98000000 -0.233522909690791E+005  0.324370654978151E-001 
     16.00000000 -0.233522909690789E+005  0.324370657112718E-001 
     16.02000000 -0.233522909690787E+005  0.324370659247286E-001 
     16.04000000 -0.233522909690785E+005  0.324370661567468E-001 
     16.06000000 -0.233522909690783E+005  0.324370663640164E-001 
     16.08000000 -0.233522909690781E+005  0.324370665805668E-001 
     16.10000000 -0.233522909690778E+005  0.324370668002107E-001 
     16.12000000 -0.233522909690776E+005  0.324370670291353E-001 
     16.14000000 -0.233522909690774E+005  0.324370672487793E-001 
     16.16000000 -0.233522909690772E+005  0.324370674746103E-001 
     16.18000000 -0.233522909690770E+005  0.324370676787864E-001 
     16.20000000 -0.233522909690767E+005  0.324370679046174E-001 
     16.22000000 -0.233522909690765E+005  0.324370681335421E-001 
     16.24000000 -0.233522909690763E+005  0.324370683686539E-001 
     16.26000000 -0.233522909690761E+005  0.324370685944850E-001 
     16.28000000 -0.233522909690758E+005  0.324370688172224E-001 
     16.30000000 -0.233522909690756E+005  0.324370690554278E-001 
     16.32000000 -0.233522909690754E+005  0.324370692781653E-001 
     16.34000000 -0.233522909690751E+005  0.324370695194643E-001 
     16.36000000 -0.233522909690749E+005  0.324370697514825E-001 
     16.38000000 -0.233522909690747E+005  0.324370699865943E-001 
     16.40000000 -0.233522909690744E+005  0.324370702433611E-001 
     16.42000000 -0.233522909690742E+005  0.324370704660986E-001 
     16.44000000 -0.233522909690740E+005  0.324370706950233E-001 
     16.46000000 -0.233522909690737E+005  0.324370709301351E-001 
     16.48000000 -0.233522909690735E+005  0.324370711528726E-001 
     16.50000000 -0.233522909690733E+005  0.324370713879844E-001 
     16.52000000 -0.233522909690730E+005  0.324370716169090E-001 
     16.54000000 -0.233522909690728E+005  0.324370718334594E-001 
     16.56000000 -0.233522909690726E+005  0.324370720809455E-001 
     16.58000000 -0.233522909690723E+005  0.324370722974958E-001 
     16.60000000 -0.233522909690721E+005  0.324370725233269E-001 
     16.62000000 -0.233522909690719E+005  0.324370727491579E-001 
     16.64000000 -0.233522909690717E+005  0.324370729626147E-001 
     16.66000000 -0.233522909690715E+005  0.324370731822586E-001 
     16.68000000 -0.233522909690712E+005  0.324370734111833E-001 
     16.70000000 -0.233522909690710E+005  0.324370736153593E-001 
     16.72000000 -0.233522909690708E+005  0.324370738319097E-001 
     16.74000000 -0.233522909690706E+005  0.324370740484600E-001 
     16.76000000 -0.233522909690704E+005  0.324370742681039E-001 
     16.78000000 -0.233522909690702E+005  0.324370744939350E-001 
     16.80000000 -0.233522909690699E+005  0.324370747104853E-001 
     16.82000000 -0.233522909690697E+005  0.324370749208485E-001 
     16.84000000 -0.233522909690695E+005  0.324370751497732E-001 
     16.86000000 -0.233522909690693E+005  0.324370753539492E-001 
     16.88000000 -0.233522909690691E+005  0.324370755952482E-001 
     16.90000000 -0.233522909690688E+005  0.324370758087049E-001 
     16.92000000 -0.233522909690686E+005  0.324370760221617E-001 
     16.94000000 -0.233522909690684E+005  0.324370762387120E-001 
     16.96000000 -0.233522909690682E+005  0.324370764614495E-001 
     16.98000000 -0.233522909690680E+005  0.324370766779999E-001 
     17.00000000 -0.233522909690678E+005  0.324370768945502E-001 
     17.02000000 -0.233522909690675E+005  0.324370771172877E-001 
     17.04000000 -0.233522909690673E+005  0.324370773400252E-001 
     17.06000000 -0.233522909690671E+005  0.324370775380141E-001 
     17.08000000 -0.233522909690669E+005  0.324370777638452E-001 
     17.10000000 -0.233522909690667E+005  0.324370779742083E-001 
     17.12000000 -0.233522909690664E+005  0.324370781969458E-001 
     17.14000000 -0.233522909690662E+005  0.324370784042155E-001 
     17.16000000 -0.233522909690660E+005  0.324370786207658E-001 
     17.18000000 -0.233522909690658E+005  0.324370788404097E-001 
     17.20000000 -0.233522909690656E+005  0.324370790476793E-001 
     17.22000000 -0.233522909690654E+005  0.324370792642297E-001 
     17.24000000 -0.233522909690652E+005  0.324370794869672E-001 
     17.26000000 -0.233522909690649E+005  0.324370797035175E-001 
     17.28000000 -0.233522909690647E+005  0.324370799076935E-001 
     17.30000000 -0.233522909690645E+005  0.324370801242439E-001 
     17.32000000 -0.233522909690643E+005  0.324370803346071E-001 
     17.34000000 -0.233522909690641E+005  0.324370805635317E-001 
     17.36000000 -0.233522909690639E+005  0.324370807738949E-001 
     17.38000000 -0.233522909690637E+005  0.324370809780710E-001 
     17.40000000 -0.233522909690635E+005  0.324370811822470E-001 
     17.42000000 -0.233522909690632E+005  0.324370814049845E-001 
     17.44000000 -0.233522909690630E+005  0.324370816277220E-001 
     17.46000000 -0.233522909690628E+005  0.324370818473659E-001 
     17.48000000 -0.233522909690626E+005  0.324370820422612E-001 
     17.50000000 -0.233522909690624E+005  0.324370822711859E-001 
     17.52000000 -0.233522909690622E+005  0.324370824753619E-001 
     17.54000000 -0.233522909690619E+005  0.324370826980994E-001 
     17.56000000 -0.233522909690617E+005  0.324370829084626E-001 
     17.58000000 -0.233522909690615E+005  0.324370831157322E-001 
     17.60000000 -0.233522909690613E+005  0.324370833291890E-001 
     17.62000000 -0.233522909690611E+005  0.324370835581136E-001 
     17.64000000 -0.233522909690609E+005  0.324370837870382E-001 
     17.66000000 -0.233522909690606E+005  0.324370840035886E-001 
     17.68000000 -0.233522909690604E+005  0.324370842201389E-001 
     17.70000000 -0.233522909690602E+005  0.324370844212214E-001 
     17.72000000 -0.233522909690600E+005  0.324370846470525E-001 
     17.74000000 -0.233522909690598E+005  0.324370848512285E-001 
     17.76000000 -0.233522909690596E+005  0.324370850739660E-001 
     17.78000000 -0.233522909690593E+005  0.324370853028906E-001 
     17.80000000 -0.233522909690591E+005  0.324370855318153E-001 
     17.82000000 -0.233522909690589E+005  0.324370857514592E-001 
     17.84000000 -0.233522909690587E+005  0.324370859587288E-001 
     17.86000000 -0.233522909690585E+005  0.324370861876535E-001 
     17.88000000 -0.233522909690582E+005  0.324370864196717E-001 
     17.90000000 -0.233522909690580E+005  0.324370866455028E-001 
     17.92000000 -0.233522909690578E+005  0.324370868651467E-001 
     17.94000000 -0.233522909690576E+005  0.324370870909777E-001 
     17.96000000 -0.233522909690573E+005  0.324370873137152E-001 
     17.98000000 -0.233522909690571E+005  0.324370875364527E-001 
     18.00000000 -0.233522909690569E+005  0.324370877530031E-001 
     18.02000000 -0.233522909690567E+005  0.324370879943020E-001 
     18.04000000 -0.233522909690564E+005  0.324370882232267E-001 
     18.06000000 -0.233522909690562E+005  0.324370884397770E-001 
     18.08000000 -0.233522909690560E+005  0.324370886687017E-001 
     18.10000000 -0.233522909690558E+005  0.324370888914392E-001 
     18.12000000 -0.233522909690555E+005  0.324370891018024E-001 
     18.14000000 -0.233522909690553E+005  0.324370893369142E-001 
     18.16000000 -0.233522909690551E+005  0.324370895534645E-001 
     18.18000000 -0.233522909690549E+005  0.324370897792956E-001 
     18.20000000 -0.233522909690547E+005  0.324370899927523E-001 
     18.22000000 -0.233522909690544E+005  0.324370902154898E-001 
     18.24000000 -0.233522909690542E+005  0.324370904320402E-001 
     18.26000000 -0.233522909690540E+005  0.324370906516841E-001 
     18.28000000 -0.233522909690538E+005  0.324370908558601E-001 
     18.30000000 -0.233522909690536E+005  0.324370910755040E-001 
     18.32000000 -0.233522909690533E+005  0.324370912982415E-001 
     18.34000000 -0.233522909690531E+005  0.324370915086047E-001 
     18.36000000 -0.233522909690529E+005  0.324370917251551E-001 
     18.38000000 -0.233522909690527E+005  0.324370919355183E-001 
     18.40000000 -0.233522909690525E+005  0.324370921396943E-001 
     18.42000000 -0.233522909690523E+005  0.324370923686189E-001 
     18.44000000 -0.233522909690521E+005  0.324370925789821E-001 
     18.46000000 -0.233522909690519E+005  0.324370927800646E-001 
     18.48000000 -0.233522909690516E+005  0.324370930058957E-001 
     18.50000000 -0.233522909690514E+005  0.324370932224460E-001 
     18.52000000 -0.233522909690512E+005  0.324370934359028E-001 
     18.54000000 -0.233522909690510E+005  0.324370936710146E-001 
     18.56000000 -0.233522909690508E+005  0.324370938782842E-001 
     18.58000000 -0.233522909690505E+005  0.324370941041153E-001 
     18.60000000 -0.233522909690503E+005  0.324370943175720E-001 
     18.62000000 -0.233522909690501E+005  0.324370945403095E-001 
     18.64000000 -0.233522909690499E+005  0.324370947630470E-001 
     18.66000000 -0.233522909690496E+005  0.324370950012524E-001 
     18.68000000 -0.233522909690494E+005  0.324370952178027E-001 
     18.70000000 -0.233522909690492E+005  0.324370954560081E-001 
     18.72000000 -0.233522909690490E+005  0.324370956725585E-001 
     18.74000000 -0.233522909690488E+005  0.324370958829216E-001 
     18.76000000 -0.233522909690485E+005  0.324370961118463E-001 
     18.78000000 -0.233522909690483E+005  0.324370963283966E-001 
     18.80000000 -0.233522909690481E+005  0.324370965604149E-001 
     18.82000000 -0.233522909690479E+005  0.324370967800588E-001 
     18.84000000 -0.233522909690476E+005  0.324370970089834E-001 
     18.86000000 -0.233522909690474E+005  0.324370972100659E-001 
     18.88000000 -0.233522909690472E+005  0.324370974420841E-001 
     18.90000000 -0.233522909690470E+005  0.324370976648216E-001 
     18.92000000 -0.233522909690468E+005  0.324370978751848E-001 
     18.94000000 -0.233522909690465E+005  0.324370981041094E-001 
     18.96000000 -0.233522909690463E+005  0.324370983206598E-001 
     18.98000000 -0.233522909690461E+005  0.324370985433973E-001 
     19.00000000 -0.233522909690459E+005  0.324370987599476E-001 
     19.02000000 -0.233522909690457E+005  0.324370989764980E-001 
     19.04000000 -0.233522909690454E+005  0.324370992054226E-001 
     19.06000000 -0.233522909690452E+005  0.324370994281601E-001 
     19.08000000 -0.233522909690450E+005  0.324370996385233E-001 
     19.10000000 -0.233522909690448E+005  0.324370998581672E-001 
     19.12000000 -0.233522909690446E+005  0.324371000623432E-001 
     19.14000000 -0.233522909690444E+005  0.324371002943615E-001 
     19.16000000 -0.233522909690441E+005  0.324371005047247E-001 
     19.18000000 -0.233522909690439E+005  0.324371007212750E-001 
     19.20000000 -0.233522909690437E+005  0.324371009409189E-001 
     19.22000000 -0.233522909690435E+005  0.324371011605628E-001 
     19.24000000 -0.233522909690433E+005  0.324371013863939E-001 
     19.26000000 -0.233522909690430E+005  0.324371015967571E-001 
     19.28000000 -0.233522909690428E+005  0.324371018102139E-001 
     19.30000000 -0.233522909690426E+005  0.324371020267642E-001 
     19.32000000 -0.233522909690424E+005  0.324371022556889E-001 
     19.34000000 -0.233522909690422E+005  0.324371024660520E-001 
     19.36000000 -0.233522909690420E+005  0.324371026826024E-001 
     19.38000000 -0.233522909690417E+005  0.324371029146206E-001 
     19.40000000 -0.233522909690415E+005  0.324371031218902E-001 
     19.42000000 -0.233522909690413E+005  0.324371033446277E-001 
     19.44000000 -0.233522909690411E+005  0.324371035488038E-001 
     19.46000000 -0.233522909690409E+005  0.324371037715412E-001 
     19.48000000 -0.233522909690406E+005  0.324371040004659E-001 
     19.50000000 -0.233522909690404E+005  0.324371041984548E-001 
     19.52000000 -0.233522909690402E+005  0.324371044150051E-001 
     19.54000000 -0.233522909690400E+005  0.324371046377426E-001 
     19.56000000 -0.233522909690398E+005  0.324371048666673E-001 
     19.58000000 -0.233522909690396E+005  0.324371050832176E-001 
     19.60000000 -0.233522909690394E+005  0.324371052873936E-001 
     19.62000000 -0.233522909690391E+005  0.324371055163183E-001 
     19.64000000 -0.233522909690389E+005  0.324371057390558E-001 
     19.66000000 -0.233522909690387E+005  0.324371059556061E-001 
     19.68000000 -0.233522909690385E+005  0.324371061845308E-001 
     19.70000000 -0.233522909690383E+005  0.324371063918004E-001 
     19.72000000 -0.233522909690380E+005  0.324371066176315E-001 
     19.74000000 -0.233522909690378E+005  0.324371068279947E-001 
     19.76000000 -0.233522909690376E+005  0.324371070631065E-001 
     19.78000000 -0.233522909690374E+005  0.324371072827504E-001 
     19.80000000 -0.233522909690372E+005  0.324371074931136E-001 
     19.82000000 -0.233522909690369E+005  0.324371077375061E-001 
     19.84000000 -0.233522909690367E+005  0.324371079602436E-001 
     19.86000000 -0.233522909690365E+005  0.324371081706068E-001 
     19.88000000 -0.233522909690363E+005  0.324371083933443E-001 
     19.90000000 -0.233522909690360E+005  0.324371086037075E-001 
     19.92000000 -0.233522909690358E+005  0.324371088202578E-001 
     19.94000000 -0.233522909690356E+005  0.324371090399017E-001 
     19.96000000 -0.233522909690354E+005  0.324371092657328E-001 
     19.98000000 -0.233522909690352E+005  0.324371094822831E-001 
     20.00000000 -0.233522909690349E+005  0.324371096988335E-001 
     20.02000000 -0.233522909690347E+005  0.324371099184774E-001 
     20.04000000 -0.233522909690345E+005  0.324371101319342E-001 
     20.06000000 -0.233522909690343E+005  0.324371103422973E-001 
     20.08000000 -0.233522909690341E+005  0.324371105557541E-001 
     20.10000000 -0.233522909690339E+005  0.324371107661173E-001 
     20.12000000 -0.233522909690337E+005  0.324371109919484E-001 
     20.14000000 -0.233522909690334E+005  0.324371112084987E-001 
     20.16000000 -0.233522909690332E+005  0.324371114312362E-001 
     20.18000000 -0.233522909690330E+005  0.324371116199444E-001 
     20.20000000 -0.233522909690328E+005  0.324371118395883E-001 
     20.22000000 -0.233522909690326E+005  0.324371120437643E-001 
     20.24000000 -0.233522909690324E+005  0.324371122541275E-001 
     20.26000000 -0.233522909690322E+005  0.324371124706779E-001 
     20.28000000 -0.233522909690320E+005  0.324371126748539E-001 
     20.30000000 -0.233522909690318E+005  0.324371128975914E-001 
     20.32000000 -0.233522909690316E+005  0.324371130955803E-001 
     20.34000000 -0.233522909690313E+005  0.324371133059435E-001 
     20.36000000 -0.233522909690311E+005  0.324371135101195E-001 
     20.38000000 -0.233522909690309E+005  0.324371137204827E-001 
     20.40000000 -0.233522909690307E+005  0.324371139401266E-001 
     20.42000000 -0.233522909690305E+005  0.324371141350219E-001 
     20.44000000 -0.233522909690303E+005  0.324371143484787E-001 
     20.46000000 -0.233522909690301E+005  0.324371145588419E-001 
     20.48000000 -0.233522909690299E+005  0.324371147661115E-001 
     20.50000000 -0.233522909690297E+005  0.324371149764747E-001 
     20.52000000 -0.233522909690294E+005  0.324371151992122E-001 
     20.54000000 -0.233522909690292E+005  0.324371154157625E-001 
     20.56000000 -0.233522909690290E+005  0.324371156385000E-001 
     20.58000000 -0.233522909690288E+005  0.324371158674246E-001 
     20.60000000 -0.233522909690286E+005  0.324371160901621E-001 
     20.62000000 -0.233522909690283E+005  0.324371163252739E-001 
     20.64000000 -0.233522909690281E+005  0.324371165418243E-001 
     20.66000000 -0.233522909690279E+005  0.324371167954975E-001 
     20.68000000 -0.233522909690276E+005  0.324371170120479E-001 
     20.70000000 -0.233522909690274E+005  0.324371172347854E-001 
     20.72000000 -0.233522909690272E+005  0.324371174822715E-001 
     20.74000000 -0.233522909690269E+005  0.324371177111961E-001 
     20.76000000 -0.233522909690267E+005  0.324371179494015E-001 
     20.78000000 -0.233522909690265E+005  0.324371181721390E-001 
     20.80000000 -0.233522909690262E+005  0.324371184103444E-001 
     20.82000000 -0.233522909690260E+005  0.324371186268947E-001 
     20.84000000 -0.233522909690258E+005  0.324371188434451E-001 
     20.86000000 -0.233522909690256E+005  0.324371190692761E-001 
     20.88000000 -0.233522909690254E+005  0.324371192951072E-001 
     20.90000000 -0.233522909690251E+005  0.324371195240319E-001 
     20.92000000 -0.233522909690249E+005  0.324371197220207E-001 
     20.94000000 -0.233522909690247E+005  0.324371199323839E-001 
     20.96000000 -0.233522909690245E+005  0.324371201489343E-001 
     20.98000000 -0.233522909690243E+005  0.324371203654846E-001 
     21.00000000 -0.233522909690241E+005  0.324371205665671E-001 
     21.02000000 -0.233522909690239E+005  0.324371207676495E-001 
     21.04000000 -0.233522909690237E+005  0.324371209718256E-001 
     21.06000000 -0.233522909690235E+005  0.324371211821888E-001 
     21.08000000 -0.233522909690233E+005  0.324371213925519E-001 
     21.10000000 -0.233522909690231E+005  0.324371215781665E-001 
     21.12000000 -0.233522909690229E+005  0.324371217916233E-001 
     21.14000000 -0.233522909690226E+005  0.324371220112672E-001 
     21.16000000 -0.233522909690224E+005  0.324371222123497E-001 
     21.18000000 -0.233522909690222E+005  0.324371224319936E-001 
     21.20000000 -0.233522909690220E+005  0.324371226299825E-001 
     21.22000000 -0.233522909690218E+005  0.324371228434392E-001 
     21.24000000 -0.233522909690216E+005  0.324371230599896E-001 
     21.26000000 -0.233522909690214E+005  0.324371232858207E-001 
     21.28000000 -0.233522909690211E+005  0.324371235023710E-001 
     21.30000000 -0.233522909690209E+005  0.324371237127342E-001 
     21.32000000 -0.233522909690207E+005  0.324371239323781E-001 
     21.34000000 -0.233522909690205E+005  0.324371241520220E-001 
     21.36000000 -0.233522909690203E+005  0.324371243747595E-001 
     21.38000000 -0.233522909690201E+005  0.324371245882163E-001 
     21.40000000 -0.233522909690198E+005  0.324371248140474E-001 
     21.42000000 -0.233522909690196E+005  0.324371250244105E-001 
     21.44000000 -0.233522909690194E+005  0.324371252471480E-001 
     21.46000000 -0.233522909690192E+005  0.324371254544177E-001 
     21.48000000 -0.233522909690190E+005  0.324371256740616E-001 
     21.50000000 -0.233522909690188E+005  0.324371258875183E-001 
     21.52000000 -0.233522909690185E+005  0.324371261164430E-001 
     21.54000000 -0.233522909690183E+005  0.324371263237126E-001 
     21.56000000 -0.233522909690181E+005  0.324371265402629E-001 
     21.58000000 -0.233522909690179E+005  0.324371267568133E-001 
     21.60000000 -0.233522909690177E+005  0.324371269702700E-001 
     21.62000000 -0.233522909690174E+005  0.324371271961011E-001 
     21.64000000 -0.233522909690172E+005  0.324371274002772E-001 
     21.66000000 -0.233522909690170E+005  0.324371276230146E-001 
     21.68000000 -0.233522909690168E+005  0.324371278333778E-001 
     21.70000000 -0.233522909690166E+005  0.324371280344603E-001 
     21.72000000 -0.233522909690164E+005  0.324371282571978E-001 
     21.74000000 -0.233522909690162E+005  0.324371284706546E-001 
     21.76000000 -0.233522909690160E+005  0.324371286872049E-001 
     21.78000000 -0.233522909690158E+005  0.324371288851938E-001 
     21.80000000 -0.233522909690155E+005  0.324371291048377E-001 
     21.82000000 -0.233522909690153E+005  0.324371293121073E-001 
     21.84000000 -0.233522909690151E+005  0.324371295162834E-001 
     21.86000000 -0.233522909690149E+005  0.324371297421144E-001 
     21.88000000 -0.233522909690147E+005  0.324371299431969E-001 
     21.90000000 -0.233522909690145E+005  0.324371301411858E-001 
     21.92000000 -0.233522909690143E+005  0.324371303577361E-001 
     21.94000000 -0.233522909690141E+005  0.324371305742865E-001 
     21.96000000 -0.233522909690139E+005  0.324371307660882E-001 
     21.98000000 -0.233522909690137E+005  0.324371309919193E-001 
     22.00000000 -0.233522909690135E+005  0.324371311930017E-001 
     22.02000000 -0.233522909690132E+005  0.324371314095521E-001 
     22.04000000 -0.233522909690130E+005  0.324371316137281E-001 
     22.06000000 -0.233522909690128E+005  0.324371318426527E-001 
     22.08000000 -0.233522909690126E+005  0.324371320530159E-001 
     22.10000000 -0.233522909690124E+005  0.324371322695663E-001 
     22.12000000 -0.233522909690122E+005  0.324371324923038E-001 
     22.14000000 -0.233522909690119E+005  0.324371327057605E-001 
     22.16000000 -0.233522909690117E+005  0.324371329254045E-001 
     22.18000000 -0.233522909690115E+005  0.324371331543291E-001 
     22.20000000 -0.233522909690113E+005  0.324371333801602E-001 
     22.22000000 -0.233522909690110E+005  0.324371335998041E-001 
     22.24000000 -0.233522909690108E+005  0.324371338163544E-001 
     22.26000000 -0.233522909690106E+005  0.324371340421855E-001 
     22.28000000 -0.233522909690104E+005  0.324371342680166E-001 
     22.30000000 -0.233522909690102E+005  0.324371344845669E-001 
     22.32000000 -0.233522909690099E+005  0.324371347011173E-001 
     22.34000000 -0.233522909690097E+005  0.324371349207612E-001 
     22.36000000 -0.233522909690095E+005  0.324371351249372E-001 
     22.38000000 -0.233522909690093E+005  0.324371353662362E-001 
     22.40000000 -0.233522909690091E+005  0.324371355673186E-001 
     22.42000000 -0.233522909690089E+005  0.324371357900561E-001 
     22.44000000 -0.233522909690086E+005  0.324371360066065E-001 
     22.46000000 -0.233522909690084E+005  0.324371362169697E-001 
     22.48000000 -0.233522909690082E+005  0.324371364366136E-001 
     22.50000000 -0.233522909690080E+005  0.324371366500703E-001 
     22.52000000 -0.233522909690078E+005  0.324371368666207E-001 
     22.54000000 -0.233522909690075E+005  0.324371371017325E-001 
     22.56000000 -0.233522909690073E+005  0.324371373090021E-001 
     22.58000000 -0.233522909690071E+005  0.324371375224589E-001 
     22.60000000 -0.233522909690069E+005  0.324371377328221E-001 
     22.62000000 -0.233522909690067E+005  0.324371379400917E-001 
     22.64000000 -0.233522909690065E+005  0.324371381721099E-001 
     22.66000000 -0.233522909690063E+005  0.324371383886602E-001 
     22.68000000 -0.233522909690060E+005  0.324371386021170E-001 
     22.70000000 -0.233522909690058E+005  0.324371388217609E-001 
     22.72000000 -0.233522909690056E+005  0.324371390568727E-001 
     22.74000000 -0.233522909690054E+005  0.324371392610487E-001 
     22.76000000 -0.233522909690052E+005  0.324371394775991E-001 
     22.78000000 -0.233522909690050E+005  0.324371396879623E-001 
     22.80000000 -0.233522909690047E+005  0.324371399045126E-001 
     22.82000000 -0.233522909690045E+005  0.324371401210630E-001 
     22.84000000 -0.233522909690043E+005  0.324371403438005E-001 
     22.86000000 -0.233522909690041E+005  0.324371405479765E-001 
     22.88000000 -0.233522909690039E+005  0.324371407738076E-001 
     22.90000000 -0.233522909690037E+005  0.324371409872643E-001 
     22.92000000 -0.233522909690034E+005  0.324371412161890E-001 
     22.94000000 -0.233522909690032E+005  0.324371414203650E-001 
     22.96000000 -0.233522909690030E+005  0.324371416431025E-001 
     22.98000000 -0.233522909690028E+005  0.324371418658400E-001 
     23.00000000 -0.233522909690026E+005  0.324371420762032E-001 
     23.02000000 -0.233522909690024E+005  0.324371422865664E-001 
     23.04000000 -0.233522909690021E+005  0.324371425093039E-001 
     23.06000000 -0.233522909690019E+005  0.324371427351350E-001 
     23.08000000 -0.233522909690017E+005  0.324371429393110E-001 
     23.10000000 -0.233522909690015E+005  0.324371431589549E-001 
     23.12000000 -0.233522909690013E+005  0.324371433755053E-001 
     23.14000000 -0.233522909690011E+005  0.324371435920556E-001 
     23.16000000 -0.233522909690008E+005  0.324371438147931E-001 
     23.18000000 -0.233522909690006E+005  0.324371440313434E-001 
     23.20000000 -0.233522909690004E+005  0.324371442293323E-001 
     23.22000000 -0.233522909690002E+005  0.324371444520698E-001 
     23.24000000 -0.233522909690000E+005  0.324371446624330E-001 
     23.26000000 -0.233522909689998E+005  0.324371448727962E-001 
     23.28000000 -0.233522909689996E+005  0.324371450831594E-001 
     23.30000000 -0.233522909689994E+005  0.324371452873354E-001 
     23.32000000 -0.233522909689992E+005  0.324371454853243E-001 
     23.34000000 -0.233522909689989E+005  0.324371457049682E-001 
     23.36000000 -0.233522909689988E+005  0.324371458967700E-001 
     23.38000000 -0.233522909689985E+005  0.324371461195074E-001 
     23.40000000 -0.233522909689983E+005  0.324371463267771E-001 
     23.42000000 -0.233522909689981E+005  0.324371465247659E-001 
     23.44000000 -0.233522909689979E+005  0.324371467444099E-001 
     23.46000000 -0.233522909689977E+005  0.324371469578666E-001 
     23.48000000 -0.233522909689975E+005  0.324371471713234E-001 
     23.50000000 -0.233522909689973E+005  0.324371473724059E-001 
     23.52000000 -0.233522909689970E+005  0.324371476013305E-001 
     23.54000000 -0.233522909689968E+005  0.324371478240680E-001 
     23.56000000 -0.233522909689966E+005  0.324371480282440E-001 
     23.58000000 -0.233522909689964E+005  0.324371482540751E-001 
     23.60000000 -0.233522909689962E+005  0.324371484675319E-001 
     23.62000000 -0.233522909689959E+005  0.324371486964565E-001 
     23.64000000 -0.233522909689957E+005  0.324371489130069E-001 
     23.66000000 -0.233522909689955E+005  0.324371491543058E-001 
     23.68000000 -0.233522909689953E+005  0.324371493646690E-001 
     23.70000000 -0.233522909689951E+005  0.324371495905001E-001 
     23.72000000 -0.233522909689948E+005  0.324371498008633E-001 
     23.74000000 -0.233522909689946E+005  0.324371500297879E-001 
     23.76000000 -0.233522909689944E+005  0.324371502494318E-001 
     23.78000000 -0.233522909689942E+005  0.324371504845436E-001 
     23.80000000 -0.233522909689940E+005  0.324371506949068E-001 
     23.82000000 -0.233522909689937E+005  0.324371509083636E-001 
     23.84000000 -0.233522909689935E+005  0.324371511280075E-001 
     23.86000000 -0.233522909689933E+005  0.324371513383707E-001 
     23.88000000 -0.233522909689931E+005  0.324371515487339E-001 
     23.90000000 -0.233522909689929E+005  0.324371517529099E-001 
     23.92000000 -0.233522909689927E+005  0.324371519787410E-001 
     23.94000000 -0.233522909689925E+005  0.324371521891042E-001 
     23.96000000 -0.233522909689923E+005  0.324371523901866E-001 
     23.98000000 -0.233522909689921E+005  0.324371525943627E-001 
     24.00000000 -0.233522909689918E+005  0.324371528140066E-001 
     24.02000000 -0.233522909689916E+005  0.324371530181826E-001 
     24.04000000 -0.233522909689914E+005  0.324371532316394E-001 
     24.06000000 -0.233522909689912E+005  0.324371534265347E-001 
     24.08000000 -0.233522909689910E+005  0.324371536492722E-001 
     24.10000000 -0.233522909689908E+005  0.324371538410739E-001 
     24.12000000 -0.233522909689906E+005  0.324371540545307E-001 
     24.14000000 -0.233522909689904E+005  0.324371542587067E-001 
     24.16000000 -0.233522909689902E+005  0.324371544845378E-001 
     24.18000000 -0.233522909689900E+005  0.324371546794331E-001 
     24.20000000 -0.233522909689897E+005  0.324371548959835E-001 
     24.22000000 -0.233522909689895E+005  0.324371551063466E-001 
     24.24000000 -0.233522909689893E+005  0.324371553167098E-001 
     24.26000000 -0.233522909689891E+005  0.324371555208859E-001 
     24.28000000 -0.233522909689889E+005  0.324371557436234E-001 
     24.30000000 -0.233522909689887E+005  0.324371559477994E-001 
     24.32000000 -0.233522909689885E+005  0.324371561736305E-001 
     24.34000000 -0.233522909689883E+005  0.324371563809001E-001 
     24.36000000 -0.233522909689881E+005  0.324371565974504E-001 
     24.38000000 -0.233522909689878E+005  0.324371568078136E-001 
     24.40000000 -0.233522909689876E+005  0.324371570305511E-001 
     24.42000000 -0.233522909689874E+005  0.324371572378207E-001 
     24.44000000 -0.233522909689872E+005  0.324371574574646E-001 
     24.46000000 -0.233522909689870E+005  0.324371576523600E-001 
     24.48000000 -0.233522909689868E+005  0.324371578781910E-001 
     24.50000000 -0.233522909689866E+005  0.324371580823671E-001 
     24.52000000 -0.233522909689864E+005  0.324371582927303E-001 
     24.54000000 -0.233522909689861E+005  0.324371585154677E-001 
     24.56000000 -0.233522909689859E+005  0.324371587351117E-001 
     24.58000000 -0.233522909689857E+005  0.324371589516620E-001 
     24.60000000 -0.233522909689855E+005  0.324371591589316E-001 
     24.62000000 -0.233522909689853E+005  0.324371593754820E-001 
     24.64000000 -0.233522909689851E+005  0.324371595920323E-001 
     24.66000000 -0.233522909689848E+005  0.324371598271441E-001 
     24.68000000 -0.233522909689846E+005  0.324371600406009E-001 
     24.70000000 -0.233522909689844E+005  0.324371602602448E-001 
     24.72000000 -0.233522909689842E+005  0.324371604829823E-001 
     24.74000000 -0.233522909689840E+005  0.324371606933455E-001 
     24.76000000 -0.233522909689837E+005  0.324371609253637E-001 
     24.78000000 -0.233522909689835E+005  0.324371611635691E-001 
     24.80000000 -0.233522909689833E+005  0.324371613646515E-001 
     24.82000000 -0.233522909689831E+005  0.324371615966698E-001 
     24.84000000 -0.233522909689828E+005  0.324371618132201E-001 
     24.86000000 -0.233522909689826E+005  0.324371620297704E-001 
     24.88000000 -0.233522909689824E+005  0.324371622556015E-001 
     24.90000000 -0.233522909689822E+005  0.324371624752454E-001 
     24.92000000 -0.233522909689819E+005  0.324371627041701E-001 
     24.94000000 -0.233522909689817E+005  0.324371629083461E-001 
     24.96000000 -0.233522909689815E+005  0.324371631001478E-001 
     24.98000000 -0.233522909689813E+005  0.324371633228853E-001 
     25.00000000 -0.233522909689811E+005  0.324371635394357E-001 
     25.02000000 -0.233522909689809E+005  0.324371637312374E-001 
     25.04000000 -0.233522909689807E+005  0.324371639354135E-001 
     25.06000000 -0.233522909689805E+005  0.324371641395895E-001 
     25.08000000 -0.233522909689803E+005  0.324371643468591E-001 
     25.10000000 -0.233522909689801E+005  0.324371645448480E-001 
     25.12000000 -0.233522909689799E+005  0.324371647397433E-001 
     25.14000000 -0.233522909689797E+005  0.324371649377322E-001 
     25.16000000 -0.233522909689795E+005  0.324371651357211E-001 
     25.18000000 -0.233522909689793E+005  0.324371653460842E-001 
     25.20000000 -0.233522909689791E+005  0.324371655255117E-001 
     25.22000000 -0.233522909689789E+005  0.324371657482492E-001 
     25.24000000 -0.233522909689787E+005  0.324371659431445E-001 
     25.26000000 -0.233522909689785E+005  0.324371661720691E-001 
     25.28000000 -0.233522909689783E+005  0.324371663731516E-001 
     25.30000000 -0.233522909689781E+005  0.324371665711405E-001 
     25.32000000 -0.233522909689779E+005  0.324371667938780E-001 
     25.34000000 -0.233522909689776E+005  0.324371670042412E-001 
     25.36000000 -0.233522909689774E+005  0.324371672146043E-001 
     25.38000000 -0.233522909689772E+005  0.324371674311547E-001 
     25.40000000 -0.233522909689770E+005  0.324371676569858E-001 
     25.42000000 -0.233522909689768E+005  0.324371678580682E-001 
     25.44000000 -0.233522909689766E+005  0.324371680777121E-001 
     25.46000000 -0.233522909689764E+005  0.324371682911689E-001 
     25.48000000 -0.233522909689761E+005  0.324371685139064E-001 
     25.50000000 -0.233522909689759E+005  0.324371687366439E-001 
     25.52000000 -0.233522909689757E+005  0.324371689470071E-001 
     25.54000000 -0.233522909689755E+005  0.324371691697446E-001 
     25.56000000 -0.233522909689753E+005  0.324371693801078E-001 
     25.58000000 -0.233522909689751E+005  0.324371695935645E-001 
     25.60000000 -0.233522909689748E+005  0.324371698070213E-001 
     25.62000000 -0.233522909689746E+005  0.324371700297588E-001 
     25.64000000 -0.233522909689744E+005  0.324371702339348E-001 
     25.66000000 -0.233522909689742E+005  0.324371704504852E-001 
     25.68000000 -0.233522909689740E+005  0.324371706732227E-001 
     25.70000000 -0.233522909689738E+005  0.324371708897730E-001 
     25.72000000 -0.233522909689736E+005  0.324371710939490E-001 
     25.74000000 -0.233522909689733E+005  0.324371713104994E-001 
     25.76000000 -0.233522909689731E+005  0.324371715084883E-001 
     25.78000000 -0.233522909689729E+005  0.324371717188515E-001 
     25.80000000 -0.233522909689727E+005  0.324371719230275E-001 
     25.82000000 -0.233522909689725E+005  0.324371721302971E-001 
     25.84000000 -0.233522909689723E+005  0.324371723344732E-001 
     25.86000000 -0.233522909689721E+005  0.324371725293685E-001 
     25.88000000 -0.233522909689719E+005  0.324371727397316E-001 
     25.90000000 -0.233522909689717E+005  0.324371729439077E-001 
     25.92000000 -0.233522909689715E+005  0.324371731480837E-001 
     25.94000000 -0.233522909689713E+005  0.324371733522598E-001 
     25.96000000 -0.233522909689711E+005  0.324371735471551E-001 
     25.98000000 -0.233522909689709E+005  0.324371737606118E-001 
     26.00000000 -0.233522909689707E+005  0.324371739647879E-001 
     26.02000000 -0.233522909689705E+005  0.324371741751511E-001 
     26.04000000 -0.233522909689703E+005  0.324371743855142E-001 
     26.06000000 -0.233522909689701E+005  0.324371745865967E-001 
     26.08000000 -0.233522909689698E+005  0.324371748000535E-001 
     26.10000000 -0.233522909689696E+005  0.324371750042295E-001 
     26.12000000 -0.233522909689694E+005  0.324371752145927E-001 
     26.14000000 -0.233522909689692E+005  0.324371754280495E-001 
     26.16000000 -0.233522909689690E+005  0.324371756353191E-001 
     26.18000000 -0.233522909689688E+005  0.324371758456823E-001 
     26.20000000 -0.233522909689686E+005  0.324371760622326E-001 
     26.22000000 -0.233522909689684E+005  0.324371762725958E-001 
     26.24000000 -0.233522909689682E+005  0.324371764829590E-001 
     26.26000000 -0.233522909689680E+005  0.324371766933222E-001 
     26.28000000 -0.233522909689677E+005  0.324371769005918E-001 
     26.30000000 -0.233522909689675E+005  0.324371771140486E-001 
     26.32000000 -0.233522909689673E+005  0.324371773336925E-001 
     26.34000000 -0.233522909689671E+005  0.324371775409621E-001 
     26.36000000 -0.233522909689669E+005  0.324371777420445E-001 
     26.38000000 -0.233522909689667E+005  0.324371779616885E-001 
     26.40000000 -0.233522909689665E+005  0.324371781658645E-001 
     26.42000000 -0.233522909689663E+005  0.324371783762277E-001 
     26.44000000 -0.233522909689661E+005  0.324371785927780E-001 
     26.46000000 -0.233522909689659E+005  0.324371787969541E-001 
     26.48000000 -0.233522909689656E+005  0.324371790196916E-001 
     26.50000000 -0.233522909689654E+005  0.324371792238676E-001 
     26.52000000 -0.233522909689652E+005  0.324371794404179E-001 
     26.54000000 -0.233522909689650E+005  0.324371796415004E-001 
     26.56000000 -0.233522909689648E+005  0.324371798735186E-001 
     26.58000000 -0.233522909689646E+005  0.324371800900690E-001 
     26.60000000 -0.233522909689643E+005  0.324371803004322E-001 
     26.62000000 -0.233522909689641E+005  0.324371805169825E-001 
     26.64000000 -0.233522909689639E+005  0.324371807459072E-001 
     26.66000000 -0.233522909689637E+005  0.324371809562703E-001 
     26.68000000 -0.233522909689635E+005  0.324371811573528E-001 
     26.70000000 -0.233522909689633E+005  0.324371813769967E-001 
     26.72000000 -0.233522909689631E+005  0.324371815966406E-001 
     26.74000000 -0.233522909689628E+005  0.324371818100974E-001 
     26.76000000 -0.233522909689626E+005  0.324371820204606E-001 
     26.78000000 -0.233522909689624E+005  0.324371822308238E-001 
     26.80000000 -0.233522909689622E+005  0.324371824473741E-001 
     26.82000000 -0.233522909689620E+005  0.324371826639245E-001 
     26.84000000 -0.233522909689618E+005  0.324371828681005E-001 
     26.86000000 -0.233522909689616E+005  0.324371830846509E-001 
     26.88000000 -0.233522909689614E+005  0.324371832764526E-001 
     26.90000000 -0.233522909689611E+005  0.324371834991901E-001 
     26.92000000 -0.233522909689609E+005  0.324371837157404E-001 
     26.94000000 -0.233522909689607E+005  0.324371839261036E-001 
     26.96000000 -0.233522909689605E+005  0.324371841426540E-001 
     26.98000000 -0.233522909689603E+005  0.324371843406428E-001 
     27.00000000 -0.233522909689601E+005  0.324371845664739E-001 
     27.02000000 -0.233522909689599E+005  0.324371847861178E-001 
     27.04000000 -0.233522909689596E+005  0.324371850026682E-001 
     27.06000000 -0.233522909689594E+005  0.324371852192185E-001 
     27.08000000 -0.233522909689592E+005  0.324371854295817E-001 
     27.10000000 -0.233522909689590E+005  0.324371856492256E-001 
     27.12000000 -0.233522909689588E+005  0.324371858688695E-001 
     27.14000000 -0.233522909689585E+005  0.324371861039813E-001 
     27.16000000 -0.233522909689583E+005  0.324371863143445E-001 
     27.18000000 -0.233522909689581E+005  0.324371865401756E-001 
     27.20000000 -0.233522909689579E+005  0.324371867536324E-001 
     27.22000000 -0.233522909689577E+005  0.324371869701827E-001 
     27.24000000 -0.233522909689575E+005  0.324371871960138E-001 
     27.26000000 -0.233522909689572E+005  0.324371874156577E-001 
     27.28000000 -0.233522909689570E+005  0.324371876260209E-001 
     27.30000000 -0.233522909689568E+005  0.324371878611327E-001 
     27.32000000 -0.233522909689566E+005  0.324371880591216E-001 
     27.34000000 -0.233522909689564E+005  0.324371882849526E-001 
     27.36000000 -0.233522909689561E+005  0.324371885045966E-001 
     27.38000000 -0.233522909689559E+005  0.324371887211469E-001 
     27.40000000 -0.233522909689557E+005  0.324371889222294E-001 
     27.42000000 -0.233522909689555E+005  0.324371891542476E-001 
     27.44000000 -0.233522909689553E+005  0.324371893522365E-001 
     27.46000000 -0.233522909689551E+005  0.324371895595061E-001 
     27.48000000 -0.233522909689549E+005  0.324371897698693E-001 
     27.50000000 -0.233522909689547E+005  0.324371899771389E-001 
     27.52000000 -0.233522909689545E+005  0.324371901720342E-001 
     27.54000000 -0.233522909689543E+005  0.324371903916781E-001 
     27.56000000 -0.233522909689540E+005  0.324371906020413E-001 
     27.58000000 -0.233522909689538E+005  0.324371908062173E-001 
     27.60000000 -0.233522909689536E+005  0.324371910042062E-001 
     27.62000000 -0.233522909689534E+005  0.324371912083823E-001 
     27.64000000 -0.233522909689532E+005  0.324371914125583E-001 
     27.66000000 -0.233522909689530E+005  0.324371916229215E-001 
     27.68000000 -0.233522909689528E+005  0.324371918270975E-001 
     27.70000000 -0.233522909689526E+005  0.324371920250864E-001 
     27.72000000 -0.233522909689524E+005  0.324371922168881E-001 
     27.74000000 -0.233522909689522E+005  0.324371924396256E-001 
     27.76000000 -0.233522909689520E+005  0.324371926252402E-001 
     27.78000000 -0.233522909689518E+005  0.324371928479777E-001 
     27.80000000 -0.233522909689516E+005  0.324371930459666E-001 
     27.82000000 -0.233522909689514E+005  0.324371932439555E-001 
     27.84000000 -0.233522909689512E+005  0.324371934635994E-001 
     27.86000000 -0.233522909689510E+005  0.324371936708690E-001 
     27.88000000 -0.233522909689508E+005  0.324371938874193E-001 
     27.90000000 -0.233522909689505E+005  0.324371941039697E-001 
     27.92000000 -0.233522909689503E+005  0.324371943019586E-001 
     27.94000000 -0.233522909689501E+005  0.324371945370704E-001 
     27.96000000 -0.233522909689499E+005  0.324371947412464E-001 
     27.98000000 -0.233522909689497E+005  0.324371949701711E-001 
     28.00000000 -0.233522909689495E+005  0.324371951805342E-001 
     28.02000000 -0.233522909689492E+005  0.324371954094589E-001 
     28.04000000 -0.233522909689490E+005  0.324371956291028E-001 
     28.06000000 -0.233522909689488E+005  0.324371958518403E-001 
     28.08000000 -0.233522909689486E+005  0.324371960714842E-001 
     28.10000000 -0.233522909689484E+005  0.324371962787538E-001 
     28.12000000 -0.233522909689482E+005  0.324371964922106E-001 
     28.14000000 -0.233522909689479E+005  0.324371967211353E-001 
     28.16000000 -0.233522909689477E+005  0.324371969376856E-001 
     28.18000000 -0.233522909689475E+005  0.324371971480488E-001 
     28.20000000 -0.233522909689473E+005  0.324371973645991E-001 
     28.22000000 -0.233522909689471E+005  0.324371975656816E-001 
     28.24000000 -0.233522909689469E+005  0.324371977853255E-001 
     28.26000000 -0.233522909689467E+005  0.324371979833144E-001 
     28.28000000 -0.233522909689465E+005  0.324371981843969E-001 
     28.30000000 -0.233522909689463E+005  0.324371983978536E-001 
     28.32000000 -0.233522909689461E+005  0.324371985958425E-001 
     28.34000000 -0.233522909689459E+005  0.324371987938314E-001 
     28.36000000 -0.233522909689456E+005  0.324371990041946E-001 
     28.38000000 -0.233522909689454E+005  0.324371992021835E-001 
     28.40000000 -0.233522909689452E+005  0.324371994125466E-001 
     28.42000000 -0.233522909689450E+005  0.324371996229098E-001 
     28.44000000 -0.233522909689448E+005  0.324371998208987E-001 
     28.46000000 -0.233522909689446E+005  0.324372000312619E-001 
     28.48000000 -0.233522909689444E+005  0.324372002292508E-001 
     28.50000000 -0.233522909689442E+005  0.324372004272397E-001 
     28.52000000 -0.233522909689440E+005  0.324372006376029E-001 
     28.54000000 -0.233522909689438E+005  0.324372008510596E-001 
     28.56000000 -0.233522909689436E+005  0.324372010490485E-001 
     28.58000000 -0.233522909689434E+005  0.324372012686924E-001 
     28.60000000 -0.233522909689432E+005  0.324372014728685E-001 
     28.62000000 -0.233522909689430E+005  0.324372016801381E-001 
     28.64000000 -0.233522909689428E+005  0.324372018935948E-001 
     28.66000000 -0.233522909689426E+005  0.324372020977709E-001 
     28.68000000 -0.233522909689423E+005  0.324372023205084E-001 
     28.70000000 -0.233522909689421E+005  0.324372025401523E-001 
     28.72000000 -0.233522909689419E+005  0.324372027505155E-001 
     28.74000000 -0.233522909689417E+005  0.324372029701594E-001 
     28.76000000 -0.233522909689415E+005  0.324372031836162E-001 
     28.78000000 -0.233522909689412E+005  0.324372034032601E-001 
     28.80000000 -0.233522909689410E+005  0.324372036259976E-001 
     28.82000000 -0.233522909689408E+005  0.324372038363608E-001 
     28.84000000 -0.233522909689406E+005  0.324372040652854E-001 
     28.86000000 -0.233522909689404E+005  0.324372042787422E-001 
     28.88000000 -0.233522909689401E+005  0.324372045169476E-001 
     28.90000000 -0.233522909689399E+005  0.324372047458722E-001 
     28.92000000 -0.233522909689397E+005  0.324372049686097E-001 
     28.94000000 -0.233522909689394E+005  0.324372052099087E-001 
     28.96000000 -0.233522909689392E+005  0.324372054388333E-001 
     28.98000000 -0.233522909689390E+005  0.324372056615708E-001 
     29.00000000 -0.233522909689388E+005  0.324372058904955E-001 
     29.02000000 -0.233522909689385E+005  0.324372061287008E-001 
     29.04000000 -0.233522909689383E+005  0.324372063483447E-001 
     29.06000000 -0.233522909689381E+005  0.324372065896437E-001 
     29.08000000 -0.233522909689378E+005  0.324372068185683E-001 
     29.10000000 -0.233522909689376E+005  0.324372070289315E-001 
     29.12000000 -0.233522909689374E+005  0.324372072640433E-001 
     29.14000000 -0.233522909689372E+005  0.324372074867808E-001 
     29.16000000 -0.233522909689370E+005  0.324372076971440E-001 
     29.18000000 -0.233522909689367E+005  0.324372079260687E-001 
     29.20000000 -0.233522909689365E+005  0.324372081302447E-001 
     29.22000000 -0.233522909689363E+005  0.324372083467950E-001 
     29.24000000 -0.233522909689361E+005  0.324372085633454E-001 
     29.26000000 -0.233522909689359E+005  0.324372087706150E-001 
     29.28000000 -0.233522909689357E+005  0.324372089840718E-001 
     29.30000000 -0.233522909689354E+005  0.324372091975285E-001 
     29.32000000 -0.233522909689352E+005  0.324372094171725E-001 
     29.34000000 -0.233522909689350E+005  0.324372096337228E-001 
     29.36000000 -0.233522909689348E+005  0.324372098564603E-001 
     29.38000000 -0.233522909689346E+005  0.324372100575427E-001 
     29.40000000 -0.233522909689344E+005  0.324372102709995E-001 
     29.42000000 -0.233522909689342E+005  0.324372104813627E-001 
     29.44000000 -0.233522909689339E+005  0.324372107102874E-001 
     29.46000000 -0.233522909689337E+005  0.324372109175570E-001 
     29.48000000 -0.233522909689335E+005  0.324372111402945E-001 
     29.50000000 -0.233522909689333E+005  0.324372113661255E-001 
     29.52000000 -0.233522909689331E+005  0.324372115888630E-001 
     29.54000000 -0.233522909689328E+005  0.324372118054134E-001 
     29.56000000 -0.233522909689326E+005  0.324372120343380E-001 
     29.58000000 -0.233522909689324E+005  0.324372122632627E-001 
     29.60000000 -0.233522909689322E+005  0.324372124921873E-001 
     29.62000000 -0.233522909689319E+005  0.324372127149248E-001 
     29.64000000 -0.233522909689317E+005  0.324372129469430E-001 
     29.66000000 -0.233522909689315E+005  0.324372131789613E-001 
     29.68000000 -0.233522909689312E+005  0.324372134202602E-001 
     29.70000000 -0.233522909689310E+005  0.324372136429977E-001 
     29.72000000 -0.233522909689308E+005  0.324372138750159E-001 
     29.74000000 -0.233522909689305E+005  0.324372141070342E-001 
     29.76000000 -0.233522909689303E+005  0.324372143421459E-001 
     29.78000000 -0.233522909689301E+005  0.324372145772577E-001 
     29.80000000 -0.233522909689299E+005  0.324372147938081E-001 
     29.82000000 -0.233522909689296E+005  0.324372150165456E-001 
     29.84000000 -0.233522909689294E+005  0.324372152578445E-001 
     29.86000000 -0.233522909689292E+005  0.324372154682077E-001 
     29.88000000 -0.233522909689289E+005  0.324372157033195E-001 
     29.90000000 -0.233522909689287E+005  0.324372159260570E-001 
     29.92000000 -0.233522909689285E+005  0.324372161426074E-001 
     29.94000000 -0.233522909689283E+005  0.324372163715320E-001 
     29.96000000 -0.233522909689281E+005  0.324372165942695E-001 
     29.98000000 -0.233522909689278E+005  0.324372168108198E-001 
     30.00000000 -0.233522909689276E+005  0.324372170211830E-001 
