# Real time calculation: 
# Eall: Total energy
# Eall0: Initial total energy
# 1:Time[fs] 2:Eall[eV] 3:Eall-Eall0[eV] 
      0.00000000 -0.865026937618314E+003  0.000000000000000E+000 
      0.02000000 -0.865026937654987E+003 -0.366728004422868E-007 
      0.04000000 -0.865026937654974E+003 -0.366596527429422E-007 
      0.06000000 -0.865026937654748E+003 -0.364340150203677E-007 
      0.08000000 -0.865026937653862E+003 -0.355476087314708E-007 
      0.10000000 -0.865026937651416E+003 -0.331017499563488E-007 
      0.12000000 -0.865026937645868E+003 -0.275539042042571E-007 
      0.14000000 -0.865026937634824E+003 -0.165100301033725E-007 
      0.16000000 -0.865026937614830E+003  0.348404365204029E-008 
      0.18000000 -0.865026937581164E+003  0.371501779376050E-007 
      0.20000000 -0.865026937527640E+003  0.906740752721429E-007 
      0.22000000 -0.865026937446425E+003  0.171889250934236E-006 
      0.24000000 -0.865026937327877E+003  0.290437512233639E-006 
      0.26000000 -0.865026937160412E+003  0.457902562338442E-006 
      0.28000000 -0.865026936930407E+003  0.687907544603293E-006 
      0.30000000 -0.865026936622135E+003  0.996179427626486E-006 
      0.32000000 -0.865026936217746E+003  0.140056872679898E-005 
      0.34000000 -0.865026935697280E+003  0.192103480981688E-005 
      0.36000000 -0.865026935038723E+003  0.257959137239889E-005 
      0.38000000 -0.865026934218105E+003  0.340020976402640E-005 
      0.40000000 -0.865026933209628E+003  0.440868635085894E-005 
      0.42000000 -0.865026931985827E+003  0.563248774024408E-005 
      0.44000000 -0.865026930517755E+003  0.710055984905418E-005 
      0.46000000 -0.865026928775189E+003  0.884312575780897E-005 
      0.48000000 -0.865026926726866E+003  0.108914487620645E-004 
      0.50000000 -0.865026924340728E+003  0.132775860463991E-004 
      0.52000000 -0.865026921584180E+003  0.160341341410870E-004 
      0.54000000 -0.865026918424346E+003  0.191939683849677E-004 
      0.56000000 -0.865026914828354E+003  0.227899607332821E-004 
      0.58000000 -0.865026910763610E+003  0.268547047194020E-004 
      0.60000000 -0.865026906198088E+003  0.314202266888170E-004 
      0.62000000 -0.865026901100601E+003  0.365177133710693E-004 
      0.64000000 -0.865026895441036E+003  0.421772779280451E-004 
      0.66000000 -0.865026889190600E+003  0.484277141113317E-004 
      0.68000000 -0.865026882322005E+003  0.552963090041761E-004 
      0.70000000 -0.865026874809646E+003  0.628086687177943E-004 
      0.72000000 -0.865026866629737E+003  0.709885770536037E-004 
      0.74000000 -0.865026857760395E+003  0.798579193239056E-004 
      0.76000000 -0.865026848181703E+003  0.894366112963051E-004 
      0.78000000 -0.865026837875721E+003  0.997425933932548E-004 
      0.80000000 -0.865026826826494E+003  0.110791820541258E-003 
      0.82000000 -0.865026815020026E+003  0.122598288852963E-003 
      0.84000000 -0.865026802444195E+003  0.135174118960379E-003 
      0.86000000 -0.865026789088664E+003  0.148529650562297E-003 
      0.88000000 -0.865026774944730E+003  0.162673584148757E-003 
      0.90000000 -0.865026760005163E+003  0.177613151051075E-003 
      0.92000000 -0.865026744264008E+003  0.193354306693682E-003 
      0.94000000 -0.865026727716349E+003  0.209901965319230E-003 
      0.96000000 -0.865026710358064E+003  0.227260250471600E-003 
      0.98000000 -0.865026692185547E+003  0.245432767520642E-003 
      1.00000000 -0.865026673195425E+003  0.264422889624631E-003 
      1.02000000 -0.865026653384313E+003  0.284234001156056E-003 
      1.04000000 -0.865026632748507E+003  0.304869807735974E-003 
      1.06000000 -0.865026611283729E+003  0.326334585363574E-003 
      1.08000000 -0.865026588984893E+003  0.348633421231759E-003 
      1.10000000 -0.865026565845867E+003  0.371772447872205E-003 
      1.12000000 -0.865026541859273E+003  0.395759041434268E-003 
      1.14000000 -0.865026517016290E+003  0.420602024604253E-003 
      1.16000000 -0.865026491306533E+003  0.446311781647786E-003 
      1.18000000 -0.865026464717891E+003  0.472900423529448E-003 
      1.20000000 -0.865026437236407E+003  0.500381907112139E-003 
      1.22000000 -0.865026408846222E+003  0.528772092194891E-003 
      1.24000000 -0.865026379529538E+003  0.558088776315599E-003 
      1.26000000 -0.865026349266602E+003  0.588351712249067E-003 
      1.28000000 -0.865026318035761E+003  0.619582553192699E-003 
      1.30000000 -0.865026285813537E+003  0.651804777263901E-003 
      1.32000000 -0.865026252574709E+003  0.685043605423639E-003 
      1.34000000 -0.865026218292460E+003  0.719325854434884E-003 
      1.36000000 -0.865026182938502E+003  0.754679812056149E-003 
      1.38000000 -0.865026146483311E+003  0.791135003089774E-003 
      1.40000000 -0.865026108896315E+003  0.828721999320333E-003 
      1.42000000 -0.865026070146078E+003  0.867472236026892E-003 
      1.44000000 -0.865026030200641E+003  0.907417673719768E-003 
      1.46000000 -0.865025989027756E+003  0.948590558001672E-003 
      1.48000000 -0.865025946595233E+003  0.991023081691170E-003 
      1.50000000 -0.865025902871262E+003  0.103474705255325E-002 
      1.52000000 -0.865025857824715E+003  0.107979359950624E-002 
      1.54000000 -0.865025811425481E+003  0.112619283348853E-002 
      1.56000000 -0.865025763644770E+003  0.117397354486810E-002 
      1.58000000 -0.865025714455409E+003  0.122316290520246E-002 
      1.60000000 -0.865025663832174E+003  0.127378613989959E-002 
      1.62000000 -0.865025611752122E+003  0.132586619285494E-002 
      1.64000000 -0.865025558194894E+003  0.137942342018736E-002 
      1.66000000 -0.865025503142961E+003  0.143447535300050E-002 
      1.68000000 -0.865025446581889E+003  0.149103642505137E-002 
      1.70000000 -0.865025388500636E+003  0.154911767857061E-002 
      1.72000000 -0.865025328891727E+003  0.160872658773528E-002 
      1.74000000 -0.865025267751462E+003  0.166986685226931E-002 
      1.76000000 -0.865025205080111E+003  0.173253820322490E-002 
      1.78000000 -0.865025140882033E+003  0.179673628136632E-002 
      1.80000000 -0.865025075165777E+003  0.186245253701539E-002 
      1.82000000 -0.865025007944111E+003  0.192967420346601E-002 
      1.84000000 -0.865024939233990E+003  0.199838432395633E-002 
      1.86000000 -0.865024869056586E+003  0.206856172856356E-002 
      1.88000000 -0.865024797437155E+003  0.214018115939718E-002 
      1.90000000 -0.865024724404906E+003  0.221321340864975E-002 
      1.92000000 -0.865024649992966E+003  0.228762534788921E-002 
      1.94000000 -0.865024574238155E+003  0.236338015911037E-002 
      1.96000000 -0.865024497180742E+003  0.244043757245694E-002 
      1.98000000 -0.865024418864271E+003  0.251875404323207E-002 
      2.00000000 -0.865024339335286E+003  0.259828302867673E-002 
      2.02000000 -0.865024258642935E+003  0.267897537901717E-002 
      2.04000000 -0.865024176838763E+003  0.276077955150165E-002 
      2.06000000 -0.865024093976269E+003  0.284364204495130E-002 
      2.08000000 -0.865024010110586E+003  0.292750772845254E-002 
      2.10000000 -0.865023925298221E+003  0.301232009377366E-002 
      2.12000000 -0.865023839596522E+003  0.309802179239024E-002 
      2.14000000 -0.865023753063517E+003  0.318455479780129E-002 
      2.16000000 -0.865023665757462E+003  0.327186085284105E-002 
      2.18000000 -0.865023577736491E+003  0.335988182331340E-002 
      2.20000000 -0.865023489058462E+003  0.344855985267069E-002 
      2.22000000 -0.865023399780502E+003  0.353783781222579E-002 
      2.24000000 -0.865023309958903E+003  0.362765941116738E-002 
      2.26000000 -0.865023219648853E+003  0.371796946173743E-002 
      2.28000000 -0.865023128904222E+003  0.380871409268799E-002 
      2.30000000 -0.865023037777481E+003  0.389984083329111E-002 
      2.32000000 -0.865022946319542E+003  0.399129877256137E-002 
      2.34000000 -0.865022854579652E+003  0.408303866231058E-002 
      2.36000000 -0.865022762605408E+003  0.417501290661036E-002 
      2.38000000 -0.865022670442706E+003  0.426717560829240E-002 
      2.40000000 -0.865022578135693E+003  0.435948262086259E-002 
      2.42000000 -0.865022485726882E+003  0.445189143200848E-002 
      2.44000000 -0.865022393257241E+003  0.454436107349892E-002 
      2.46000000 -0.865022300766408E+003  0.463685190608380E-002 
      2.48000000 -0.865022208292815E+003  0.472932549894127E-002 
      2.50000000 -0.865022115873821E+003  0.482174449346367E-002 
      2.52000000 -0.865022023546078E+003  0.491407223647545E-002 
      2.54000000 -0.865021931345730E+003  0.500627258437106E-002 
      2.56000000 -0.865021839308627E+003  0.509830968762806E-002 
      2.58000000 -0.865021747470720E+003  0.519014759453930E-002 
      2.60000000 -0.865021655868309E+003  0.528175000546699E-002 
      2.62000000 -0.865021564538321E+003  0.537307999316403E-002 
      2.64000000 -0.865021473518604E+003  0.546409971043107E-002 
      2.66000000 -0.865021382848178E+003  0.555477013634658E-002 
      2.68000000 -0.865021292567541E+003  0.564505077309634E-002 
      2.70000000 -0.865021202718708E+003  0.573489960633703E-002 
      2.72000000 -0.865021113345495E+003  0.582427281904040E-002 
      2.74000000 -0.865021024493736E+003  0.591312457822986E-002 
      2.76000000 -0.865020936211336E+003  0.600140697890941E-002 
      2.78000000 -0.865020848548446E+003  0.608906986821316E-002 
      2.80000000 -0.865020761557468E+003  0.617606084646874E-002 
      2.82000000 -0.865020675293138E+003  0.626232517671020E-002 
      2.84000000 -0.865020589812499E+003  0.634780581503374E-002 
      2.86000000 -0.865020505174831E+003  0.643244348349006E-002 
      2.88000000 -0.865020421441558E+003  0.651617675660789E-002 
      2.90000000 -0.865020338676140E+003  0.659894217459947E-002 
      2.92000000 -0.865020256943889E+003  0.668067442520489E-002 
      2.94000000 -0.865020176311800E+003  0.676130651403212E-002 
      2.96000000 -0.865020096848302E+003  0.684077001242982E-002 
      2.98000000 -0.865020018622941E+003  0.691899537303208E-002 
      3.00000000 -0.865019941706133E+003  0.699591218178829E-002 
      3.02000000 -0.865019866168900E+003  0.707144941434321E-002 
      3.04000000 -0.865019792082464E+003  0.714553585028621E-002 
      3.06000000 -0.865019719517900E+003  0.721810041402470E-002 
      3.08000000 -0.865019648545755E+003  0.728907255916101E-002 
      3.10000000 -0.865019579235554E+003  0.735838276075765E-002 
      3.12000000 -0.865019511655534E+003  0.742596278061159E-002 
      3.14000000 -0.865019445872110E+003  0.749174620418298E-002 
      3.16000000 -0.865019381949539E+003  0.755566877499152E-002 
      3.18000000 -0.865019319949556E+003  0.761766875811161E-002 
      3.20000000 -0.865019259931010E+003  0.767768730453765E-002 
      3.22000000 -0.865019201949596E+003  0.773566871877842E-002 
      3.24000000 -0.865019146057528E+003  0.779156078667944E-002 
      3.26000000 -0.865019092303054E+003  0.784531526005109E-002 
      3.28000000 -0.865019040729532E+003  0.789688878261466E-002 
      3.30000000 -0.865018991373256E+003  0.794624505801926E-002 
      3.32000000 -0.865018944258903E+003  0.799335941151350E-002 
      3.34000000 -0.865018899391274E+003  0.803822704012680E-002 
      3.36000000 -0.865018856741142E+003  0.808087717274159E-002 
      3.38000000 -0.865018816223056E+003  0.812139525799604E-002 
      3.40000000 -0.865018777662244E+003  0.815995607009436E-002 
      3.42000000 -0.865018740748036E+003  0.819687027805452E-002 
      3.44000000 -0.865018704971325E+003  0.823264698912069E-002 
      3.46000000 -0.865018669543596E+003  0.826807471848298E-002 
      3.48000000 -0.865018633296920E+003  0.830432139396554E-002 
      3.50000000 -0.865018594564285E+003  0.834305402947963E-002 
      3.52000000 -0.865018551042352E+003  0.838657596225608E-002 
      3.54000000 -0.865018499639849E+003  0.843797846544371E-002 
      3.56000000 -0.865018436317071E+003  0.850130124342856E-002 
      3.58000000 -0.865018355924866E+003  0.858169344793756E-002 
      3.60000000 -0.865018252052638E+003  0.868556567617375E-002 
      3.62000000 -0.865018116897943E+003  0.882072037182520E-002 
      3.64000000 -0.865017941171530E+003  0.899644678422690E-002 
      3.66000000 -0.865017714052853E+003  0.922356546094868E-002 
      3.68000000 -0.865017423211905E+003  0.951440640956331E-002 
      3.70000000 -0.865017054912630E+003  0.988270568451398E-002 
      3.72000000 -0.865016594211723E+003  0.103434065918700E-001 
      3.74000000 -0.865016025264690E+003  0.109123536246139E-001 
      3.76000000 -0.865015331746809E+003  0.116058715051142E-001 
      3.78000000 -0.865014497392164E+003  0.124402261507206E-001 
      3.80000000 -0.865013506648358E+003  0.134309699569096E-001 
      3.82000000 -0.865012345436765E+003  0.145921815497448E-001 
      3.84000000 -0.865011002001675E+003  0.159356166398778E-001 
      3.86000000 -0.865009467822479E+003  0.174697958352646E-001 
      3.88000000 -0.865007738555376E+003  0.191990629385530E-001 
      3.90000000 -0.865005814962663E+003  0.211226556509687E-001 
      3.92000000 -0.865003703779711E+003  0.232338386036431E-001 
      3.94000000 -0.865001418464230E+003  0.255191540847286E-001 
      3.96000000 -0.864998979766664E+003  0.279578516502445E-001 
      3.98000000 -0.864996416057812E+003  0.305215605026474E-001 
      4.00000000 -0.864993763349984E+003  0.331742683308661E-001 
      4.02000000 -0.864991064949481E+003  0.358726688332875E-001 
      4.04000000 -0.864988370683439E+003  0.385669348756603E-001 
      4.06000000 -0.864985735653065E+003  0.412019652497211E-001 
      4.08000000 -0.864983218476884E+003  0.437191414303042E-001 
      4.10000000 -0.864980879001663E+003  0.460586166509928E-001 
      4.12000000 -0.864978775477679E+003  0.481621406353116E-001 
      4.14000000 -0.864976961214012E+003  0.499764043023189E-001 
      4.16000000 -0.864975480752776E+003  0.514568655382986E-001 
      4.18000000 -0.864974365625179E+003  0.525719931355750E-001 
      4.20000000 -0.864973629775385E+003  0.533078429297992E-001 
      4.22000000 -0.864973264763876E+003  0.536728544385576E-001 
      4.24000000 -0.864973234884527E+003  0.537027337872691E-001 
      4.26000000 -0.864973472350022E+003  0.534652682922763E-001 
      4.28000000 -0.864973872719234E+003  0.530648990802524E-001 
      4.30000000 -0.864974290754151E+003  0.526468641637633E-001 
      4.32000000 -0.864974536902546E+003  0.524007157689009E-001 
      4.34000000 -0.864974374607308E+003  0.525630110065393E-001 
      4.36000000 -0.864973518641141E+003  0.534189771733725E-001 
      4.38000000 -0.864971634656553E+003  0.553029617618928E-001 
      4.40000000 -0.864968340125009E+003  0.585974933050491E-001 
      4.42000000 -0.864963206816911E+003  0.637308014036389E-001 
      4.44000000 -0.864955764943310E+003  0.711726750040893E-001 
      4.46000000 -0.864945509041725E+003  0.814285765892563E-001 
      4.48000000 -0.864931905644867E+003  0.950319734475162E-001 
      4.50000000 -0.864914402717183E+003  0.112534901131301E+000 
      4.52000000 -0.864892440786594E+003  0.134496831720018E+000 
      4.54000000 -0.864865465633066E+003  0.161471985248126E+000 
      4.56000000 -0.864832942327282E+003  0.193995291032811E+000 
      4.58000000 -0.864794370339504E+003  0.232567278810918E+000 
      4.60000000 -0.864749299363432E+003  0.277638254882257E+000 
      4.62000000 -0.864697345429062E+003  0.329592189252637E+000 
      4.64000000 -0.864638206807649E+003  0.388730810664957E+000 
      4.66000000 -0.864571679154481E+003  0.455258463833827E+000 
      4.68000000 -0.864497669285846E+003  0.529268332468241E+000 
      4.70000000 -0.864416206958552E+003  0.610730659762812E+000 
      4.72000000 -0.864327454016297E+003  0.699483602017624E+000 
      4.74000000 -0.864231710291250E+003  0.795227327064070E+000 
      4.76000000 -0.864129415705954E+003  0.897521912360717E+000 
      4.78000000 -0.864021148121005E+003  0.100578949730959E+001 
      4.80000000 -0.863907616609757E+003  0.111932100855747E+001 
      4.82000000 -0.863789650023422E+003  0.123728759489273E+001 
      4.84000000 -0.863668180926857E+003  0.135875669145698E+001 
      4.86000000 -0.863544225236541E+003  0.148271238177312E+001 
      4.88000000 -0.863418858158764E+003  0.160807945955078E+001 
      4.90000000 -0.863293187300793E+003  0.173375031752128E+001 
      4.92000000 -0.863168324083282E+003  0.185861353503263E+001 
      4.94000000 -0.863045354793633E+003  0.198158282468155E+001 
      4.96000000 -0.862925312768429E+003  0.210162484988550E+001 
      4.98000000 -0.862809153242080E+003  0.221778437623488E+001 
      5.00000000 -0.862697732329809E+003  0.232920528850488E+001 
      5.02000000 -0.862591791413330E+003  0.243514620498385E+001 
      5.04000000 -0.862491947855719E+003  0.253498976259546E+001 
      5.06000000 -0.862398692494948E+003  0.262824512336669E+001 
      5.08000000 -0.862312393786209E+003  0.271454383210548E+001 
      5.10000000 -0.862233307821876E+003  0.279362979643830E+001 
      5.12000000 -0.862161592801684E+003  0.286534481663074E+001 
      5.14000000 -0.862097325943506E+003  0.292961167480796E+001 
      5.16000000 -0.862040520387010E+003  0.298641723130474E+001 
      5.18000000 -0.861991139405926E+003  0.303579821238838E+001 
      5.20000000 -0.861949105294859E+003  0.307783232345533E+001 
      5.22000000 -0.861914300638390E+003  0.311263697992428E+001 
      5.24000000 -0.861886560321699E+003  0.314037729661529E+001 
      5.26000000 -0.861865653552883E+003  0.316128406543108E+001 
      5.28000000 -0.861851256268822E+003  0.317568134949240E+001 
      5.30000000 -0.861842915466045E+003  0.318402215226926E+001 
      5.32000000 -0.861840008122484E+003  0.318692949582995E+001 
      5.34000000 -0.861841698315829E+003  0.318523930248581E+001 
      5.36000000 -0.861846896777254E+003  0.318004084106037E+001 
      5.38000000 -0.861854227373765E+003  0.317271024454957E+001 
      5.40000000 -0.861862004834654E+003  0.316493278366000E+001 
      5.42000000 -0.861868227446153E+003  0.315871017216127E+001 
      5.44000000 -0.861870587484674E+003  0.315635013364086E+001 
      5.46000000 -0.861866500948369E+003  0.316043666994541E+001 
      5.48000000 -0.861853156797345E+003  0.317378082096915E+001 
      5.50000000 -0.861827584555357E+003  0.319935306295726E+001 
      5.52000000 -0.861786737879933E+003  0.324019973838187E+001 
      5.54000000 -0.861727590659716E+003  0.329934695859799E+001 
      5.56000000 -0.861647241408398E+003  0.337969620991633E+001 
      5.58000000 -0.861543021206040E+003  0.348391641227453E+001 
      5.60000000 -0.861412600175902E+003  0.361433744241277E+001 
      5.62000000 -0.861254087434623E+003  0.377285018369191E+001 
      5.64000000 -0.861066119566514E+003  0.396081805179992E+001 
      5.66000000 -0.860847932909976E+003  0.417900470833820E+001 
      5.68000000 -0.860599415248602E+003  0.442752236971259E+001 
      5.70000000 -0.860321132910215E+003  0.470580470809932E+001 
      5.72000000 -0.860014329780709E+003  0.501260783760566E+001 
      5.74000000 -0.859680895420785E+003  0.534604219752961E+001 
      5.76000000 -0.859323300402954E+003  0.570363721536054E+001 
      5.78000000 -0.858944498254747E+003  0.608243936356710E+001 
      5.80000000 -0.858547795086616E+003  0.647914253169812E+001 
      5.82000000 -0.858136690127160E+003  0.689024749115411E+001 
      5.84000000 -0.857714692993448E+003  0.731224462486676E+001 
      5.86000000 -0.857285126443119E+003  0.774181117519517E+001 
      5.88000000 -0.856850926384352E+003  0.817601123396238E+001 
      5.90000000 -0.856414453730098E+003  0.861248388821623E+001 
      5.92000000 -0.855977334814684E+003  0.904960280363052E+001 
      5.94000000 -0.855540348060395E+003  0.948658955791972E+001 
      5.96000000 -0.855103373927378E+003  0.992356369093610E+001 
      5.98000000 -0.854665422453382E+003  0.103615151649321E+002 
      6.00000000 -0.854224747717387E+003  0.108021899009273E+002 
      6.02000000 -0.853779051372054E+003  0.112478862462606E+002 
      6.04000000 -0.853325768336937E+003  0.117011692813770E+002 
      6.06000000 -0.852862417619352E+003  0.121645199989627E+002 
      6.08000000 -0.852386991086578E+003  0.126399465317365E+002 
      6.10000000 -0.851898344205570E+003  0.131285934127441E+002 
      6.12000000 -0.851396546804084E+003  0.136303908142304E+002 
      6.14000000 -0.850883150166541E+003  0.141437874517729E+002 
      6.16000000 -0.850361330380395E+003  0.146656072379198E+002 
      6.18000000 -0.849835877349986E+003  0.151910602683280E+002 
      6.20000000 -0.849313014019222E+003  0.157139235990922E+002 
      6.22000000 -0.848800049826344E+003  0.162268877919706E+002 
      6.24000000 -0.848304893938477E+003  0.167220436798379E+002 
      6.26000000 -0.847835474230972E+003  0.171914633873422E+002 
      6.28000000 -0.847399123833801E+003  0.176278137845130E+002 
      6.30000000 -0.847002005273564E+003  0.180249323447499E+002 
      6.32000000 -0.846648640722766E+003  0.183782968955483E+002 
      6.34000000 -0.846341605059136E+003  0.186853325591788E+002 
      6.36000000 -0.846081417411990E+003  0.189455202063242E+002 
      6.38000000 -0.845866639494799E+003  0.191602981235159E+002 
      6.40000000 -0.845694159583976E+003  0.193327780343388E+002 
      6.42000000 -0.845559614689194E+003  0.194673229291206E+002 
      6.44000000 -0.845457885259970E+003  0.195690523583448E+002 
      6.46000000 -0.845383590248481E+003  0.196433473698338E+002 
      6.48000000 -0.845331516566334E+003  0.196954210519805E+002 
      6.50000000 -0.845296934264342E+003  0.197300033539726E+002 
      6.52000000 -0.845275773053809E+003  0.197511645645051E+002 
      6.54000000 -0.845264661809043E+003  0.197622758092717E+002 
      6.56000000 -0.845260855255478E+003  0.197660823628364E+002 
      6.58000000 -0.845262087255107E+003  0.197648503632073E+002 
      6.60000000 -0.845266396062446E+003  0.197605415558686E+002 
      6.62000000 -0.845271963863230E+003  0.197549737550841E+002 
      6.64000000 -0.845277002763993E+003  0.197499348543217E+002 
      6.66000000 -0.845279705131101E+003  0.197472324872132E+002 
      6.68000000 -0.845278261042454E+003  0.197486765758604E+002 
      6.70000000 -0.845270932588096E+003  0.197560050302188E+002 
      6.72000000 -0.845256165995435E+003  0.197707716228798E+002 
      6.74000000 -0.845232719030909E+003  0.197942185874051E+002 
      6.76000000 -0.845199782390233E+003  0.198271552280811E+002 
      6.78000000 -0.845157078207855E+003  0.198698594104595E+002 
      6.80000000 -0.845104924270829E+003  0.199220133474859E+002 
      6.82000000 -0.845044257350162E+003  0.199826802681520E+002 
      6.84000000 -0.844976612630257E+003  0.200503249880570E+002 
      6.86000000 -0.844904059009499E+003  0.201228786088155E+002 
      6.88000000 -0.844829093005255E+003  0.201978446130593E+002 
      6.90000000 -0.844754497734516E+003  0.202724398837982E+002 
      6.92000000 -0.844683177652392E+003  0.203437599659228E+002 
      6.94000000 -0.844617983247375E+003  0.204089543709395E+002 
      6.96000000 -0.844561541316297E+003  0.204653963020170E+002 
      6.98000000 -0.844516105043539E+003  0.205108325747757E+002 
      7.00000000 -0.844483434301743E+003  0.205435033165713E+002 
      7.02000000 -0.844464711824568E+003  0.205622257937467E+002 
      7.04000000 -0.844460496778209E+003  0.205664408401051E+002 
      7.06000000 -0.844470714706089E+003  0.205562229122251E+002 
      7.08000000 -0.844494681608050E+003  0.205322560102648E+002 
      7.10000000 -0.844531159042654E+003  0.204957785756606E+002 
      7.12000000 -0.844578435641185E+003  0.204485019771293E+002 
      7.14000000 -0.844634428196675E+003  0.203925094216393E+002 
      7.16000000 -0.844696793688255E+003  0.203301439300595E+002 
      7.18000000 -0.844763043961370E+003  0.202638936569447E+002 
      7.20000000 -0.844830657961717E+003  0.201962796565973E+002 
      7.22000000 -0.844897190778864E+003  0.201297468394504E+002 
      7.24000000 -0.844960381018989E+003  0.200665565993251E+002 
      7.26000000 -0.845018255959351E+003  0.200086816589630E+002 
      7.28000000 -0.845069228410313E+003  0.199577092080011E+002 
      7.30000000 -0.845112173782047E+003  0.199147638362679E+002 
      7.32000000 -0.845146474275828E+003  0.198804633424863E+002 
      7.34000000 -0.845172021064576E+003  0.198549165537385E+002 
      7.36000000 -0.845189173452824E+003  0.198377641654909E+002 
      7.38000000 -0.845198682728278E+003  0.198282548900369E+002 
      7.40000000 -0.845201593999889E+003  0.198253436184255E+002 
      7.42000000 -0.845199140090335E+003  0.198277975279789E+002 
      7.44000000 -0.845192638614506E+003  0.198342990038084E+002 
      7.46000000 -0.845183399236280E+003  0.198435383820344E+002 
      7.48000000 -0.845172644777028E+003  0.198542928412868E+002 
      7.50000000 -0.845161448040772E+003  0.198654895775427E+002 
      7.52000000 -0.845150685585873E+003  0.198762520324411E+002 
      7.54000000 -0.845141009441051E+003  0.198859281772631E+002 
      7.56000000 -0.845132837276192E+003  0.198941003421227E+002 
      7.58000000 -0.845126360523244E+003  0.199005770950703E+002 
      7.60000000 -0.845121568559932E+003  0.199053690583820E+002 
      7.62000000 -0.845118285721578E+003  0.199086518967363E+002 
      7.64000000 -0.845116216893045E+003  0.199107207252689E+002 
      7.66000000 -0.845114996795721E+003  0.199119408225929E+002 
      7.68000000 -0.845114237833661E+003  0.199126997846529E+002 
      7.70000000 -0.845113571785394E+003  0.199133658329206E+002 
      7.72000000 -0.845112682029161E+003  0.199142555891538E+002 
      7.74000000 -0.845111325106349E+003  0.199156125119658E+002 
      7.76000000 -0.845109342391681E+003  0.199175952266332E+002 
      7.78000000 -0.845106663690849E+003  0.199202739274650E+002 
      7.80000000 -0.845103304639656E+003  0.199236329786586E+002 
      7.82000000 -0.845099359233548E+003  0.199275783847666E+002 
      7.84000000 -0.845094988133651E+003  0.199319494846634E+002 
      7.86000000 -0.845090402997655E+003  0.199365346206589E+002 
      7.88000000 -0.845085847315281E+003  0.199410903030330E+002 
      7.90000000 -0.845081575077618E+003  0.199453625406966E+002 
      7.92000000 -0.845077829527893E+003  0.199491080904211E+002 
      7.94000000 -0.845074824522523E+003  0.199521130957909E+002 
      7.96000000 -0.845072730439244E+003  0.199542071790701E+002 
      7.98000000 -0.845071665493316E+003  0.199552721249983E+002 
      8.00000000 -0.845071692338912E+003  0.199552452794025E+002 
      8.02000000 -0.845072819225650E+003  0.199541183926643E+002 
      8.04000000 -0.845075004684891E+003  0.199519329334237E+002 
      8.06000000 -0.845078164618216E+003  0.199487730000979E+002 
      8.08000000 -0.845082180710576E+003  0.199447569077381E+002 
      8.10000000 -0.845086909264019E+003  0.199400283542956E+002 
      8.12000000 -0.845092189766958E+003  0.199347478513560E+002 
      8.14000000 -0.845097852761595E+003  0.199290848567198E+002 
      8.16000000 -0.845103726895747E+003  0.199232107225677E+002 
      8.18000000 -0.845109645349964E+003  0.199172922683506E+002 
      8.20000000 -0.845115451890049E+003  0.199114857282652E+002 
      8.22000000 -0.845121006513044E+003  0.199059311052707E+002 
      8.24000000 -0.845126190268579E+003  0.199007473497358E+002 
      8.26000000 -0.845130908671731E+003  0.198960289465837E+002 
      8.28000000 -0.845135093294538E+003  0.198918443237762E+002 
      8.30000000 -0.845138701510794E+003  0.198882361075199E+002 
      8.32000000 -0.845141714738834E+003  0.198852228794799E+002 
      8.34000000 -0.845144135690921E+003  0.198828019273938E+002 
      8.36000000 -0.845145985058199E+003  0.198809525601150E+002 
      8.38000000 -0.845147297858505E+003  0.198796397598096E+002 
      8.40000000 -0.845148119536363E+003  0.198788180819513E+002 
      8.42000000 -0.845148501922647E+003  0.198784356956675E+002 
      8.44000000 -0.845148499279657E+003  0.198784383386578E+002 
      8.46000000 -0.845148164734689E+003  0.198787728836254E+002 
      8.48000000 -0.845147547367205E+003  0.198793902511097E+002 
      8.50000000 -0.845146690119573E+003  0.198802474987419E+002 
      8.52000000 -0.845145628604480E+003  0.198813090138346E+002 
      8.54000000 -0.845144390763161E+003  0.198825468551529E+002 
      8.56000000 -0.845142997182261E+003  0.198839404360534E+002 
      8.58000000 -0.845141461798884E+003  0.198854758194301E+002 
      8.60000000 -0.845139792791047E+003  0.198871448272676E+002 
      8.62000000 -0.845137993599451E+003  0.198889440188633E+002 
      8.64000000 -0.845136064113476E+003  0.198908735048384E+002 
      8.66000000 -0.845134002026391E+003  0.198929355919235E+002 
      8.68000000 -0.845131804281321E+003  0.198951333369931E+002 
      8.70000000 -0.845129468464821E+003  0.198974691534939E+002 
      8.72000000 -0.845126993984133E+003  0.198999436341810E+002 
      8.74000000 -0.845124382863371E+003  0.199025547549432E+002 
      8.76000000 -0.845121640010109E+003  0.199052976082058E+002 
      8.78000000 -0.845118772874021E+003  0.199081647442929E+002 
      8.80000000 -0.845115790576506E+003  0.199111470418084E+002 
      8.82000000 -0.845112702790663E+003  0.199142348276512E+002 
      8.84000000 -0.845109518759835E+003  0.199174188584793E+002 
      8.86000000 -0.845106246765328E+003  0.199206908529864E+002 
      8.88000000 -0.845102894120576E+003  0.199240434977381E+002 
      8.90000000 -0.845099467523245E+003  0.199274700950689E+002 
      8.92000000 -0.845095973468881E+003  0.199309641494330E+002 
      8.94000000 -0.845092418456456E+003  0.199345191618586E+002 
      8.96000000 -0.845088808893309E+003  0.199381287250057E+002 
      8.98000000 -0.845085150871582E+003  0.199417867467320E+002 
      9.00000000 -0.845081450131765E+003  0.199454874865497E+002 
      9.02000000 -0.845077712481456E+003  0.199492251368584E+002 
      9.04000000 -0.845073944678857E+003  0.199529929394572E+002 
      9.06000000 -0.845070155464566E+003  0.199567821537485E+002 
      9.08000000 -0.845066356249707E+003  0.199605813686078E+002 
      9.10000000 -0.845062561063123E+003  0.199643765551915E+002 
      9.12000000 -0.845058785659645E+003  0.199681519586690E+002 
      9.14000000 -0.845055046026006E+003  0.199718915923078E+002 
      9.16000000 -0.845051356739214E+003  0.199755808791007E+002 
      9.18000000 -0.845047729653491E+003  0.199792079648230E+002 
      9.20000000 -0.845044173242670E+003  0.199827643756446E+002 
      9.22000000 -0.845040692703798E+003  0.199862449145160E+002 
      9.24000000 -0.845037290722372E+003  0.199896468959421E+002 
      9.26000000 -0.845033968639908E+003  0.199929689784068E+002 
      9.28000000 -0.845030727669708E+003  0.199962099486061E+002 
      9.30000000 -0.845027569814497E+003  0.199993678038171E+002 
      9.32000000 -0.845024498254660E+003  0.200024393636540E+002 
      9.34000000 -0.845021517150563E+003  0.200054204677515E+002 
      9.36000000 -0.845018630976223E+003  0.200083066420918E+002 
      9.38000000 -0.845015843629486E+003  0.200110939888284E+002 
      9.40000000 -0.845013157601039E+003  0.200137800172759E+002 
      9.42000000 -0.845010573416398E+003  0.200163642019167E+002 
      9.44000000 -0.845008089432556E+003  0.200188481857583E+002 
      9.46000000 -0.845005701950349E+003  0.200212356679655E+002 
      9.48000000 -0.845003405536048E+003  0.200235320822662E+002 
      9.50000000 -0.845001193415733E+003  0.200257442025813E+002 
      9.52000000 -0.844999057801533E+003  0.200278798167818E+002 
      9.54000000 -0.844996990051029E+003  0.200299475672852E+002 
      9.56000000 -0.844994980649846E+003  0.200319569684689E+002 
      9.58000000 -0.844993019117037E+003  0.200339185012778E+002 
      9.60000000 -0.844991094010426E+003  0.200358436078880E+002 
      9.62000000 -0.844989193197255E+003  0.200377444210596E+002 
      9.64000000 -0.844987304430042E+003  0.200396331882727E+002 
      9.66000000 -0.844985416090464E+003  0.200415215278505E+002 
      9.68000000 -0.844983517859068E+003  0.200434197592465E+002 
      9.70000000 -0.844981601111073E+003  0.200453365072416E+002 
      9.72000000 -0.844979658985122E+003  0.200472786331923E+002 
      9.74000000 -0.844977686205816E+003  0.200492514124986E+002 
      9.76000000 -0.844975678785214E+003  0.200512588331006E+002 
      9.78000000 -0.844973633689369E+003  0.200533039289451E+002 
      9.80000000 -0.844971548491433E+003  0.200553891268811E+002 
      9.82000000 -0.844969421004805E+003  0.200575166135097E+002 
      9.84000000 -0.844967248923734E+003  0.200596886945806E+002 
      9.86000000 -0.844965029562322E+003  0.200619080559924E+002 
      9.88000000 -0.844962759812350E+003  0.200641778059646E+002 
      9.90000000 -0.844960436390927E+003  0.200665012273874E+002 
      9.92000000 -0.844958056343648E+003  0.200688812746669E+002 
      9.94000000 -0.844955617673776E+003  0.200713199445382E+002 
      9.96000000 -0.844953119930759E+003  0.200738176875552E+002 
      9.98000000 -0.844950564608104E+003  0.200763730102106E+002 
     10.00000000 -0.844947955258035E+003  0.200789823602793E+002 
     10.02000000 -0.844945297330194E+003  0.200816402881205E+002 
     10.04000000 -0.844942597852223E+003  0.200843397660914E+002 
     10.06000000 -0.844939865113509E+003  0.200870725048058E+002 
     10.08000000 -0.844937108458404E+003  0.200898291599107E+002 
     10.10000000 -0.844934338199018E+003  0.200925994192968E+002 
     10.12000000 -0.844931565592151E+003  0.200953720261633E+002 
     10.14000000 -0.844928802802154E+003  0.200981348161609E+002 
     10.16000000 -0.844926062766014E+003  0.201008748523009E+002 
     10.18000000 -0.844923358893897E+003  0.201035787244175E+002 
     10.20000000 -0.844920704599966E+003  0.201062330183485E+002 
     10.22000000 -0.844918112742684E+003  0.201088248756306E+002 
     10.24000000 -0.844915595099824E+003  0.201113425184905E+002 
     10.26000000 -0.844913161969282E+003  0.201137756490328E+002 
     10.28000000 -0.844910821901838E+003  0.201161157164762E+002 
     10.30000000 -0.844908581514714E+003  0.201183561036005E+002 
     10.32000000 -0.844906445350472E+003  0.201204922678427E+002 
     10.34000000 -0.844904415808425E+003  0.201225218098891E+002 
     10.36000000 -0.844902493212917E+003  0.201244444053971E+002 
     10.38000000 -0.844900676047518E+003  0.201262615707964E+002 
     10.40000000 -0.844898961305575E+003  0.201279763127395E+002 
     10.42000000 -0.844897344848890E+003  0.201295927694242E+002 
     10.44000000 -0.844895821668185E+003  0.201311159501292E+002 
     10.46000000 -0.844894385995379E+003  0.201325516229358E+002 
     10.48000000 -0.844893031296179E+003  0.201339063221357E+002 
     10.50000000 -0.844891750234626E+003  0.201351873836879E+002 
     10.52000000 -0.844890534724162E+003  0.201364028941526E+002 
     10.54000000 -0.844889376150710E+003  0.201375614676047E+002 
     10.56000000 -0.844888265783582E+003  0.201386718347319E+002 
     10.58000000 -0.844887195306183E+003  0.201397423121316E+002 
     10.60000000 -0.844886157336042E+003  0.201407802822726E+002 
     10.62000000 -0.844885145792643E+003  0.201417918256710E+002 
     10.64000000 -0.844884156019119E+003  0.201427815991954E+002 
     10.66000000 -0.844883184642150E+003  0.201437529761646E+002 
     10.68000000 -0.844882229227632E+003  0.201447083906820E+002 
     10.70000000 -0.844881287837405E+003  0.201456497809091E+002 
     10.72000000 -0.844880358613824E+003  0.201465790044900E+002 
     10.74000000 -0.844879439505260E+003  0.201474981130543E+002 
     10.76000000 -0.844878528190274E+003  0.201484094280406E+002 
     10.78000000 -0.844877622190131E+003  0.201493154281832E+002 
     10.80000000 -0.844876719124607E+003  0.201502184937072E+002 
     10.82000000 -0.844875817067592E+003  0.201511205507226E+002 
     10.84000000 -0.844874914953502E+003  0.201520226648126E+002 
     10.86000000 -0.844874012950496E+003  0.201529246678183E+002 
     10.88000000 -0.844873112684955E+003  0.201538249333589E+002 
     10.90000000 -0.844872217220677E+003  0.201547203976371E+002 
     10.92000000 -0.844871330768020E+003  0.201556068502948E+002 
     10.94000000 -0.844870458180034E+003  0.201564794382806E+002 
     10.96000000 -0.844869604345905E+003  0.201573332724095E+002 
     10.98000000 -0.844868773615664E+003  0.201581640026508E+002 
     11.00000000 -0.844867969388633E+003  0.201589682296812E+002 
     11.02000000 -0.844867193949238E+003  0.201597436690769E+002 
     11.04000000 -0.844866448528673E+003  0.201604890896414E+002 
     11.06000000 -0.844865733472457E+003  0.201612041458574E+002 
     11.08000000 -0.844865048388269E+003  0.201618892300459E+002 
     11.10000000 -0.844864392235043E+003  0.201625453832709E+002 
     11.12000000 -0.844863763397697E+003  0.201631742206177E+002 
     11.14000000 -0.844863159796195E+003  0.201637778221194E+002 
     11.16000000 -0.844862579029618E+003  0.201643585886959E+002 
     11.18000000 -0.844862018531510E+003  0.201649190868040E+002 
     11.20000000 -0.844861475737766E+003  0.201654618805481E+002 
     11.22000000 -0.844860948294259E+003  0.201659893240556E+002 
     11.24000000 -0.844860434310570E+003  0.201665033077444E+002 
     11.26000000 -0.844859932612838E+003  0.201670050054761E+002 
     11.28000000 -0.844859442913707E+003  0.201674947046074E+002 
     11.30000000 -0.844858965830197E+003  0.201679717881171E+002 
     11.32000000 -0.844858502732299E+003  0.201684348860154E+002 
     11.34000000 -0.844858055467196E+003  0.201688821511188E+002 
     11.36000000 -0.844857626045025E+003  0.201693115732893E+002 
     11.38000000 -0.844857216377137E+003  0.201697212411777E+002 
     11.40000000 -0.844856828130082E+003  0.201701094882327E+002 
     11.42000000 -0.844856462705899E+003  0.201704749124157E+002 
     11.44000000 -0.844856121297034E+003  0.201708163212803E+002 
     11.46000000 -0.844855804930354E+003  0.201711326879607E+002 
     11.48000000 -0.844855514438995E+003  0.201714231793196E+002 
     11.50000000 -0.844855250360084E+003  0.201716872582305E+002 
     11.52000000 -0.844855012797693E+003  0.201719248206210E+002 
     11.54000000 -0.844854801298584E+003  0.201721363197306E+002 
     11.56000000 -0.844854614787737E+003  0.201723228305778E+002 
     11.58000000 -0.844854451607578E+003  0.201724860107362E+002 
     11.60000000 -0.844854309672735E+003  0.201726279455793E+002 
     11.62000000 -0.844854186692249E+003  0.201727509260658E+002 
     11.64000000 -0.844854080375923E+003  0.201728572423913E+002 
     11.66000000 -0.844853988570189E+003  0.201729490481255E+002 
     11.68000000 -0.844853909328472E+003  0.201730282898422E+002 
     11.70000000 -0.844853840947531E+003  0.201730966707830E+002 
     11.72000000 -0.844853781984405E+003  0.201731556339095E+002 
     11.74000000 -0.844853731248717E+003  0.201732063695974E+002 
     11.76000000 -0.844853687763713E+003  0.201732498546016E+002 
     11.78000000 -0.844853650697279E+003  0.201732869210357E+002 
     11.80000000 -0.844853619279453E+003  0.201733183388612E+002 
     11.82000000 -0.844853592743621E+003  0.201733448746932E+002 
     11.84000000 -0.844853570326310E+003  0.201733672920045E+002 
     11.86000000 -0.844853551316913E+003  0.201733863014013E+002 
     11.88000000 -0.844853535104064E+003  0.201734025142500E+002 
     11.90000000 -0.844853521175384E+003  0.201734164429302E+002 
     11.92000000 -0.844853509083654E+003  0.201734285346604E+002 
     11.94000000 -0.844853498430053E+003  0.201734391882614E+002 
     11.96000000 -0.844853488893611E+003  0.201734487247034E+002 
     11.98000000 -0.844853480281164E+003  0.201734573371501E+002 
     12.00000000 -0.844853472537229E+003  0.201734650810858E+002 
     12.02000000 -0.844853465350531E+003  0.201734722677830E+002 
     12.04000000 -0.844853458649198E+003  0.201734789691168E+002 
     12.06000000 -0.844853452770661E+003  0.201734848476532E+002 
     12.08000000 -0.844853447769522E+003  0.201734898487924E+002 
     12.10000000 -0.844853443439037E+003  0.201734941792778E+002 
     12.12000000 -0.844853439454799E+003  0.201734981635151E+002 
     12.14000000 -0.844853435546118E+003  0.201735020721962E+002 
     12.16000000 -0.844853431587927E+003  0.201735060303874E+002 
     12.18000000 -0.844853427571139E+003  0.201735100471751E+002 
     12.20000000 -0.844853423501804E+003  0.201735141165104E+002 
     12.22000000 -0.844853419325083E+003  0.201735182932319E+002 
     12.24000000 -0.844853414935783E+003  0.201735226825313E+002 
     12.26000000 -0.844853410256745E+003  0.201735273615697E+002 
     12.28000000 -0.844853405311287E+003  0.201735323070270E+002 
     12.30000000 -0.844853400232198E+003  0.201735373861165E+002 
     12.32000000 -0.844853395213803E+003  0.201735424045118E+002 
     12.34000000 -0.844853390455520E+003  0.201735471627947E+002 
     12.36000000 -0.844853386127789E+003  0.201735514905254E+002 
     12.38000000 -0.844853382350232E+003  0.201735552680822E+002 
     12.40000000 -0.844853379162260E+003  0.201735584560539E+002 
     12.42000000 -0.844853376492396E+003  0.201735611259188E+002 
     12.44000000 -0.844853374156063E+003  0.201735634622519E+002 
     12.46000000 -0.844853371905827E+003  0.201735657124871E+002 
     12.48000000 -0.844853369524373E+003  0.201735680939419E+002 
     12.50000000 -0.844853366911964E+003  0.201735707063508E+002 
     12.52000000 -0.844853364112916E+003  0.201735735053984E+002 
     12.54000000 -0.844853361265344E+003  0.201735763529707E+002 
     12.56000000 -0.844853358512500E+003  0.201735791058139E+002 
     12.58000000 -0.844853355933261E+003  0.201735816850532E+002 
     12.60000000 -0.844853353524135E+003  0.201735840941793E+002 
     12.62000000 -0.844853351226709E+003  0.201735863916049E+002 
     12.64000000 -0.844853348973536E+003  0.201735886447784E+002 
     12.66000000 -0.844853346726438E+003  0.201735908918763E+002 
     12.68000000 -0.844853344491534E+003  0.201735931267804E+002 
     12.70000000 -0.844853342306802E+003  0.201735953115121E+002 
     12.72000000 -0.844853340211412E+003  0.201735974069025E+002 
     12.74000000 -0.844853338217535E+003  0.201735994007790E+002 
     12.76000000 -0.844853336304525E+003  0.201736013137893E+002 
     12.78000000 -0.844853334440471E+003  0.201736031778434E+002 
     12.80000000 -0.844853332617973E+003  0.201736050003418E+002 
     12.82000000 -0.844853330879135E+003  0.201736067391793E+002 
     12.84000000 -0.844853329306325E+003  0.201736083119899E+002 
     12.86000000 -0.844853327977166E+003  0.201736096411485E+002 
     12.88000000 -0.844853326913145E+003  0.201736107051697E+002 
     12.90000000 -0.844853326059440E+003  0.201736115588742E+002 
     12.92000000 -0.844853325308510E+003  0.201736123098044E+002 
     12.94000000 -0.844853324549082E+003  0.201736130692320E+002 
     12.96000000 -0.844853323712060E+003  0.201736139062547E+002 
     12.98000000 -0.844853322791922E+003  0.201736148263920E+002 
     13.00000000 -0.844853321835127E+003  0.201736157831879E+002 
     13.02000000 -0.844853320903724E+003  0.201736167145904E+002 
     13.04000000 -0.844853320037433E+003  0.201736175808813E+002 
     13.06000000 -0.844853319237881E+003  0.201736183804336E+002 
     13.08000000 -0.844853318481220E+003  0.201736191370945E+002 
     13.10000000 -0.844853317743942E+003  0.201736198743725E+002 
     13.12000000 -0.844853317019697E+003  0.201736205986172E+002 
     13.14000000 -0.844853316316568E+003  0.201736213017469E+002 
     13.16000000 -0.844853315642100E+003  0.201736219762143E+002 
     13.18000000 -0.844853314991550E+003  0.201736226267641E+002 
     13.20000000 -0.844853314348744E+003  0.201736232695700E+002 
     13.22000000 -0.844853313696857E+003  0.201736239214579E+002 
     13.24000000 -0.844853313028905E+003  0.201736245894097E+002 
     13.26000000 -0.844853312350082E+003  0.201736252682322E+002 
     13.28000000 -0.844853311673003E+003  0.201736259453117E+002 
     13.30000000 -0.844853311011902E+003  0.201736266064120E+002 
     13.32000000 -0.844853310377097E+003  0.201736272412174E+002 
     13.34000000 -0.844853309767367E+003  0.201736278509475E+002 
     13.36000000 -0.844853309165380E+003  0.201736284529346E+002 
     13.38000000 -0.844853308547228E+003  0.201736290710863E+002 
     13.40000000 -0.844853307904770E+003  0.201736297135443E+002 
     13.42000000 -0.844853307260927E+003  0.201736303573872E+002 
     13.44000000 -0.844853306660495E+003  0.201736309578192E+002 
     13.46000000 -0.844853306142143E+003  0.201736314761710E+002 
     13.48000000 -0.844853305714113E+003  0.201736319042015E+002 
     13.50000000 -0.844853305350260E+003  0.201736322680540E+002 
     13.52000000 -0.844853305004881E+003  0.201736326134336E+002 
     13.54000000 -0.844853304632622E+003  0.201736329856922E+002 
     13.56000000 -0.844853304201767E+003  0.201736334165472E+002 
     13.58000000 -0.844853303699080E+003  0.201736339192349E+002 
     13.60000000 -0.844853303128850E+003  0.201736344894645E+002 
     13.62000000 -0.844853302504138E+003  0.201736351141764E+002 
     13.64000000 -0.844853301829234E+003  0.201736357890804E+002 
     13.66000000 -0.844853301087410E+003  0.201736365309040E+002 
     13.68000000 -0.844853300255023E+003  0.201736373632912E+002 
     13.70000000 -0.844853299338613E+003  0.201736382797018E+002 
     13.72000000 -0.844853298398286E+003  0.201736392200286E+002 
     13.74000000 -0.844853297526242E+003  0.201736400920727E+002 
     13.76000000 -0.844853296795750E+003  0.201736408225646E+002 
     13.78000000 -0.844853296227153E+003  0.201736413911616E+002 
     13.80000000 -0.844853295794334E+003  0.201736418239805E+002 
     13.82000000 -0.844853295450406E+003  0.201736421679088E+002 
     13.84000000 -0.844853295141787E+003  0.201736424765275E+002 
     13.86000000 -0.844853294808614E+003  0.201736428097005E+002 
     13.88000000 -0.844853294391368E+003  0.201736432269464E+002 
     13.90000000 -0.844853293852682E+003  0.201736437656328E+002 
     13.92000000 -0.844853293199548E+003  0.201736444187662E+002 
     13.94000000 -0.844853292484318E+003  0.201736451339960E+002 
     13.96000000 -0.844853291777428E+003  0.201736458408863E+002 
     13.98000000 -0.844853291125119E+003  0.201736464931953E+002 
     14.00000000 -0.844853290517494E+003  0.201736471008199E+002 
     14.02000000 -0.844853289890505E+003  0.201736477278097E+002 
     14.04000000 -0.844853289167899E+003  0.201736484504153E+002 
     14.06000000 -0.844853288320623E+003  0.201736492976912E+002 
     14.08000000 -0.844853287401221E+003  0.201736502170930E+002 
     14.10000000 -0.844853286522544E+003  0.201736510957706E+002 
     14.12000000 -0.844853285791599E+003  0.201736518267150E+002 
     14.14000000 -0.844853285246142E+003  0.201736523721725E+002 
     14.16000000 -0.844853284838855E+003  0.201736527794590E+002 
     14.18000000 -0.844853284474756E+003  0.201736531435586E+002 
     14.20000000 -0.844853284069809E+003  0.201736535485054E+002 
     14.22000000 -0.844853283593064E+003  0.201736540252507E+002 
     14.24000000 -0.844853283073918E+003  0.201736545443966E+002 
     14.26000000 -0.844853282577266E+003  0.201736550410481E+002 
     14.28000000 -0.844853282162502E+003  0.201736554558122E+002 
     14.30000000 -0.844853281848336E+003  0.201736557699786E+002 
     14.32000000 -0.844853281601180E+003  0.201736560171349E+002 
     14.34000000 -0.844853281350944E+003  0.201736562673705E+002 
     14.36000000 -0.844853281024555E+003  0.201736565937598E+002 
     14.38000000 -0.844853280580935E+003  0.201736570373793E+002 
     14.40000000 -0.844853280030305E+003  0.201736575880093E+002 
     14.42000000 -0.844853279427021E+003  0.201736581912939E+002 
     14.44000000 -0.844853278841083E+003  0.201736587772316E+002 
     14.46000000 -0.844853278328335E+003  0.201736592899790E+002 
     14.48000000 -0.844853277916819E+003  0.201736597014951E+002 
     14.50000000 -0.844853277608705E+003  0.201736600096095E+002 
     14.52000000 -0.844853277386220E+003  0.201736602320941E+002 
     14.54000000 -0.844853277217582E+003  0.201736604007321E+002 
     14.56000000 -0.844853277067704E+003  0.201736605506101E+002 
     14.58000000 -0.844853276911294E+003  0.201736607070201E+002 
     14.60000000 -0.844853276736892E+003  0.201736608814220E+002 
     14.62000000 -0.844853276539115E+003  0.201736610791996E+002 
     14.64000000 -0.844853276311447E+003  0.201736613068671E+002 
     14.66000000 -0.844853276049674E+003  0.201736615686402E+002 
     14.68000000 -0.844853275759941E+003  0.201736618583733E+002 
     14.70000000 -0.844853275458656E+003  0.201736621596588E+002 
     14.72000000 -0.844853275161177E+003  0.201736624571371E+002 
     14.74000000 -0.844853274868590E+003  0.201736627497242E+002 
     14.76000000 -0.844853274563545E+003  0.201736630547698E+002 
     14.78000000 -0.844853274218157E+003  0.201736634001576E+002 
     14.80000000 -0.844853273808799E+003  0.201736638095157E+002 
     14.82000000 -0.844853273330452E+003  0.201736642878628E+002 
     14.84000000 -0.844853272804524E+003  0.201736648137906E+002 
     14.86000000 -0.844853272274047E+003  0.201736653442676E+002 
     14.88000000 -0.844853271783385E+003  0.201736658349291E+002 
     14.90000000 -0.844853271352261E+003  0.201736662660532E+002 
     14.92000000 -0.844853270966571E+003  0.201736666517429E+002 
     14.94000000 -0.844853270599991E+003  0.201736670183238E+002 
     14.96000000 -0.844853270248446E+003  0.201736673698681E+002 
     14.98000000 -0.844853269937610E+003  0.201736676807047E+002 
     15.00000000 -0.844853269687022E+003  0.201736679312919E+002 
     15.02000000 -0.844853269467039E+003  0.201736681512750E+002 
     15.04000000 -0.844853269202382E+003  0.201736684159329E+002 
     15.06000000 -0.844853268827035E+003  0.201736687912797E+002 
     15.08000000 -0.844853268334989E+003  0.201736692833255E+002 
     15.10000000 -0.844853267777053E+003  0.201736698412610E+002 
     15.12000000 -0.844853267216726E+003  0.201736704015882E+002 
     15.14000000 -0.844853266694653E+003  0.201736709236609E+002 
     15.16000000 -0.844853266223608E+003  0.201736713947067E+002 
     15.18000000 -0.844853265796773E+003  0.201736718215412E+002 
     15.20000000 -0.844853265393824E+003  0.201736722244905E+002 
     15.22000000 -0.844853264990177E+003  0.201736726281378E+002 
     15.24000000 -0.844853264571969E+003  0.201736730463458E+002 
     15.26000000 -0.844853264143120E+003  0.201736734751949E+002 
     15.28000000 -0.844853263716806E+003  0.201736739015085E+002 
     15.30000000 -0.844853263304368E+003  0.201736743139462E+002 
     15.32000000 -0.844853262914407E+003  0.201736747039077E+002 
     15.34000000 -0.844853262555794E+003  0.201736750625204E+002 
     15.36000000 -0.844853262234888E+003  0.201736753834265E+002 
     15.38000000 -0.844853261951775E+003  0.201736756665397E+002 
     15.40000000 -0.844853261702022E+003  0.201736759162925E+002 
     15.42000000 -0.844853261477599E+003  0.201736761407151E+002 
     15.44000000 -0.844853261262204E+003  0.201736763561108E+002 
     15.46000000 -0.844853261031142E+003  0.201736765871722E+002 
     15.48000000 -0.844853260764066E+003  0.201736768542482E+002 
     15.50000000 -0.844853260460093E+003  0.201736771582210E+002 
     15.52000000 -0.844853260139751E+003  0.201736774785634E+002 
     15.54000000 -0.844853259832899E+003  0.201736777854158E+002 
     15.56000000 -0.844853259563282E+003  0.201736780550328E+002 
     15.58000000 -0.844853259337965E+003  0.201736782803493E+002 
     15.60000000 -0.844853259144652E+003  0.201736784736625E+002 
     15.62000000 -0.844853258957698E+003  0.201736786606163E+002 
     15.64000000 -0.844853258750315E+003  0.201736788679998E+002 
     15.66000000 -0.844853258506177E+003  0.201736791121370E+002 
     15.68000000 -0.844853258223770E+003  0.201736793945442E+002 
     15.70000000 -0.844853257911801E+003  0.201736797065136E+002 
     15.72000000 -0.844853257579497E+003  0.201736800388170E+002 
     15.74000000 -0.844853257228338E+003  0.201736803899767E+002 
     15.76000000 -0.844853256850751E+003  0.201736807675636E+002 
     15.78000000 -0.844853256436302E+003  0.201736811820124E+002 
     15.80000000 -0.844853255979655E+003  0.201736816386596E+002 
     15.82000000 -0.844853255483776E+003  0.201736821345388E+002 
     15.84000000 -0.844853254958670E+003  0.201736826596448E+002 
     15.86000000 -0.844853254421769E+003  0.201736831965452E+002 
     15.88000000 -0.844853253901455E+003  0.201736837168598E+002 
     15.90000000 -0.844853253434999E+003  0.201736841833158E+002 
     15.92000000 -0.844853253052180E+003  0.201736845661345E+002 
     15.94000000 -0.844853252751215E+003  0.201736848670992E+002 
     15.96000000 -0.844853252488946E+003  0.201736851293686E+002 
     15.98000000 -0.844853252200994E+003  0.201736854173206E+002 
     16.00000000 -0.844853251840038E+003  0.201736857782765E+002 
     16.02000000 -0.844853251399710E+003  0.201736862186043E+002 
     16.04000000 -0.844853250904414E+003  0.201736867139005E+002 
     16.06000000 -0.844853250380402E+003  0.201736872379128E+002 
     16.08000000 -0.844853249838658E+003  0.201736877796563E+002 
     16.10000000 -0.844853249277413E+003  0.201736883409016E+002 
     16.12000000 -0.844853248685751E+003  0.201736889325633E+002 
     16.14000000 -0.844853248039398E+003  0.201736895789165E+002 
     16.16000000 -0.844853247307511E+003  0.201736903108029E+002 
     16.18000000 -0.844853246484455E+003  0.201736911338598E+002 
     16.20000000 -0.844853245621210E+003  0.201736919971043E+002 
     16.22000000 -0.844853244814779E+003  0.201736928035355E+002 
     16.24000000 -0.844853244151934E+003  0.201736934663800E+002 
     16.26000000 -0.844853243652506E+003  0.201736939658089E+002 
     16.28000000 -0.844853243259555E+003  0.201736943587594E+002 
     16.30000000 -0.844853242881548E+003  0.201736947367668E+002 
     16.32000000 -0.844853242451350E+003  0.201736951669640E+002 
     16.34000000 -0.844853241960463E+003  0.201736956578509E+002 
     16.36000000 -0.844853241449786E+003  0.201736961685289E+002 
     16.38000000 -0.844853240969795E+003  0.201736966485192E+002 
     16.40000000 -0.844853240543190E+003  0.201736970751248E+002 
     16.42000000 -0.844853240158109E+003  0.201736974602056E+002 
     16.44000000 -0.844853239791717E+003  0.201736978265977E+002 
     16.46000000 -0.844853239436517E+003  0.201736981817974E+002 
     16.48000000 -0.844853239103883E+003  0.201736985144312E+002 
     16.50000000 -0.844853238807775E+003  0.201736988105395E+002 
     16.52000000 -0.844853238550754E+003  0.201736990675602E+002 
     16.54000000 -0.844853238323599E+003  0.201736992947157E+002 
     16.56000000 -0.844853238111465E+003  0.201736995068494E+002 
     16.58000000 -0.844853237899364E+003  0.201736997189506E+002 
     16.60000000 -0.844853237677674E+003  0.201736999406401E+002 
     16.62000000 -0.844853237445906E+003  0.201737001724084E+002 
     16.64000000 -0.844853237208953E+003  0.201737004093617E+002 
     16.66000000 -0.844853236968426E+003  0.201737006498880E+002 
     16.68000000 -0.844853236719122E+003  0.201737008991925E+002 
     16.70000000 -0.844853236450685E+003  0.201737011676296E+002 
     16.72000000 -0.844853236143141E+003  0.201737014751737E+002 
     16.74000000 -0.844853235756266E+003  0.201737018620482E+002 
     16.76000000 -0.844853235233454E+003  0.201737023848601E+002 
     16.78000000 -0.844853234534709E+003  0.201737030836050E+002 
     16.80000000 -0.844853233678493E+003  0.201737039398212E+002 
     16.82000000 -0.844853232750283E+003  0.201737048680313E+002 
     16.84000000 -0.844853231860150E+003  0.201737057581647E+002 
     16.86000000 -0.844853231079710E+003  0.201737065386045E+002 
     16.88000000 -0.844853230406514E+003  0.201737072118004E+002 
     16.90000000 -0.844853229775793E+003  0.201737078425210E+002 
     16.92000000 -0.844853229103652E+003  0.201737085146628E+002 
     16.94000000 -0.844853228333979E+003  0.201737092843351E+002 
     16.96000000 -0.844853227465460E+003  0.201737101528540E+002 
     16.98000000 -0.844853226542797E+003  0.201737110755174E+002 
     17.00000000 -0.844853225615418E+003  0.201737120028961E+002 
     17.02000000 -0.844853224693990E+003  0.201737129243241E+002 
     17.04000000 -0.844853223740274E+003  0.201737138780402E+002 
     17.06000000 -0.844853222695379E+003  0.201737149229356E+002 
     17.08000000 -0.844853221516993E+003  0.201737161013212E+002 
     17.10000000 -0.844853220196716E+003  0.201737174215982E+002 
     17.12000000 -0.844853218757013E+003  0.201737188613012E+002 
     17.14000000 -0.844853217244073E+003  0.201737203742415E+002 
     17.16000000 -0.844853215723551E+003  0.201737218947634E+002 
     17.18000000 -0.844853214272600E+003  0.201737233457145E+002 
     17.20000000 -0.844853212961519E+003  0.201737246567953E+002 
     17.22000000 -0.844853211827062E+003  0.201737257912529E+002 
     17.24000000 -0.844853210848893E+003  0.201737267694211E+002 
     17.26000000 -0.844853209947172E+003  0.201737276711425E+002 
     17.28000000 -0.844853209013820E+003  0.201737286044940E+002 
     17.30000000 -0.844853207966803E+003  0.201737296515109E+002 
     17.32000000 -0.844853206791776E+003  0.201737308265385E+002 
     17.34000000 -0.844853205539821E+003  0.201737320784934E+002 
     17.36000000 -0.844853204287374E+003  0.201737333309401E+002 
     17.38000000 -0.844853203095542E+003  0.201737345227727E+002 
     17.40000000 -0.844853201995969E+003  0.201737356223457E+002 
     17.42000000 -0.844853200996484E+003  0.201737366218304E+002 
     17.44000000 -0.844853200086289E+003  0.201737375320253E+002 
     17.46000000 -0.844853199237594E+003  0.201737383807203E+002 
     17.48000000 -0.844853198415529E+003  0.201737392027852E+002 
     17.50000000 -0.844853197597018E+003  0.201737400212966E+002 
     17.52000000 -0.844853196781615E+003  0.201737408366998E+002 
     17.54000000 -0.844853195983129E+003  0.201737416351856E+002 
     17.56000000 -0.844853195213273E+003  0.201737424050410E+002 
     17.58000000 -0.844853194475332E+003  0.201737431429824E+002 
     17.60000000 -0.844853193769930E+003  0.201737438483846E+002 
     17.62000000 -0.844853193100765E+003  0.201737445175491E+002 
     17.64000000 -0.844853192471815E+003  0.201737451464992E+002 
     17.66000000 -0.844853191879864E+003  0.201737457384505E+002 
     17.68000000 -0.844853191311668E+003  0.201737463066463E+002 
     17.70000000 -0.844853190750031E+003  0.201737468682836E+002 
     17.72000000 -0.844853190184175E+003  0.201737474341390E+002 
     17.74000000 -0.844853189615273E+003  0.201737480030412E+002 
     17.76000000 -0.844853189052014E+003  0.201737485662999E+002 
     17.78000000 -0.844853188500191E+003  0.201737491181235E+002 
     17.80000000 -0.844853187955346E+003  0.201737496629682E+002 
     17.82000000 -0.844853187403731E+003  0.201737502145839E+002 
     17.84000000 -0.844853186829187E+003  0.201737507891273E+002 
     17.86000000 -0.844853186219924E+003  0.201737513983907E+002 
     17.88000000 -0.844853185570910E+003  0.201737520474048E+002 
     17.90000000 -0.844853184882026E+003  0.201737527362887E+002 
     17.92000000 -0.844853184155853E+003  0.201737534624617E+002 
     17.94000000 -0.844853183399113E+003  0.201737542192013E+002 
     17.96000000 -0.844853182627072E+003  0.201737549912423E+002 
     17.98000000 -0.844853181864917E+003  0.201737557533972E+002 
     18.00000000 -0.844853181141385E+003  0.201737564769294E+002 
     18.02000000 -0.844853180477932E+003  0.201737571403824E+002 
     18.04000000 -0.844853179881310E+003  0.201737577370048E+002 
     18.06000000 -0.844853179342035E+003  0.201737582762797E+002 
     18.08000000 -0.844853178834856E+003  0.201737587834581E+002 
     18.10000000 -0.844853178320888E+003  0.201737592974264E+002 
     18.12000000 -0.844853177757812E+003  0.201737598605028E+002 
     18.14000000 -0.844853177119329E+003  0.201737604989858E+002 
     18.16000000 -0.844853176410838E+003  0.201737612074765E+002 
     18.18000000 -0.844853175666313E+003  0.201737619520015E+002 
     18.20000000 -0.844853174928938E+003  0.201737626893761E+002 
     18.22000000 -0.844853174233881E+003  0.201737633844333E+002 
     18.24000000 -0.844853173604179E+003  0.201737640141350E+002 
     18.26000000 -0.844853173051109E+003  0.201737645672051E+002 
     18.28000000 -0.844853172567713E+003  0.201737650506012E+002 
     18.30000000 -0.844853172121673E+003  0.201737654966412E+002 
     18.32000000 -0.844853171662579E+003  0.201737659557351E+002 
     18.34000000 -0.844853171144674E+003  0.201737664736401E+002 
     18.36000000 -0.844853170551221E+003  0.201737670670937E+002 
     18.38000000 -0.844853169906937E+003  0.201737677113775E+002 
     18.40000000 -0.844853169269201E+003  0.201737683491136E+002 
     18.42000000 -0.844853168693945E+003  0.201737689243690E+002 
     18.44000000 -0.844853168193427E+003  0.201737694248872E+002 
     18.46000000 -0.844853167725253E+003  0.201737698930619E+002 
     18.48000000 -0.844853167232214E+003  0.201737703861002E+002 
     18.50000000 -0.844853166697409E+003  0.201737709209058E+002 
     18.52000000 -0.844853166158433E+003  0.201737714598810E+002 
     18.54000000 -0.844853165670329E+003  0.201737719479856E+002 
     18.56000000 -0.844853165259896E+003  0.201737723584181E+002 
     18.58000000 -0.844853164911274E+003  0.201737727070409E+002 
     18.60000000 -0.844853164582769E+003  0.201737730355453E+002 
     18.62000000 -0.844853164232650E+003  0.201737733856649E+002 
     18.64000000 -0.844853163837122E+003  0.201737737811921E+002 
     18.66000000 -0.844853163394065E+003  0.201737742242492E+002 
     18.68000000 -0.844853162913155E+003  0.201737747051593E+002 
     18.70000000 -0.844853162401964E+003  0.201737752163505E+002 
     18.72000000 -0.844853161861408E+003  0.201737757569066E+002 
     18.74000000 -0.844853161294079E+003  0.201737763242358E+002 
     18.76000000 -0.844853160714959E+003  0.201737769033549E+002 
     18.78000000 -0.844853160152473E+003  0.201737774658418E+002 
     18.80000000 -0.844853159638409E+003  0.201737779799055E+002 
     18.82000000 -0.844853159194543E+003  0.201737784237712E+002 
     18.84000000 -0.844853158824718E+003  0.201737787935959E+002 
     18.86000000 -0.844853158516269E+003  0.201737791020450E+002 
     18.88000000 -0.844853158247087E+003  0.201737793712277E+002 
     18.90000000 -0.844853157990308E+003  0.201737796280060E+002 
     18.92000000 -0.844853157714064E+003  0.201737799042503E+002 
     18.94000000 -0.844853157383262E+003  0.201737802350526E+002 
     18.96000000 -0.844853156969726E+003  0.201737806485888E+002 
     18.98000000 -0.844853156465677E+003  0.201737811526369E+002 
     19.00000000 -0.844853155889172E+003  0.201737817291422E+002 
     19.02000000 -0.844853155276403E+003  0.201737823419109E+002 
     19.04000000 -0.844853154665464E+003  0.201737829528507E+002 
     19.06000000 -0.844853154080372E+003  0.201737835379424E+002 
     19.08000000 -0.844853153523213E+003  0.201737840951012E+002 
     19.10000000 -0.844853152977076E+003  0.201737846412386E+002 
     19.12000000 -0.844853152415488E+003  0.201737852028265E+002 
     19.14000000 -0.844853151812968E+003  0.201737858053465E+002 
     19.16000000 -0.844853151156742E+003  0.201737864615720E+002 
     19.18000000 -0.844853150459135E+003  0.201737871591798E+002 
     19.20000000 -0.844853149760438E+003  0.201737878578762E+002 
     19.22000000 -0.844853149111539E+003  0.201737885067757E+002 
     19.24000000 -0.844853148544537E+003  0.201737890737769E+002 
     19.26000000 -0.844853148056220E+003  0.201737895620944E+002 
     19.28000000 -0.844853147618651E+003  0.201737899996631E+002 
     19.30000000 -0.844853147205033E+003  0.201737904132816E+002 
     19.32000000 -0.844853146808642E+003  0.201737908096726E+002 
     19.34000000 -0.844853146444658E+003  0.201737911736566E+002 
     19.36000000 -0.844853146137945E+003  0.201737914803698E+002 
     19.38000000 -0.844853145903016E+003  0.201737917152983E+002 
     19.40000000 -0.844853145725248E+003  0.201737918930664E+002 
     19.42000000 -0.844853145557245E+003  0.201737920610693E+002 
     19.44000000 -0.844853145337010E+003  0.201737922813046E+002 
     19.46000000 -0.844853145015989E+003  0.201737926023259E+002 
     19.48000000 -0.844853144578712E+003  0.201737930396026E+002 
     19.50000000 -0.844853144048483E+003  0.201737935698310E+002 
     19.52000000 -0.844853143482060E+003  0.201737941362543E+002 
     19.54000000 -0.844853142950983E+003  0.201737946673310E+002 
     19.56000000 -0.844853142509842E+003  0.201737951084723E+002 
     19.58000000 -0.844853142170094E+003  0.201737954482204E+002 
     19.60000000 -0.844853141903655E+003  0.201737957146594E+002 
     19.62000000 -0.844853141675031E+003  0.201737959432836E+002 
     19.64000000 -0.844853141471420E+003  0.201737961468943E+002 
     19.66000000 -0.844853141303018E+003  0.201737963152961E+002 
     19.68000000 -0.844853141177003E+003  0.201737964413109E+002 
     19.70000000 -0.844853141074078E+003  0.201737965442364E+002 
     19.72000000 -0.844853140952270E+003  0.201737966660448E+002 
     19.74000000 -0.844853140775499E+003  0.201737968428158E+002 
     19.76000000 -0.844853140540625E+003  0.201737970776894E+002 
     19.78000000 -0.844853140278936E+003  0.201737973393781E+002 
     19.80000000 -0.844853140032640E+003  0.201737975856742E+002 
     19.82000000 -0.844853139827119E+003  0.201737977911951E+002 
     19.84000000 -0.844853139658158E+003  0.201737979601564E+002 
     19.86000000 -0.844853139499189E+003  0.201737981191258E+002 
     19.88000000 -0.844853139322197E+003  0.201737982961173E+002 
     19.90000000 -0.844853139118690E+003  0.201737984996247E+002 
     19.92000000 -0.844853138904984E+003  0.201737987133303E+002 
     19.94000000 -0.844853138707880E+003  0.201737989104346E+002 
     19.96000000 -0.844853138546037E+003  0.201737990722777E+002 
     19.98000000 -0.844853138423270E+003  0.201737991950444E+002 
     20.00000000 -0.844853138331075E+003  0.201737992872397E+002 
     20.02000000 -0.844853138250892E+003  0.201737993674229E+002 
     20.04000000 -0.844853138159954E+003  0.201737994583599E+002 
     20.06000000 -0.844853138045593E+003  0.201737995727210E+002 
     20.08000000 -0.844853137914006E+003  0.201737997043079E+002 
     20.10000000 -0.844853137778107E+003  0.201737998402075E+002 
     20.12000000 -0.844853137635949E+003  0.201737999823650E+002 
     20.14000000 -0.844853137464774E+003  0.201738001535399E+002 
     20.16000000 -0.844853137234658E+003  0.201738003836569E+002 
     20.18000000 -0.844853136925083E+003  0.201738006932311E+002 
     20.20000000 -0.844853136534095E+003  0.201738010842197E+002 
     20.22000000 -0.844853136081250E+003  0.201738015370643E+002 
     20.24000000 -0.844853135603327E+003  0.201738020149873E+002 
     20.26000000 -0.844853135141657E+003  0.201738024766570E+002 
     20.28000000 -0.844853134730276E+003  0.201738028880387E+002 
     20.30000000 -0.844853134392664E+003  0.201738032256501E+002 
     20.32000000 -0.844853134137506E+003  0.201738034808082E+002 
     20.34000000 -0.844853133943526E+003  0.201738036747882E+002 
     20.36000000 -0.844853133750093E+003  0.201738038682218E+002 
     20.38000000 -0.844853133480555E+003  0.201738041377592E+002 
     20.40000000 -0.844853133090535E+003  0.201738045277796E+002 
     20.42000000 -0.844853132596791E+003  0.201738050215231E+002 
     20.44000000 -0.844853132059965E+003  0.201738055583497E+002 
     20.46000000 -0.844853131545157E+003  0.201738060731572E+002 
     20.48000000 -0.844853131097875E+003  0.201738065204397E+002 
     20.50000000 -0.844853130738651E+003  0.201738068796637E+002 
     20.52000000 -0.844853130458436E+003  0.201738071598781E+002 
     20.54000000 -0.844853130216769E+003  0.201738074015455E+002 
     20.56000000 -0.844853129960540E+003  0.201738076577746E+002 
     20.58000000 -0.844853129658470E+003  0.201738079598445E+002 
     20.60000000 -0.844853129319915E+003  0.201738082983994E+002 
     20.62000000 -0.844853128979264E+003  0.201738086390507E+002 
     20.64000000 -0.844853128662452E+003  0.201738089558624E+002 
     20.66000000 -0.844853128365869E+003  0.201738092524449E+002 
     20.68000000 -0.844853128062403E+003  0.201738095559115E+002 
     20.70000000 -0.844853127728187E+003  0.201738098901274E+002 
     20.72000000 -0.844853127370330E+003  0.201738102479844E+002 
     20.74000000 -0.844853127031874E+003  0.201738105864402E+002 
     20.76000000 -0.844853126762754E+003  0.201738108555606E+002 
     20.78000000 -0.844853126575443E+003  0.201738110428710E+002 
     20.80000000 -0.844853126425882E+003  0.201738111924322E+002 
     20.82000000 -0.844853126242898E+003  0.201738113754168E+002 
     20.84000000 -0.844853125980821E+003  0.201738116374932E+002 
     20.86000000 -0.844853125643796E+003  0.201738119745179E+002 
     20.88000000 -0.844853125263686E+003  0.201738123546287E+002 
     20.90000000 -0.844853124867847E+003  0.201738127504674E+002 
     20.92000000 -0.844853124476132E+003  0.201738131421823E+002 
     20.94000000 -0.844853124116712E+003  0.201738135016019E+002 
     20.96000000 -0.844853123823091E+003  0.201738137952236E+002 
     20.98000000 -0.844853123608065E+003  0.201738140102492E+002 
     21.00000000 -0.844853123449401E+003  0.201738141689132E+002 
     21.02000000 -0.844853123307841E+003  0.201738143104734E+002 
     21.04000000 -0.844853123154946E+003  0.201738144633687E+002 
     21.06000000 -0.844853122978735E+003  0.201738146395796E+002 
     21.08000000 -0.844853122768737E+003  0.201738148495776E+002 
     21.10000000 -0.844853122509361E+003  0.201738151089530E+002 
     21.12000000 -0.844853122194686E+003  0.201738154236288E+002 
     21.14000000 -0.844853121843891E+003  0.201738157744230E+002 
     21.16000000 -0.844853121493993E+003  0.201738161243211E+002 
     21.18000000 -0.844853121176775E+003  0.201738164415390E+002 
     21.20000000 -0.844853120904541E+003  0.201738167137735E+002 
     21.22000000 -0.844853120672434E+003  0.201738169458803E+002 
     21.24000000 -0.844853120463628E+003  0.201738171546864E+002 
     21.26000000 -0.844853120248165E+003  0.201738173701490E+002 
     21.28000000 -0.844853119985365E+003  0.201738176329499E+002 
     21.30000000 -0.844853119641834E+003  0.201738179764805E+002 
     21.32000000 -0.844853119215040E+003  0.201738184032739E+002 
     21.34000000 -0.844853118736025E+003  0.201738188822894E+002 
     21.36000000 -0.844853118244240E+003  0.201738193740742E+002 
     21.38000000 -0.844853117763496E+003  0.201738198548186E+002 
     21.40000000 -0.844853117307752E+003  0.201738203105620E+002 
     21.42000000 -0.844853116902446E+003  0.201738207158688E+002 
     21.44000000 -0.844853116582508E+003  0.201738210358068E+002 
     21.46000000 -0.844853116361276E+003  0.201738212570380E+002 
     21.48000000 -0.844853116207968E+003  0.201738214103467E+002 
     21.50000000 -0.844853116062620E+003  0.201738215556941E+002 
     21.52000000 -0.844853115870744E+003  0.201738217475706E+002 
     21.54000000 -0.844853115600891E+003  0.201738220174230E+002 
     21.56000000 -0.844853115237658E+003  0.201738223806565E+002 
     21.58000000 -0.844853114773659E+003  0.201738228446556E+002 
     21.60000000 -0.844853114216455E+003  0.201738234018591E+002 
     21.62000000 -0.844853113599142E+003  0.201738240191720E+002 
     21.64000000 -0.844853112976382E+003  0.201738246419325E+002 
     21.66000000 -0.844853112404287E+003  0.201738252140272E+002 
     21.68000000 -0.844853111917170E+003  0.201738257011446E+002 
     21.70000000 -0.844853111514274E+003  0.201738261040402E+002 
     21.72000000 -0.844853111162326E+003  0.201738264559882E+002 
     21.74000000 -0.844853110811628E+003  0.201738268066863E+002 
     21.76000000 -0.844853110416199E+003  0.201738272021150E+002 
     21.78000000 -0.844853109947091E+003  0.201738276712238E+002 
     21.80000000 -0.844853109396108E+003  0.201738282222064E+002 
     21.82000000 -0.844853108777085E+003  0.201738288412293E+002 
     21.84000000 -0.844853108130177E+003  0.201738294881374E+002 
     21.86000000 -0.844853107520708E+003  0.201738300976059E+002 
     21.88000000 -0.844853107017845E+003  0.201738306004692E+002 
     21.90000000 -0.844853106656979E+003  0.201738309613356E+002 
     21.92000000 -0.844853106416645E+003  0.201738312016691E+002 
     21.94000000 -0.844853106237021E+003  0.201738313812937E+002 
     21.96000000 -0.844853106066327E+003  0.201738315519878E+002 
     21.98000000 -0.844853105890649E+003  0.201738317276653E+002 
     22.00000000 -0.844853105722252E+003  0.201738318960624E+002 
     22.02000000 -0.844853105567702E+003  0.201738320506125E+002 
     22.04000000 -0.844853105413116E+003  0.201738322051987E+002 
     22.06000000 -0.844853105236387E+003  0.201738323819275E+002 
     22.08000000 -0.844853105026141E+003  0.201738325921730E+002 
     22.10000000 -0.844853104788342E+003  0.201738328299726E+002 
     22.12000000 -0.844853104541251E+003  0.201738330770630E+002 
     22.14000000 -0.844853104307964E+003  0.201738333103500E+002 
     22.16000000 -0.844853104108679E+003  0.201738335096354E+002 
     22.18000000 -0.844853103950233E+003  0.201738336680812E+002 
     22.20000000 -0.844853103815563E+003  0.201738338027511E+002 
     22.22000000 -0.844853103660533E+003  0.201738339577814E+002 
     22.24000000 -0.844853103423867E+003  0.201738341944478E+002 
     22.26000000 -0.844853103051341E+003  0.201738345669735E+002 
     22.28000000 -0.844853102527487E+003  0.201738350908271E+002 
     22.30000000 -0.844853101895365E+003  0.201738357229492E+002 
     22.32000000 -0.844853101241885E+003  0.201738363764297E+002 
     22.34000000 -0.844853100649931E+003  0.201738369683830E+002 
     22.36000000 -0.844853100153128E+003  0.201738374651862E+002 
     22.38000000 -0.844853099730793E+003  0.201738378875218E+002 
     22.40000000 -0.844853099339496E+003  0.201738382788188E+002 
     22.42000000 -0.844853098942611E+003  0.201738386757038E+002 
     22.44000000 -0.844853098514407E+003  0.201738391039075E+002 
     22.46000000 -0.844853098035362E+003  0.201738395829523E+002 
     22.48000000 -0.844853097502227E+003  0.201738401160869E+002 
     22.50000000 -0.844853096943038E+003  0.201738406752761E+002 
     22.52000000 -0.844853096407300E+003  0.201738412110146E+002 
     22.54000000 -0.844853095928864E+003  0.201738416894505E+002 
     22.56000000 -0.844853095496827E+003  0.201738421214869E+002 
     22.58000000 -0.844853095065486E+003  0.201738425528284E+002 
     22.60000000 -0.844853094594023E+003  0.201738430242919E+002 
     22.62000000 -0.844853094079697E+003  0.201738435386175E+002 
     22.64000000 -0.844853093558964E+003  0.201738440593504E+002 
     22.66000000 -0.844853093079219E+003  0.201738445390951E+002 
     22.68000000 -0.844853092663217E+003  0.201738449550978E+002 
     22.70000000 -0.844853092291081E+003  0.201738453272339E+002 
     22.72000000 -0.844853091913750E+003  0.201738457045648E+002 
     22.74000000 -0.844853091489116E+003  0.201738461291984E+002 
     22.76000000 -0.844853091011250E+003  0.201738466070645E+002 
     22.78000000 -0.844853090506960E+003  0.201738471113539E+002 
     22.80000000 -0.844853090005630E+003  0.201738476126847E+002 
     22.82000000 -0.844853089514854E+003  0.201738481034599E+002 
     22.84000000 -0.844853089024531E+003  0.201738485937834E+002 
     22.86000000 -0.844853088528589E+003  0.201738490897253E+002 
     22.88000000 -0.844853088037273E+003  0.201738495810410E+002 
     22.90000000 -0.844853087569739E+003  0.201738500485753E+002 
     22.92000000 -0.844853087141135E+003  0.201738504771795E+002 
     22.94000000 -0.844853086759717E+003  0.201738508585970E+002 
     22.96000000 -0.844853086430493E+003  0.201738511878215E+002 
     22.98000000 -0.844853086151548E+003  0.201738514667665E+002 
     23.00000000 -0.844853085902564E+003  0.201738517157501E+002 
     23.02000000 -0.844853085641600E+003  0.201738519767141E+002 
     23.04000000 -0.844853085319819E+003  0.201738522984954E+002 
     23.06000000 -0.844853084902909E+003  0.201738527154054E+002 
     23.08000000 -0.844853084383287E+003  0.201738532350274E+002 
     23.10000000 -0.844853083782427E+003  0.201738538358871E+002 
     23.12000000 -0.844853083149738E+003  0.201738544685764E+002 
     23.14000000 -0.844853082553356E+003  0.201738550649581E+002 
     23.16000000 -0.844853082055313E+003  0.201738555630012E+002 
     23.18000000 -0.844853081681936E+003  0.201738559363780E+002 
     23.20000000 -0.844853081412232E+003  0.201738562060822E+002 
     23.22000000 -0.844853081190474E+003  0.201738564278406E+002 
     23.24000000 -0.844853080947974E+003  0.201738566703400E+002 
     23.26000000 -0.844853080622432E+003  0.201738569958824E+002 
     23.28000000 -0.844853080177468E+003  0.201738574408469E+002 
     23.30000000 -0.844853079620781E+003  0.201738579975332E+002 
     23.32000000 -0.844853079005489E+003  0.201738586128252E+002 
     23.34000000 -0.844853078406150E+003  0.201738592121648E+002 
     23.36000000 -0.844853077885045E+003  0.201738597332691E+002 
     23.38000000 -0.844853077471285E+003  0.201738601470299E+002 
     23.40000000 -0.844853077157169E+003  0.201738604611456E+002 
     23.42000000 -0.844853076901538E+003  0.201738607167769E+002 
     23.44000000 -0.844853076635542E+003  0.201738609827727E+002 
     23.46000000 -0.844853076276933E+003  0.201738613413812E+002 
     23.48000000 -0.844853075756349E+003  0.201738618619657E+002 
     23.50000000 -0.844853075046881E+003  0.201738625714330E+002 
     23.52000000 -0.844853074181292E+003  0.201738634370220E+002 
     23.54000000 -0.844853073246232E+003  0.201738643720826E+002 
     23.56000000 -0.844853072354278E+003  0.201738652640364E+002 
     23.58000000 -0.844853071604271E+003  0.201738660140432E+002 
     23.60000000 -0.844853071045857E+003  0.201738665724577E+002 
     23.62000000 -0.844853070665233E+003  0.201738669530815E+002 
     23.64000000 -0.844853070401123E+003  0.201738672171915E+002 
     23.66000000 -0.844853070181452E+003  0.201738674368625E+002 
     23.68000000 -0.844853069955829E+003  0.201738676624851E+002 
     23.70000000 -0.844853069704218E+003  0.201738679140961E+002 
     23.72000000 -0.844853069423238E+003  0.201738681950760E+002 
     23.74000000 -0.844853069106029E+003  0.201738685122855E+002 
     23.76000000 -0.844853068731495E+003  0.201738688868198E+002 
     23.78000000 -0.844853068273582E+003  0.201738693447322E+002 
     23.80000000 -0.844853067730527E+003  0.201738698877871E+002 
     23.82000000 -0.844853067151221E+003  0.201738704670936E+002 
     23.84000000 -0.844853066621925E+003  0.201738709963890E+002 
     23.86000000 -0.844853066206315E+003  0.201738714119991E+002 
     23.88000000 -0.844853065888994E+003  0.201738717293201E+002 
     23.90000000 -0.844853065585817E+003  0.201738720324971E+002 
     23.92000000 -0.844853065220344E+003  0.201738723979703E+002 
     23.94000000 -0.844853064792378E+003  0.201738728259368E+002 
     23.96000000 -0.844853064371398E+003  0.201738732469163E+002 
     23.98000000 -0.844853064027383E+003  0.201738735909313E+002 
     24.00000000 -0.844853063769581E+003  0.201738738487338E+002 
     24.02000000 -0.844853063542261E+003  0.201738740760535E+002 
     24.04000000 -0.844853063266093E+003  0.201738743522209E+002 
     24.06000000 -0.844853062884818E+003  0.201738747334965E+002 
     24.08000000 -0.844853062391138E+003  0.201738752271760E+002 
     24.10000000 -0.844853061826798E+003  0.201738757915162E+002 
     24.12000000 -0.844853061260025E+003  0.201738763582893E+002 
     24.14000000 -0.844853060750329E+003  0.201738768679858E+002 
     24.16000000 -0.844853060321238E+003  0.201738772970760E+002 
     24.18000000 -0.844853059960311E+003  0.201738776580035E+002 
     24.20000000 -0.844853059643212E+003  0.201738779751023E+002 
     24.22000000 -0.844853059355479E+003  0.201738782628359E+002 
     24.24000000 -0.844853059092226E+003  0.201738785260883E+002 
     24.26000000 -0.844853058846670E+003  0.201738787716441E+002 
     24.28000000 -0.844853058609860E+003  0.201738790084541E+002 
     24.30000000 -0.844853058380435E+003  0.201738792378799E+002 
     24.32000000 -0.844853058164781E+003  0.201738794535339E+002 
     24.34000000 -0.844853057965353E+003  0.201738796529612E+002 
     24.36000000 -0.844853057776169E+003  0.201738798421453E+002 
     24.38000000 -0.844853057592019E+003  0.201738800262952E+002 
     24.40000000 -0.844853057413831E+003  0.201738802044837E+002 
     24.42000000 -0.844853057238412E+003  0.201738803799024E+002 
     24.44000000 -0.844853057047351E+003  0.201738805709638E+002 
     24.46000000 -0.844853056814730E+003  0.201738808035847E+002 
     24.48000000 -0.844853056528863E+003  0.201738810894509E+002 
     24.50000000 -0.844853056204853E+003  0.201738814134613E+002 
     24.52000000 -0.844853055876304E+003  0.201738817420100E+002 
     24.54000000 -0.844853055576687E+003  0.201738820416273E+002 
     24.56000000 -0.844853055324232E+003  0.201738822940825E+002 
     24.58000000 -0.844853055113157E+003  0.201738825051571E+002 
     24.60000000 -0.844853054912770E+003  0.201738827055444E+002 
     24.62000000 -0.844853054683275E+003  0.201738829350390E+002 
     24.64000000 -0.844853054407411E+003  0.201738832109034E+002 
     24.66000000 -0.844853054111789E+003  0.201738835065258E+002 
     24.68000000 -0.844853053850236E+003  0.201738837680781E+002 
     24.70000000 -0.844853053659192E+003  0.201738839591224E+002 
     24.72000000 -0.844853053528623E+003  0.201738840896918E+002 
     24.74000000 -0.844853053415702E+003  0.201738842026119E+002 
     24.76000000 -0.844853053282975E+003  0.201738843353390E+002 
     24.78000000 -0.844853053123750E+003  0.201738844945644E+002 
     24.80000000 -0.844853052958575E+003  0.201738846597396E+002 
     24.82000000 -0.844853052813686E+003  0.201738848046288E+002 
     24.84000000 -0.844853052699840E+003  0.201738849184749E+002 
     24.86000000 -0.844853052603970E+003  0.201738850143442E+002 
     24.88000000 -0.844853052497960E+003  0.201738851203543E+002 
     24.90000000 -0.844853052358778E+003  0.201738852595366E+002 
     24.92000000 -0.844853052184092E+003  0.201738854342227E+002 
     24.94000000 -0.844853051989294E+003  0.201738856290206E+002 
     24.96000000 -0.844853051790795E+003  0.201738858275191E+002 
     24.98000000 -0.844853051596804E+003  0.201738860215104E+002 
     25.00000000 -0.844853051416127E+003  0.201738862021874E+002 
     25.02000000 -0.844853051267798E+003  0.201738863505163E+002 
     25.04000000 -0.844853051168947E+003  0.201738864493676E+002 
     25.06000000 -0.844853051107729E+003  0.201738865105849E+002 
     25.08000000 -0.844853051033389E+003  0.201738865849258E+002 
     25.10000000 -0.844853050880704E+003  0.201738867376106E+002 
     25.12000000 -0.844853050610497E+003  0.201738870078174E+002 
     25.14000000 -0.844853050234025E+003  0.201738873842896E+002 
     25.16000000 -0.844853049805458E+003  0.201738878128564E+002 
     25.18000000 -0.844853049390206E+003  0.201738882281087E+002 
     25.20000000 -0.844853049029849E+003  0.201738885884659E+002 
     25.22000000 -0.844853048724407E+003  0.201738888939074E+002 
     25.24000000 -0.844853048442048E+003  0.201738891762668E+002 
     25.26000000 -0.844853048149119E+003  0.201738894691955E+002 
     25.28000000 -0.844853047839121E+003  0.201738897791930E+002 
     25.30000000 -0.844853047539640E+003  0.201738900786742E+002 
     25.32000000 -0.844853047293476E+003  0.201738903248388E+002 
     25.34000000 -0.844853047129870E+003  0.201738904884446E+002 
     25.36000000 -0.844853047047030E+003  0.201738905712845E+002 
     25.38000000 -0.844853047015513E+003  0.201738906028019E+002 
     25.40000000 -0.844853046994624E+003  0.201738906236907E+002 
     25.42000000 -0.844853046945507E+003  0.201738906728077E+002 
     25.44000000 -0.844853046833132E+003  0.201738907851827E+002 
     25.46000000 -0.844853046626305E+003  0.201738909920096E+002 
     25.48000000 -0.844853046308699E+003  0.201738913096154E+002 
     25.50000000 -0.844853045896989E+003  0.201738917213254E+002 
     25.52000000 -0.844853045445123E+003  0.201738921731915E+002 
     25.54000000 -0.844853045021164E+003  0.201738925971501E+002 
     25.56000000 -0.844853044670423E+003  0.201738929478910E+002 
     25.58000000 -0.844853044395894E+003  0.201738932224207E+002 
     25.60000000 -0.844853044173455E+003  0.201738934448597E+002 
     25.62000000 -0.844853043985427E+003  0.201738936328872E+002 
     25.64000000 -0.844853043835746E+003  0.201738937825684E+002 
     25.66000000 -0.844853043728403E+003  0.201738938899118E+002 
     25.68000000 -0.844853043633303E+003  0.201738939850118E+002 
     25.70000000 -0.844853043484011E+003  0.201738941343039E+002 
     25.72000000 -0.844853043222360E+003  0.201738943959543E+002 
     25.74000000 -0.844853042852915E+003  0.201738947653990E+002 
     25.76000000 -0.844853042452631E+003  0.201738951656831E+002 
     25.78000000 -0.844853042120969E+003  0.201738954973452E+002 
     25.80000000 -0.844853041913014E+003  0.201738957053006E+002 
     25.82000000 -0.844853041811519E+003  0.201738958067951E+002 
     25.84000000 -0.844853041751929E+003  0.201738958663851E+002 
     25.86000000 -0.844853041668145E+003  0.201738959501698E+002 
     25.88000000 -0.844853041523447E+003  0.201738960948675E+002 
     25.90000000 -0.844853041318293E+003  0.201738963000216E+002 
     25.92000000 -0.844853041083177E+003  0.201738965351374E+002 
     25.94000000 -0.844853040860946E+003  0.201738967573684E+002 
     25.96000000 -0.844853040681447E+003  0.201738969368675E+002 
     25.98000000 -0.844853040540968E+003  0.201738970773468E+002 
     26.00000000 -0.844853040402058E+003  0.201738972162567E+002 
     26.02000000 -0.844853040214733E+003  0.201738974035813E+002 
     26.04000000 -0.844853039943241E+003  0.201738976750729E+002 
     26.06000000 -0.844853039583164E+003  0.201738980351505E+002 
     26.08000000 -0.844853039165944E+003  0.201738984523709E+002 
     26.10000000 -0.844853038751723E+003  0.201738988665915E+002 
     26.12000000 -0.844853038406931E+003  0.201738992113833E+002 
     26.14000000 -0.844853038170234E+003  0.201738994480802E+002 
     26.16000000 -0.844853038028190E+003  0.201738995901240E+002 
     26.18000000 -0.844853037922685E+003  0.201738996956298E+002 
     26.20000000 -0.844853037786268E+003  0.201738998320465E+002 
     26.22000000 -0.844853037577026E+003  0.201739000412885E+002 
     26.24000000 -0.844853037288995E+003  0.201739003293198E+002 
     26.26000000 -0.844853036939391E+003  0.201739006789235E+002 
     26.28000000 -0.844853036551370E+003  0.201739010669440E+002 
     26.30000000 -0.844853036146846E+003  0.201739014714685E+002 
     26.32000000 -0.844853035749035E+003  0.201739018692789E+002 
     26.34000000 -0.844853035385367E+003  0.201739022329475E+002 
     26.36000000 -0.844853035082765E+003  0.201739025355491E+002 
     26.38000000 -0.844853034855084E+003  0.201739027632308E+002 
     26.40000000 -0.844853034691337E+003  0.201739029269777E+002 
     26.42000000 -0.844853034556449E+003  0.201739030618657E+002 
     26.44000000 -0.844853034407986E+003  0.201739032103280E+002 
     26.46000000 -0.844853034218912E+003  0.201739033994025E+002 
     26.48000000 -0.844853033991128E+003  0.201739036271860E+002 
     26.50000000 -0.844853033751762E+003  0.201739038665525E+002 
     26.52000000 -0.844853033535856E+003  0.201739040824582E+002 
     26.54000000 -0.844853033366446E+003  0.201739042518681E+002 
     26.56000000 -0.844853033242719E+003  0.201739043755954E+002 
     26.58000000 -0.844853033141244E+003  0.201739044770702E+002 
     26.60000000 -0.844853033028889E+003  0.201739045894255E+002 
     26.62000000 -0.844853032881863E+003  0.201739047364518E+002 
     26.64000000 -0.844853032701955E+003  0.201739049163593E+002 
     26.66000000 -0.844853032518485E+003  0.201739050998294E+002 
     26.68000000 -0.844853032368657E+003  0.201739052496576E+002 
     26.70000000 -0.844853032264216E+003  0.201739053540981E+002 
     26.72000000 -0.844853032169579E+003  0.201739054487350E+002 
     26.74000000 -0.844853032015759E+003  0.201739056025558E+002 
     26.76000000 -0.844853031746695E+003  0.201739058716189E+002 
     26.78000000 -0.844853031362754E+003  0.201739062555602E+002 
     26.80000000 -0.844853030925592E+003  0.201739066927228E+002 
     26.82000000 -0.844853030521838E+003  0.201739070964762E+002 
     26.84000000 -0.844853030214063E+003  0.201739074042511E+002 
     26.86000000 -0.844853030009383E+003  0.201739076089312E+002 
     26.88000000 -0.844853029859451E+003  0.201739077588635E+002 
     26.90000000 -0.844853029690036E+003  0.201739079282780E+002 
     26.92000000 -0.844853029444433E+003  0.201739081738811E+002 
     26.94000000 -0.844853029111520E+003  0.201739085067946E+002 
     26.96000000 -0.844853028715316E+003  0.201739089029983E+002 
     26.98000000 -0.844853028277866E+003  0.201739093404485E+002 
     27.00000000 -0.844853027797747E+003  0.201739098205672E+002 
     27.02000000 -0.844853027270335E+003  0.201739103479790E+002 
     27.04000000 -0.844853026726278E+003  0.201739108920366E+002 
     27.06000000 -0.844853026239760E+003  0.201739113785548E+002 
     27.08000000 -0.844853025887488E+003  0.201739117308266E+002 
     27.10000000 -0.844853025690291E+003  0.201739119280231E+002 
     27.12000000 -0.844853025589128E+003  0.201739120291862E+002 
     27.14000000 -0.844853025477715E+003  0.201739121405996E+002 
     27.16000000 -0.844853025264905E+003  0.201739123534094E+002 
     27.18000000 -0.844853024918949E+003  0.201739126993656E+002 
     27.20000000 -0.844853024469366E+003  0.201739131489489E+002 
     27.22000000 -0.844853023979280E+003  0.201739136390342E+002 
     27.24000000 -0.844853023513531E+003  0.201739141047834E+002 
     27.26000000 -0.844853023115457E+003  0.201739145028578E+002 
     27.28000000 -0.844853022794002E+003  0.201739148243123E+002 
     27.30000000 -0.844853022523791E+003  0.201739150945234E+002 
     27.32000000 -0.844853022262296E+003  0.201739153560185E+002 
     27.34000000 -0.844853021979045E+003  0.201739156392698E+002 
     27.36000000 -0.844853021677898E+003  0.201739159404162E+002 
     27.38000000 -0.844853021393045E+003  0.201739162252694E+002 
     27.40000000 -0.844853021160653E+003  0.201739164576614E+002 
     27.42000000 -0.844853020991564E+003  0.201739166267505E+002 
     27.44000000 -0.844853020867773E+003  0.201739167505412E+002 
     27.46000000 -0.844853020759932E+003  0.201739168583820E+002 
     27.48000000 -0.844853020646647E+003  0.201739169716676E+002 
     27.50000000 -0.844853020522569E+003  0.201739170957453E+002 
     27.52000000 -0.844853020393375E+003  0.201739172249390E+002 
     27.54000000 -0.844853020260699E+003  0.201739173576152E+002 
     27.56000000 -0.844853020107579E+003  0.201739175107352E+002 
     27.58000000 -0.844853019901627E+003  0.201739177166871E+002 
     27.60000000 -0.844853019620451E+003  0.201739179978633E+002 
     27.62000000 -0.844853019277291E+003  0.201739183410231E+002 
     27.64000000 -0.844853018919089E+003  0.201739186992257E+002 
     27.66000000 -0.844853018597152E+003  0.201739190211627E+002 
     27.68000000 -0.844853018338399E+003  0.201739192799157E+002 
     27.70000000 -0.844853018139628E+003  0.201739194786865E+002 
     27.72000000 -0.844853017980700E+003  0.201739196376148E+002 
     27.74000000 -0.844853017838909E+003  0.201739197794053E+002 
     27.76000000 -0.844853017695214E+003  0.201739199231003E+002 
     27.78000000 -0.844853017535937E+003  0.201739200823770E+002 
     27.80000000 -0.844853017355745E+003  0.201739202625692E+002 
     27.82000000 -0.844853017160787E+003  0.201739204575275E+002 
     27.84000000 -0.844853016966306E+003  0.201739206520084E+002 
     27.86000000 -0.844853016787794E+003  0.201739208305199E+002 
     27.88000000 -0.844853016632494E+003  0.201739209858201E+002 
     27.90000000 -0.844853016497605E+003  0.201739211207097E+002 
     27.92000000 -0.844853016373619E+003  0.201739212446958E+002 
     27.94000000 -0.844853016247941E+003  0.201739213703734E+002 
     27.96000000 -0.844853016108779E+003  0.201739215095349E+002 
     27.98000000 -0.844853015951550E+003  0.201739216667640E+002 
     28.00000000 -0.844853015783902E+003  0.201739218344120E+002 
     28.02000000 -0.844853015621617E+003  0.201739219966973E+002 
     28.04000000 -0.844853015476408E+003  0.201739221419060E+002 
     28.06000000 -0.844853015347813E+003  0.201739222705017E+002 
     28.08000000 -0.844853015226643E+003  0.201739223916709E+002 
     28.10000000 -0.844853015101383E+003  0.201739225169317E+002 
     28.12000000 -0.844853014956593E+003  0.201739226617214E+002 
     28.14000000 -0.844853014769319E+003  0.201739228489957E+002 
     28.16000000 -0.844853014518586E+003  0.201739230997281E+002 
     28.18000000 -0.844853014207826E+003  0.201739234104884E+002 
     28.20000000 -0.844853013879437E+003  0.201739237388778E+002 
     28.22000000 -0.844853013600167E+003  0.201739240181477E+002 
     28.24000000 -0.844853013419149E+003  0.201739241991657E+002 
     28.26000000 -0.844853013329916E+003  0.201739242883980E+002 
     28.28000000 -0.844853013272701E+003  0.201739243456136E+002 
     28.30000000 -0.844853013177408E+003  0.201739244409065E+002 
     28.32000000 -0.844853013006359E+003  0.201739246119550E+002 
     28.34000000 -0.844853012761863E+003  0.201739248564513E+002 
     28.36000000 -0.844853012467313E+003  0.201739251510016E+002 
     28.38000000 -0.844853012151419E+003  0.201739254668959E+002 
     28.40000000 -0.844853011844977E+003  0.201739257733375E+002 
     28.42000000 -0.844853011578500E+003  0.201739260398141E+002 
     28.44000000 -0.844853011373042E+003  0.201739262452728E+002 
     28.46000000 -0.844853011228980E+003  0.201739263893342E+002 
     28.48000000 -0.844853011121137E+003  0.201739264971776E+002 
     28.50000000 -0.844853011006228E+003  0.201739266120865E+002 
     28.52000000 -0.844853010842688E+003  0.201739267756262E+002 
     28.54000000 -0.844853010612293E+003  0.201739270060218E+002 
     28.56000000 -0.844853010328410E+003  0.201739272899045E+002 
     28.58000000 -0.844853010027068E+003  0.201739275912465E+002 
     28.60000000 -0.844853009751703E+003  0.201739278666119E+002 
     28.62000000 -0.844853009540831E+003  0.201739280774838E+002 
     28.64000000 -0.844853009414976E+003  0.201739282033383E+002 
     28.66000000 -0.844853009358645E+003  0.201739282596697E+002 
     28.68000000 -0.844853009310345E+003  0.201739283079693E+002 
     28.70000000 -0.844853009182636E+003  0.201739284356781E+002 
     28.72000000 -0.844853008912339E+003  0.201739287059754E+002 
     28.74000000 -0.844853008505794E+003  0.201739291125200E+002 
     28.76000000 -0.844853008037856E+003  0.201739295804584E+002 
     28.78000000 -0.844853007601261E+003  0.201739300170533E+002 
     28.80000000 -0.844853007248653E+003  0.201739303696618E+002 
     28.82000000 -0.844853006973244E+003  0.201739306450707E+002 
     28.84000000 -0.844853006733586E+003  0.201739308847285E+002 
     28.86000000 -0.844853006491338E+003  0.201739311269767E+002 
     28.88000000 -0.844853006234121E+003  0.201739313841936E+002 
     28.90000000 -0.844853005979128E+003  0.201739316391866E+002 
     28.92000000 -0.844853005761591E+003  0.201739318567232E+002 
     28.94000000 -0.844853005608339E+003  0.201739320099752E+002 
     28.96000000 -0.844853005506804E+003  0.201739321115107E+002 
     28.98000000 -0.844853005398452E+003  0.201739322198624E+002 
     29.00000000 -0.844853005215447E+003  0.201739324028675E+002 
     29.02000000 -0.844853004935611E+003  0.201739326827030E+002 
     29.04000000 -0.844853004604040E+003  0.201739330142745E+002 
     29.06000000 -0.844853004298404E+003  0.201739333199107E+002 
     29.08000000 -0.844853004069169E+003  0.201739335491456E+002 
     29.10000000 -0.844853003907132E+003  0.201739337111827E+002 
     29.12000000 -0.844853003761874E+003  0.201739338564408E+002 
     29.14000000 -0.844853003588237E+003  0.201739340300772E+002 
     29.16000000 -0.844853003376936E+003  0.201739342413784E+002 
     29.18000000 -0.844853003147114E+003  0.201739344712008E+002 
     29.20000000 -0.844853002918646E+003  0.201739346996685E+002 
     29.22000000 -0.844853002696306E+003  0.201739349220080E+002 
     29.24000000 -0.844853002474942E+003  0.201739351433722E+002 
     29.26000000 -0.844853002249626E+003  0.201739353686880E+002 
     29.28000000 -0.844853002018133E+003  0.201739356001814E+002 
     29.30000000 -0.844853001780070E+003  0.201739358382445E+002 
     29.32000000 -0.844853001539152E+003  0.201739360791626E+002 
     29.34000000 -0.844853001305404E+003  0.201739363129107E+002 
     29.36000000 -0.844853001092275E+003  0.201739365260395E+002 
     29.38000000 -0.844853000910609E+003  0.201739367077052E+002 
     29.40000000 -0.844853000764349E+003  0.201739368539651E+002 
     29.42000000 -0.844853000649251E+003  0.201739369690633E+002 
     29.44000000 -0.844853000553289E+003  0.201739370650252E+002 
     29.46000000 -0.844853000458999E+003  0.201739371593150E+002 
     29.48000000 -0.844853000348880E+003  0.201739372694340E+002 
     29.50000000 -0.844853000211525E+003  0.201739374067899E+002 
     29.52000000 -0.844853000043507E+003  0.201739375748072E+002 
     29.54000000 -0.844852999846728E+003  0.201739377715867E+002 
     29.56000000 -0.844852999627317E+003  0.201739379909973E+002 
     29.58000000 -0.844852999399068E+003  0.201739382192468E+002 
     29.60000000 -0.844852999184121E+003  0.201739384341934E+002 
     29.62000000 -0.844852999002364E+003  0.201739386159509E+002 
     29.64000000 -0.844852998854350E+003  0.201739387639640E+002 
     29.66000000 -0.844852998715064E+003  0.201739389032509E+002 
     29.68000000 -0.844852998549512E+003  0.201739390688028E+002 
     29.70000000 -0.844852998339558E+003  0.201739392787567E+002 
     29.72000000 -0.844852998097502E+003  0.201739395208122E+002 
     29.74000000 -0.844852997852775E+003  0.201739397655395E+002 
     29.76000000 -0.844852997623719E+003  0.201739399945950E+002 
     29.78000000 -0.844852997399821E+003  0.201739402184935E+002 
     29.80000000 -0.844852997148581E+003  0.201739404697328E+002 
     29.82000000 -0.844852996840676E+003  0.201739407776381E+002 
     29.84000000 -0.844852996475751E+003  0.201739411425636E+002 
     29.86000000 -0.844852996091333E+003  0.201739415269819E+002 
     29.88000000 -0.844852995745818E+003  0.201739418724967E+002 
     29.90000000 -0.844852995484411E+003  0.201739421339035E+002 
     29.92000000 -0.844852995313286E+003  0.201739423050282E+002 
     29.94000000 -0.844852995201776E+003  0.201739424165385E+002 
     29.96000000 -0.844852995106618E+003  0.201739425116959E+002 
     29.98000000 -0.844852994994592E+003  0.201739426237225E+002 
     30.00000000 -0.844852994847855E+003  0.201739427704593E+002 
