# Real time calculation: 
# Eall: Total energy
# Eall0: Initial energy
# 1:Time[fs] 2:Eall[eV] 3:Eall-Eall0[eV] 
      0.00000000 -0.837982752447043E+003  0.000000000000000E+000 
      0.02000000 -0.837982752446963E+003  0.797562644061500E-010 
      0.04000000 -0.837982752446881E+003  0.161252665490252E-009 
      0.06000000 -0.837982752446800E+003  0.242459043794696E-009 
      0.08000000 -0.837982752446719E+003  0.323182050799709E-009 
      0.10000000 -0.837982752446638E+003  0.404678451883811E-009 
      0.12000000 -0.837982752446557E+003  0.485208110369051E-009 
      0.14000000 -0.837982752446476E+003  0.566414488673495E-009 
      0.16000000 -0.837982752446394E+003  0.648974306616346E-009 
      0.18000000 -0.837982752446311E+003  0.731920821598742E-009 
      0.20000000 -0.837982752446227E+003  0.815640730660228E-009 
      0.22000000 -0.837982752446141E+003  0.901777496218870E-009 
      0.24000000 -0.837982752446052E+003  0.990524466794440E-009 
      0.26000000 -0.837982752445961E+003  0.108197831664683E-008 
      0.28000000 -0.837982752445864E+003  0.117874925079295E-008 
      0.30000000 -0.837982752445762E+003  0.128025722367351E-008 
      0.32000000 -0.837982752445653E+003  0.138998250864439E-008 
      0.34000000 -0.837982752445537E+003  0.150560492346834E-008 
      0.36000000 -0.837982752445410E+003  0.163215152965943E-008 
      0.38000000 -0.837982752445274E+003  0.176836556183915E-008 
      0.40000000 -0.837982752445125E+003  0.191753394484362E-008 
      0.42000000 -0.837982752444962E+003  0.208072009553160E-008 
      0.44000000 -0.837982752444785E+003  0.225734396834376E-008 
      0.46000000 -0.837982752444592E+003  0.245040246533659E-008 
      0.48000000 -0.837982752444382E+003  0.266018560928973E-008 
      0.50000000 -0.837982752444155E+003  0.288775681706195E-008 
      0.52000000 -0.837982752443909E+003  0.313388948273232E-008 
      0.54000000 -0.837982752443644E+003  0.339839025778108E-008 
      0.56000000 -0.837982752443363E+003  0.367932565701050E-008 
      0.58000000 -0.837982752443065E+003  0.397795244579910E-008 
      0.60000000 -0.837982752442750E+003  0.429282051024860E-008 
      0.62000000 -0.837982752442421E+003  0.462180301664148E-008 
      0.64000000 -0.837982752442081E+003  0.496161304014162E-008 
      0.66000000 -0.837982752441729E+003  0.531370069464732E-008 
      0.68000000 -0.837982752441372E+003  0.567033203936766E-008 
      0.70000000 -0.837982752441009E+003  0.603363390802016E-008 
      0.72000000 -0.837982752440648E+003  0.639432557165573E-008 
      0.74000000 -0.837982752440290E+003  0.675260037879415E-008 
      0.76000000 -0.837982752439939E+003  0.710333459366144E-008 
      0.78000000 -0.837982752439600E+003  0.744256457160226E-008 
      0.80000000 -0.837982752439277E+003  0.776593997092174E-008 
      0.82000000 -0.837982752438972E+003  0.807056056382329E-008 
      0.84000000 -0.837982752438690E+003  0.835275272843123E-008 
      0.86000000 -0.837982752438434E+003  0.860816612305069E-008 
      0.88000000 -0.837982752438207E+003  0.883554398230313E-008 
      0.90000000 -0.837982752438010E+003  0.903266279821118E-008 
      0.92000000 -0.837982752437843E+003  0.919961924503472E-008 
      0.94000000 -0.837982752437707E+003  0.933515655739523E-008 
      0.96000000 -0.837982752437601E+003  0.944149824327010E-008 
      0.98000000 -0.837982752437522E+003  0.952028776507739E-008 
      1.00000000 -0.837982752437467E+003  0.957529541895266E-008 
      1.02000000 -0.837982752437430E+003  0.961222498622920E-008 
      1.04000000 -0.837982752437405E+003  0.963755364231940E-008 
      1.06000000 -0.837982752437380E+003  0.966239892711016E-008 
      1.08000000 -0.837982752437350E+003  0.969227127341501E-008 
      1.10000000 -0.837982752437298E+003  0.974408867671404E-008 
      1.12000000 -0.837982752437215E+003  0.982713186595632E-008 
      1.14000000 -0.837982752437083E+003  0.995986562478013E-008 
      1.16000000 -0.837982752436887E+003  0.101553409782701E-007 
      1.18000000 -0.837982752436608E+003  0.104342462180419E-007 
      1.20000000 -0.837982752436228E+003  0.108150461277338E-007 
      1.22000000 -0.837982752435724E+003  0.113183323247016E-007 
      1.24000000 -0.837982752435079E+003  0.119631496381428E-007 
      1.26000000 -0.837982752434269E+003  0.127738599815489E-007 
      1.28000000 -0.837982752433271E+003  0.137713449950551E-007 
      1.30000000 -0.837982752432066E+003  0.149761962960174E-007 
      1.32000000 -0.837982752430631E+003  0.164115190325484E-007 
      1.34000000 -0.837982752428943E+003  0.180991615873825E-007 
      1.36000000 -0.837982752426986E+003  0.200567186758191E-007 
      1.38000000 -0.837982752424739E+003  0.223036218240951E-007 
      1.40000000 -0.837982752422186E+003  0.248564023306512E-007 
      1.42000000 -0.837982752419311E+003  0.277312047968884E-007 
      1.44000000 -0.837982752416105E+003  0.309374066260157E-007 
      1.46000000 -0.837982752412555E+003  0.344879621688577E-007 
      1.48000000 -0.837982752408658E+003  0.383842248650529E-007 
      1.50000000 -0.837982752404408E+003  0.426344120266917E-007 
      1.52000000 -0.837982752399811E+003  0.472315631070622E-007 
      1.54000000 -0.837982752394869E+003  0.521731645754073E-007 
      1.56000000 -0.837982752389591E+003  0.574514824909363E-007 
      1.58000000 -0.837982752383992E+003  0.630506622750277E-007 
      1.60000000 -0.837982752378089E+003  0.689531092123822E-007 
      1.62000000 -0.837982752371906E+003  0.751368782460057E-007 
      1.64000000 -0.837982752365465E+003  0.815775107881470E-007 
      1.66000000 -0.837982752358801E+003  0.882414608706254E-007 
      1.68000000 -0.837982752351947E+003  0.950952791995205E-007 
      1.70000000 -0.837982752344944E+003  0.102098459259940E-006 
      1.72000000 -0.837982752337831E+003  0.109211461279590E-006 
      1.74000000 -0.837982752330651E+003  0.116391071864301E-006 
      1.76000000 -0.837982752323457E+003  0.123585183587996E-006 
      1.78000000 -0.837982752316296E+003  0.130746812760369E-006 
      1.80000000 -0.837982752309216E+003  0.137826752183138E-006 
      1.82000000 -0.837982752302271E+003  0.144771444316326E-006 
      1.84000000 -0.837982752295513E+003  0.151529458453674E-006 
      1.86000000 -0.837982752288989E+003  0.158054004253396E-006 
      1.88000000 -0.837982752282752E+003  0.164290750781437E-006 
      1.90000000 -0.837982752276847E+003  0.170195904598069E-006 
      1.92000000 -0.837982752271315E+003  0.175727122377460E-006 
      1.94000000 -0.837982752266198E+003  0.180844380976019E-006 
      1.96000000 -0.837982752261528E+003  0.185514714471123E-006 
      1.98000000 -0.837982752257336E+003  0.189706317031271E-006 
      2.00000000 -0.837982752253640E+003  0.193402173986722E-006 
      2.02000000 -0.837982752250458E+003  0.196584400599397E-006 
      2.04000000 -0.837982752247793E+003  0.199249613270201E-006 
      2.06000000 -0.837982752245645E+003  0.201397908673393E-006 
      2.08000000 -0.837982752244000E+003  0.203042144485538E-006 
      2.10000000 -0.837982752242837E+003  0.204205232506230E-006 
      2.12000000 -0.837982752242125E+003  0.204917625127331E-006 
      2.14000000 -0.837982752241821E+003  0.205221182303374E-006 
      2.16000000 -0.837982752241872E+003  0.205170524991194E-006 
      2.18000000 -0.837982752242216E+003  0.204826557974519E-006 
      2.20000000 -0.837982752242778E+003  0.204264783850320E-006 
      2.22000000 -0.837982752243475E+003  0.203567279065240E-006 
      2.24000000 -0.837982752244214E+003  0.202828591045450E-006 
      2.26000000 -0.837982752244892E+003  0.202150227763828E-006 
      2.28000000 -0.837982752245397E+003  0.201645201430182E-006 
      2.30000000 -0.837982752245614E+003  0.201428844436557E-006 
      2.32000000 -0.837982752245415E+003  0.201627220017843E-006 
      2.34000000 -0.837982752244674E+003  0.202369001613950E-006 
      2.36000000 -0.837982752243254E+003  0.203788856468900E-006 
      2.38000000 -0.837982752241020E+003  0.206022515243571E-006 
      2.40000000 -0.837982752237835E+003  0.209208028781083E-006 
      2.42000000 -0.837982752233561E+003  0.213481514439354E-006 
      2.44000000 -0.837982752228063E+003  0.218979379599085E-006 
      2.46000000 -0.837982752221210E+003  0.225832134511121E-006 
      2.48000000 -0.837982752212880E+003  0.234162555485519E-006 
      2.50000000 -0.837982752202950E+003  0.244092838786774E-006 
      2.52000000 -0.837982752191313E+003  0.255729422775021E-006 
      2.54000000 -0.837982752177872E+003  0.269170818521084E-006 
      2.56000000 -0.837982752162539E+003  0.284503742836082E-006 
      2.58000000 -0.837982752145242E+003  0.301800121369369E-006 
      2.60000000 -0.837982752125925E+003  0.321117571979838E-006 
      2.62000000 -0.837982752104549E+003  0.342493507606065E-006 
      2.64000000 -0.837982752081089E+003  0.365953160229879E-006 
      2.66000000 -0.837982752055545E+003  0.391497883290921E-006 
      2.68000000 -0.837982752027931E+003  0.419111048816488E-006 
      2.70000000 -0.837982751998285E+003  0.448757564050243E-006 
      2.72000000 -0.837982751966662E+003  0.480380101156072E-006 
      2.74000000 -0.837982751933144E+003  0.513898613846790E-006 
      2.76000000 -0.837982751897826E+003  0.549216427862512E-006 
      2.78000000 -0.837982751860830E+003  0.586212893726898E-006 
      2.80000000 -0.837982751822294E+003  0.624748317134413E-006 
      2.82000000 -0.837982751782376E+003  0.664666762503860E-006 
      2.84000000 -0.837982751741252E+003  0.705790252522790E-006 
      2.86000000 -0.837982751699115E+003  0.747927855527926E-006 
      2.88000000 -0.837982751656171E+003  0.790871625186254E-006 
      2.90000000 -0.837982751612641E+003  0.834401530882272E-006 
      2.92000000 -0.837982751568755E+003  0.878287294528931E-006 
      2.94000000 -0.837982751524754E+003  0.922288680590414E-006 
      2.96000000 -0.837982751480883E+003  0.966159943098090E-006 
      2.98000000 -0.837982751437389E+003  0.100965311257535E-005 
      3.00000000 -0.837982751394527E+003  0.105251596587815E-005 
      3.02000000 -0.837982751352541E+003  0.109450121024971E-005 
      3.04000000 -0.837982751311674E+003  0.113536851347994E-005 
      3.06000000 -0.837982751272163E+003  0.117487928349545E-005 
      3.08000000 -0.837982751234230E+003  0.121281232958961E-005 
      3.10000000 -0.837982751198086E+003  0.124895603180754E-005 
      3.12000000 -0.837982751163923E+003  0.128311916846318E-005 
      3.14000000 -0.837982751131915E+003  0.131512733919170E-005 
      3.16000000 -0.837982751102210E+003  0.134483224567842E-005 
      3.18000000 -0.837982751074938E+003  0.137210444108937E-005 
      3.20000000 -0.837982751050195E+003  0.139684744451318E-005 
      3.22000000 -0.837982751028050E+003  0.141899300392236E-005 
      3.24000000 -0.837982751008542E+003  0.143850032277924E-005 
      3.26000000 -0.837982750991677E+003  0.145536553411344E-005 
      3.28000000 -0.837982750977427E+003  0.146961570671771E-005 
      3.30000000 -0.837982750965728E+003  0.148131464560358E-005 
      3.32000000 -0.837982750956484E+003  0.149055844498539E-005 
      3.34000000 -0.837982750949563E+003  0.149747954859916E-005 
      3.36000000 -0.837982750944798E+003  0.150224481621747E-005 
      3.38000000 -0.837982750941988E+003  0.150505436355829E-005 
      3.40000000 -0.837982750940897E+003  0.150614581595240E-005 
      3.42000000 -0.837982750941262E+003  0.150578019390151E-005 
      3.44000000 -0.837982750942790E+003  0.150425274059531E-005 
      3.46000000 -0.837982750945156E+003  0.150188654141034E-005 
      3.48000000 -0.837982750948018E+003  0.149902430659788E-005 
      3.50000000 -0.837982750951008E+003  0.149603484845942E-005 
      3.52000000 -0.837982750953742E+003  0.149330051369280E-005 
      3.54000000 -0.837982750955819E+003  0.149122375724192E-005 
      3.56000000 -0.837982750956833E+003  0.149020964425572E-005 
      3.58000000 -0.837982750956364E+003  0.149067812771912E-005 
      3.60000000 -0.837982750953999E+003  0.149304307013872E-005 
      3.62000000 -0.837982750949321E+003  0.149772191096870E-005 
      3.64000000 -0.837982750941921E+003  0.150512193886595E-005 
      3.66000000 -0.837982750931403E+003  0.151563961497027E-005 
      3.68000000 -0.837982750917385E+003  0.152965718930526E-005 
      3.70000000 -0.837982750899510E+003  0.154753284000378E-005 
      3.72000000 -0.837982750877438E+003  0.156960444360415E-005 
      3.74000000 -0.837982750850866E+003  0.159617623400222E-005 
      3.76000000 -0.837982750819520E+003  0.162752247607330E-005 
      3.78000000 -0.837982750783163E+003  0.166387953838280E-005 
      3.80000000 -0.837982750741599E+003  0.170544376635255E-005 
      3.82000000 -0.837982750694673E+003  0.175236935542707E-005 
      3.84000000 -0.837982750642279E+003  0.180476351736058E-005 
      3.86000000 -0.837982750584357E+003  0.186268590017142E-005 
      3.88000000 -0.837982750520897E+003  0.192614539789151E-005 
      3.90000000 -0.837982750451938E+003  0.199510488760504E-005 
      3.92000000 -0.837982750377575E+003  0.206946701833232E-005 
      3.94000000 -0.837982750297953E+003  0.214908938888853E-005 
      3.96000000 -0.837982750213266E+003  0.223377691061721E-005 
      3.98000000 -0.837982750123760E+003  0.232328306415567E-005 
      4.00000000 -0.837982750029731E+003  0.241731154289735E-005 
      4.02000000 -0.837982749931521E+003  0.251552157007614E-005 
      4.04000000 -0.837982749829516E+003  0.261752702869807E-005 
      4.06000000 -0.837982749724142E+003  0.272290023183740E-005 
      4.08000000 -0.837982749615868E+003  0.283117453284165E-005 
      4.10000000 -0.837982749505188E+003  0.294185428278039E-005 
      4.12000000 -0.837982749392632E+003  0.305441038342927E-005 
      4.14000000 -0.837982749278750E+003  0.316829285492378E-005 
      4.16000000 -0.837982749164111E+003  0.328293189917616E-005 
      4.18000000 -0.837982749049298E+003  0.339774437705078E-005 
      4.20000000 -0.837982748934902E+003  0.351214038221381E-005 
      4.22000000 -0.837982748821515E+003  0.362552768814919E-005 
      4.24000000 -0.837982748709720E+003  0.373732218897868E-005 
      4.26000000 -0.837982748600099E+003  0.384694345244592E-005 
      4.28000000 -0.837982748493205E+003  0.395383734169326E-005 
      4.30000000 -0.837982748389578E+003  0.405746480104756E-005 
      4.32000000 -0.837982748289721E+003  0.415732177091778E-005 
      4.34000000 -0.837982748194109E+003  0.425293377403639E-005 
      4.36000000 -0.837982748103175E+003  0.434386790306763E-005 
      4.38000000 -0.837982748017302E+003  0.442974026452548E-005 
      4.40000000 -0.837982747936836E+003  0.451020679471902E-005 
      4.42000000 -0.837982747862057E+003  0.458498588152918E-005 
      4.44000000 -0.837982747793191E+003  0.465385150053637E-005 
      4.46000000 -0.837982747730409E+003  0.471663340836891E-005 
      4.48000000 -0.837982747673813E+003  0.477322922698559E-005 
      4.50000000 -0.837982747623444E+003  0.482359864322004E-005 
      4.52000000 -0.837982747579273E+003  0.486776911256207E-005 
      4.54000000 -0.837982747541210E+003  0.490583218553578E-005 
      4.56000000 -0.837982747509094E+003  0.493794863143537E-005 
      4.58000000 -0.837982747482700E+003  0.496434244452099E-005 
      4.60000000 -0.837982747461741E+003  0.498530200410989E-005 
      4.62000000 -0.837982747445864E+003  0.500117823776544E-005 
      4.64000000 -0.837982747434662E+003  0.501238036762976E-005 
      4.66000000 -0.837982747427669E+003  0.501937368691567E-005 
      4.68000000 -0.837982747424368E+003  0.502267443617097E-005 
      4.70000000 -0.837982747424199E+003  0.502284380947429E-005 
      4.72000000 -0.837982747426557E+003  0.502048592427566E-005 
      4.74000000 -0.837982747430801E+003  0.501624124754684E-005 
      4.76000000 -0.837982747436266E+003  0.501077605828695E-005 
      4.78000000 -0.837982747442258E+003  0.500478438100772E-005 
      4.80000000 -0.837982747448069E+003  0.499897367794300E-005 
      4.82000000 -0.837982747452984E+003  0.499405817852482E-005 
      4.84000000 -0.837982747456284E+003  0.499075858936065E-005 
      4.86000000 -0.837982747457255E+003  0.498978749642009E-005 
      4.88000000 -0.837982747455198E+003  0.499184482134473E-005 
      4.90000000 -0.837982747449431E+003  0.499761202099250E-005 
      4.92000000 -0.837982747439301E+003  0.500774203331468E-005 
      4.94000000 -0.837982747424188E+003  0.502285483033992E-005 
      4.96000000 -0.837982747403512E+003  0.504353084432457E-005 
      4.98000000 -0.837982747376740E+003  0.507030265376635E-005 
      5.00000000 -0.837982747343390E+003  0.510365217985078E-005 
      5.02000000 -0.837982747303041E+003  0.514400130904802E-005 
      5.04000000 -0.837982747255331E+003  0.519171179643856E-005 
      5.06000000 -0.837982747199963E+003  0.524707985195469E-005 
      5.08000000 -0.837982747136713E+003  0.531032927650804E-005 
      5.10000000 -0.837982747065427E+003  0.538161581233130E-005 
      5.12000000 -0.837982746986030E+003  0.546101293186197E-005 
      5.14000000 -0.837982746898516E+003  0.554852691892695E-005 
      5.16000000 -0.837982746802959E+003  0.564408391439169E-005 
      5.18000000 -0.837982746699512E+003  0.574753078622852E-005 
      5.20000000 -0.837982746588399E+003  0.585864315348026E-005 
      5.22000000 -0.837982746469920E+003  0.597712248603236E-005 
      5.24000000 -0.837982746344445E+003  0.610259765140113E-005 
      5.26000000 -0.837982746212411E+003  0.623463177860615E-005 
      5.28000000 -0.837982746074321E+003  0.637272129142766E-005 
      5.30000000 -0.837982745930735E+003  0.651630760599204E-005 
      5.32000000 -0.837982745782272E+003  0.666477094361916E-005 
      5.34000000 -0.837982745629590E+003  0.681745285592494E-005 
      5.36000000 -0.837982745473400E+003  0.697364307712199E-005 
      5.38000000 -0.837982745314439E+003  0.713260359591034E-005 
      5.40000000 -0.837982745153478E+003  0.729356411178721E-005 
      5.42000000 -0.837982744991307E+003  0.745573556944342E-005 
      5.44000000 -0.837982744828728E+003  0.761831499247635E-005 
      5.46000000 -0.837982744666549E+003  0.778049379737632E-005 
      5.48000000 -0.837982744505577E+003  0.794146562414160E-005 
      5.50000000 -0.837982744346605E+003  0.810043726046984E-005 
      5.52000000 -0.837982744190413E+003  0.825662912512930E-005 
      5.54000000 -0.837982744037751E+003  0.840929199260588E-005 
      5.56000000 -0.837982743889335E+003  0.855770805651992E-005 
      5.58000000 -0.837982743745846E+003  0.870119624671052E-005 
      5.60000000 -0.837982743607914E+003  0.883912876053397E-005 
      5.62000000 -0.837982743476117E+003  0.897092545575670E-005 
      5.64000000 -0.837982743350975E+003  0.909606767497443E-005 
      5.66000000 -0.837982743232943E+003  0.921409921235474E-005 
      5.68000000 -0.837982743122411E+003  0.932463201741845E-005 
      5.70000000 -0.837982743019693E+003  0.942734986866149E-005 
      5.72000000 -0.837982742925031E+003  0.952201175715394E-005 
      5.74000000 -0.837982742838588E+003  0.960845440007086E-005 
      5.76000000 -0.837982742760452E+003  0.968659079057835E-005 
      5.78000000 -0.837982742690628E+003  0.975641406480397E-005 
      5.80000000 -0.837982742629043E+003  0.981799991869320E-005 
      5.82000000 -0.837982742575544E+003  0.987149887406869E-005 
      5.84000000 -0.837982742529906E+003  0.991713666532727E-005 
      5.86000000 -0.837982742491826E+003  0.995521684964498E-005 
      5.88000000 -0.837982742460931E+003  0.998611123622535E-005 
      5.90000000 -0.837982742436781E+003  0.100102612397390E-004 
      5.92000000 -0.837982742418875E+003  0.100281672461551E-004 
      5.94000000 -0.837982742406652E+003  0.100403907395752E-004 
      5.96000000 -0.837982742399501E+003  0.100475412512076E-004 
      5.98000000 -0.837982742396768E+003  0.100502750059287E-004 
      6.00000000 -0.837982742397756E+003  0.100492868983184E-004 
      6.02000000 -0.837982742401739E+003  0.100453035321141E-004 
      6.04000000 -0.837982742407968E+003  0.100390748095496E-004 
      6.06000000 -0.837982742415674E+003  0.100313681309000E-004 
      6.08000000 -0.837982742424084E+003  0.100229588237295E-004 
      6.10000000 -0.837982742432418E+003  0.100146243424362E-004 
      6.12000000 -0.837982742439906E+003  0.100071363409624E-004 
      6.14000000 -0.837982742445794E+003  0.100012486851869E-004 
      6.16000000 -0.837982742449345E+003  0.999769745292419E-005 
      6.18000000 -0.837982742449856E+003  0.999718691615773E-005 
      6.20000000 -0.837982742446652E+003  0.100003904111076E-004 
      6.22000000 -0.837982742439110E+003  0.100079321634698E-004 
      6.24000000 -0.837982742426650E+003  0.100203928955236E-004 
      6.26000000 -0.837982742408742E+003  0.100383003520536E-004 
      6.28000000 -0.837982742384923E+003  0.100621198262727E-004 
      6.30000000 -0.837982742354784E+003  0.100922582201408E-004 
      6.32000000 -0.837982742317991E+003  0.101290520567565E-004 
      6.34000000 -0.837982742274272E+003  0.101727704772593E-004 
      6.36000000 -0.837982742223431E+003  0.102236114705334E-004 
      6.38000000 -0.837982742165341E+003  0.102817014865109E-004 
      6.40000000 -0.837982742099955E+003  0.103470872188592E-004 
      6.42000000 -0.837982742027296E+003  0.104197465291729E-004 
      6.44000000 -0.837982741947457E+003  0.104995855467455E-004 
      6.46000000 -0.837982741860610E+003  0.105864326747658E-004 
      6.48000000 -0.837982741766987E+003  0.106800553149645E-004 
      6.50000000 -0.837982741666896E+003  0.107801461398693E-004 
      6.52000000 -0.837982741560702E+003  0.108863404941721E-004 
      6.54000000 -0.837982741448830E+003  0.109982130111294E-004 
      6.56000000 -0.837982741331756E+003  0.111152863132457E-004 
      6.58000000 -0.837982741210013E+003  0.112370293688115E-004 
      6.60000000 -0.837982741084168E+003  0.113628745065729E-004 
      6.62000000 -0.837982740954831E+003  0.114922119052984E-004 
      6.64000000 -0.837982740822639E+003  0.116244039015698E-004 
      6.66000000 -0.837982740688257E+003  0.117587851831306E-004 
      6.68000000 -0.837982740552365E+003  0.118946777733962E-004 
      6.70000000 -0.837982740415653E+003  0.120313896780143E-004 
      6.72000000 -0.837982740278818E+003  0.121682242622682E-004 
      6.74000000 -0.837982740142549E+003  0.123044933987761E-004 
      6.76000000 -0.837982740007532E+003  0.124395107969669E-004 
      6.78000000 -0.837982739874429E+003  0.125726135614407E-004 
      6.80000000 -0.837982739743885E+003  0.127031575516039E-004 
      6.82000000 -0.837982739616512E+003  0.128305301426714E-004 
      6.84000000 -0.837982739492892E+003  0.129541506123643E-004 
      6.86000000 -0.837982739373563E+003  0.130734795183122E-004 
      6.88000000 -0.837982739259022E+003  0.131880203415166E-004 
      6.90000000 -0.837982739149717E+003  0.132973258668510E-004 
      6.92000000 -0.837982739046040E+003  0.134010028234264E-004 
      6.94000000 -0.837982738948335E+003  0.134987072442260E-004 
      6.96000000 -0.837982738856882E+003  0.135901609007299E-004 
      6.98000000 -0.837982738771901E+003  0.136751412487917E-004 
      7.00000000 -0.837982738693562E+003  0.137534802685480E-004 
      7.02000000 -0.837982738621959E+003  0.138250839926179E-004 
      7.04000000 -0.837982738557134E+003  0.138899087242361E-004 
      7.06000000 -0.837982738499063E+003  0.139479792120131E-004 
      7.08000000 -0.837982738447669E+003  0.139993739554479E-004 
      7.10000000 -0.837982738402810E+003  0.140442323588233E-004 
      7.12000000 -0.837982738364295E+003  0.140827478673333E-004 
      7.14000000 -0.837982738331876E+003  0.141151665169692E-004 
      7.16000000 -0.837982738305257E+003  0.141417851943834E-004 
      7.18000000 -0.837982738284101E+003  0.141629413894169E-004 
      7.20000000 -0.837982738268023E+003  0.141790192855786E-004 
      7.22000000 -0.837982738256606E+003  0.141904361289741E-004 
      7.24000000 -0.837982738249401E+003  0.141976412615634E-004 
      7.26000000 -0.837982738245930E+003  0.142011122541904E-004 
      7.28000000 -0.837982738245694E+003  0.142013481393845E-004 
      7.30000000 -0.837982738248182E+003  0.141988607106776E-004 
      7.32000000 -0.837982738252866E+003  0.141941764560891E-004 
      7.34000000 -0.837982738259218E+003  0.141878245705175E-004 
      7.36000000 -0.837982738266704E+003  0.141803383091804E-004 
      7.38000000 -0.837982738274803E+003  0.141722399064298E-004 
      7.40000000 -0.837982738282997E+003  0.141640451194420E-004 
      7.42000000 -0.837982738290790E+003  0.141562526907239E-004 
      7.44000000 -0.837982738297699E+003  0.141493433813698E-004 
      7.46000000 -0.837982738303270E+003  0.141437728171666E-004 
      7.48000000 -0.837982738307077E+003  0.141399652047667E-004 
      7.50000000 -0.837982738308723E+003  0.141383190354694E-004 
      7.52000000 -0.837982738307850E+003  0.141391929707788E-004 
      7.54000000 -0.837982738304133E+003  0.141429090326545E-004 
      7.56000000 -0.837982738297295E+003  0.141497478664732E-004 
      7.58000000 -0.837982738287091E+003  0.141599518346041E-004 
      7.60000000 -0.837982738273328E+003  0.141737143822416E-004 
      7.62000000 -0.837982738255855E+003  0.141911874813219E-004 
      7.64000000 -0.837982738234564E+003  0.142124782469252E-004 
      7.66000000 -0.837982738209396E+003  0.142376470037895E-004 
      7.68000000 -0.837982738180331E+003  0.142667117333273E-004 
      7.70000000 -0.837982738147398E+003  0.142996445933516E-004 
      7.72000000 -0.837982738110666E+003  0.143363769451380E-004 
      7.74000000 -0.837982738070241E+003  0.143768012869094E-004 
      7.76000000 -0.837982738026276E+003  0.144207660334264E-004 
      7.78000000 -0.837982737978953E+003  0.144680896304289E-004 
      7.80000000 -0.837982737928486E+003  0.145185563009688E-004 
      7.82000000 -0.837982737875125E+003  0.145719175921982E-004 
      7.84000000 -0.837982737819144E+003  0.146278989492190E-004 
      7.86000000 -0.837982737760838E+003  0.146862041620990E-004 
      7.88000000 -0.837982737700525E+003  0.147465174927054E-004 
      7.90000000 -0.837982737638539E+003  0.148085034813563E-004 
      7.92000000 -0.837982737575224E+003  0.148718187410806E-004 
      7.94000000 -0.837982737510931E+003  0.149361112808981E-004 
      7.96000000 -0.837982737446023E+003  0.150010194424026E-004 
      7.98000000 -0.837982737380853E+003  0.150661894944771E-004 
      8.00000000 -0.837982737315779E+003  0.151312632589888E-004 
      8.02000000 -0.837982737251151E+003  0.151958915485109E-004 
      8.04000000 -0.837982737187307E+003  0.152597358097853E-004 
      8.06000000 -0.837982737124573E+003  0.153224696705107E-004 
      8.08000000 -0.837982737063260E+003  0.153837821295930E-004 
      8.10000000 -0.837982737003661E+003  0.154433820041614E-004 
      8.12000000 -0.837982736946043E+003  0.155009990896595E-004 
      8.14000000 -0.837982736890656E+003  0.155563860933306E-004 
      8.16000000 -0.837982736837722E+003  0.156093209543996E-004 
      8.18000000 -0.837982736787436E+003  0.156596066507250E-004 
      8.20000000 -0.837982736739966E+003  0.157070762258599E-004 
      8.22000000 -0.837982736695453E+003  0.157515894054532E-004 
      8.24000000 -0.837982736654004E+003  0.157930382043567E-004 
      8.26000000 -0.837982736615701E+003  0.158313411261692E-004 
      8.28000000 -0.837982736580599E+003  0.158664438399566E-004 
      8.30000000 -0.837982736548717E+003  0.158983257541017E-004 
      8.32000000 -0.837982736520050E+003  0.159269924757116E-004 
      8.34000000 -0.837982736494567E+003  0.159524752305720E-004 
      8.36000000 -0.837982736472210E+003  0.159748321199133E-004 
      8.38000000 -0.837982736452895E+003  0.159941478303871E-004 
      8.40000000 -0.837982736436516E+003  0.160105265768455E-004 
      8.42000000 -0.837982736422948E+003  0.160240947125463E-004 
      8.44000000 -0.837982736412045E+003  0.160349972488792E-004 
      8.46000000 -0.837982736403644E+003  0.160433986287604E-004 
      8.48000000 -0.837982736397569E+003  0.160494733492289E-004 
      8.50000000 -0.837982736393631E+003  0.160534119552509E-004 
      8.52000000 -0.837982736391630E+003  0.160554128224078E-004 
      8.54000000 -0.837982736391358E+003  0.160556849604493E-004 
      8.56000000 -0.837982736392606E+003  0.160544365090572E-004 
      8.58000000 -0.837982736395159E+003  0.160518835352021E-004 
      8.60000000 -0.837982736398801E+003  0.160482419125064E-004 
      8.62000000 -0.837982736403317E+003  0.160437254844331E-004 
      8.64000000 -0.837982736408499E+003  0.160385436474289E-004 
      8.66000000 -0.837982736414141E+003  0.160329015442734E-004 
      8.68000000 -0.837982736420048E+003  0.160269945536459E-004 
      8.70000000 -0.837982736426032E+003  0.160210107069817E-004 
      8.72000000 -0.837982736431915E+003  0.160151272081993E-004 
      8.74000000 -0.837982736437533E+003  0.160095098536543E-004 
      8.76000000 -0.837982736442734E+003  0.160043088751467E-004 
      8.78000000 -0.837982736447378E+003  0.159996642570047E-004 
      8.80000000 -0.837982736451347E+003  0.159956956819621E-004 
      8.82000000 -0.837982736454531E+003  0.159925113285157E-004 
      8.84000000 -0.837982736456839E+003  0.159902040039550E-004 
      8.86000000 -0.837982736458196E+003  0.159888468906947E-004 
      8.88000000 -0.837982736458542E+003  0.159885008935186E-004 
      8.90000000 -0.837982736457834E+003  0.159892080657297E-004 
      8.92000000 -0.837982736456046E+003  0.159909969262346E-004 
      8.94000000 -0.837982736453163E+003  0.159938797526644E-004 
      8.96000000 -0.837982736449190E+003  0.159978528713972E-004 
      8.98000000 -0.837982736444139E+003  0.160029032314079E-004 
      9.00000000 -0.837982736438041E+003  0.160090015403958E-004 
      9.02000000 -0.837982736430937E+003  0.160161051650123E-004 
      9.04000000 -0.837982736422878E+003  0.160241641246649E-004 
      9.06000000 -0.837982736413928E+003  0.160331147110165E-004 
      9.08000000 -0.837982736404154E+003  0.160428881886682E-004 
      9.10000000 -0.837982736393637E+003  0.160534060581210E-004 
      9.12000000 -0.837982736382457E+003  0.160645851795115E-004 
      9.14000000 -0.837982736370707E+003  0.160763360324749E-004 
      9.16000000 -0.837982736358479E+003  0.160885638762367E-004 
      9.18000000 -0.837982736345868E+003  0.161011746467418E-004 
      9.20000000 -0.837982736332970E+003  0.161140725397988E-004 
      9.22000000 -0.837982736319883E+003  0.161271594310338E-004 
      9.24000000 -0.837982736306706E+003  0.161403366160276E-004 
      9.26000000 -0.837982736293530E+003  0.161535123509075E-004 
      9.28000000 -0.837982736280450E+003  0.161665924749444E-004 
      9.30000000 -0.837982736267550E+003  0.161794922048123E-004 
      9.32000000 -0.837982736254917E+003  0.161921254037457E-004 
      9.34000000 -0.837982736242627E+003  0.162044156024050E-004 
      9.36000000 -0.837982736230754E+003  0.162162883616102E-004 
      9.38000000 -0.837982736219365E+003  0.162276778461902E-004 
      9.40000000 -0.837982736208517E+003  0.162385257615663E-004 
      9.42000000 -0.837982736198264E+003  0.162487786468728E-004 
      9.44000000 -0.837982736188649E+003  0.162583936754125E-004 
      9.46000000 -0.837982736179710E+003  0.162673328542014E-004 
      9.48000000 -0.837982736171477E+003  0.162755655374991E-004 
      9.50000000 -0.837982736163972E+003  0.162830708436654E-004 
      9.52000000 -0.837982736157207E+003  0.162898358183494E-004 
      9.54000000 -0.837982736151192E+003  0.162958505041025E-004 
      9.56000000 -0.837982736145927E+003  0.163011154809702E-004 
      9.58000000 -0.837982736141403E+003  0.163056391596130E-004 
      9.60000000 -0.837982736137609E+003  0.163094340110106E-004 
      9.62000000 -0.837982736134524E+003  0.163125188866436E-004 
      9.64000000 -0.837982736132125E+003  0.163149177617284E-004 
      9.66000000 -0.837982736130381E+003  0.163166615720282E-004 
      9.68000000 -0.837982736129259E+003  0.163177833801399E-004 
      9.70000000 -0.837982736128722E+003  0.163183208890249E-004 
      9.72000000 -0.837982736128724E+003  0.163183183754941E-004 
      9.74000000 -0.837982736129229E+003  0.163178139292060E-004 
      9.76000000 -0.837982736130185E+003  0.163168572407302E-004 
      9.78000000 -0.837982736131546E+003  0.163154969372194E-004 
      9.80000000 -0.837982736133263E+003  0.163137795189925E-004 
      9.82000000 -0.837982736135288E+003  0.163117545799449E-004 
      9.84000000 -0.837982736137572E+003  0.163094703605323E-004 
      9.86000000 -0.837982736140068E+003  0.163069750045361E-004 
      9.88000000 -0.837982736142727E+003  0.163043154956467E-004 
      9.90000000 -0.837982736145505E+003  0.163015375607888E-004 
      9.92000000 -0.837982736148359E+003  0.162986830599172E-004 
      9.94000000 -0.837982736151248E+003  0.162957943363575E-004 
      9.96000000 -0.837982736154135E+003  0.162929075462830E-004 
      9.98000000 -0.837982736156983E+003  0.162900597159353E-004 
     10.00000000 -0.837982736159761E+003  0.162872811043577E-004 
     10.02000000 -0.837982736162442E+003  0.162846002304568E-004 
     10.04000000 -0.837982736164999E+003  0.162820434863055E-004 
     10.06000000 -0.837982736167412E+003  0.162796306901273E-004 
     10.08000000 -0.837982736169662E+003  0.162773801133571E-004 
     10.10000000 -0.837982736171737E+003  0.162753055804143E-004 
     10.12000000 -0.837982736173626E+003  0.162734162753533E-004 
     10.14000000 -0.837982736175324E+003  0.162717184820012E-004 
     10.16000000 -0.837982736176825E+003  0.162702177107907E-004 
     10.18000000 -0.837982736178131E+003  0.162689111581683E-004 
     10.20000000 -0.837982736179243E+003  0.162677990174826E-004 
     10.22000000 -0.837982736180167E+003  0.162668755849522E-004 
     10.24000000 -0.837982736180913E+003  0.162661293563401E-004 
     10.26000000 -0.837982736181491E+003  0.162655512442660E-004 
     10.28000000 -0.837982736181911E+003  0.162651310979325E-004 
     10.30000000 -0.837982736182189E+003  0.162648533527839E-004 
     10.32000000 -0.837982736182339E+003  0.162647032176583E-004 
     10.34000000 -0.837982736182377E+003  0.162646659013939E-004 
     10.36000000 -0.837982736182318E+003  0.162647240992984E-004 
     10.38000000 -0.837982736182181E+003  0.162648611833989E-004 
     10.40000000 -0.837982736181980E+003  0.162650625558823E-004 
     10.42000000 -0.837982736181734E+003  0.162653088818965E-004 
     10.44000000 -0.837982736181454E+003  0.162655883671818E-004 
     10.46000000 -0.837982736181156E+003  0.162658867039478E-004 
     10.48000000 -0.837982736180852E+003  0.162661902611238E-004 
     10.50000000 -0.837982736180554E+003  0.162664889845869E-004 
     10.52000000 -0.837982736180269E+003  0.162667734002595E-004 
     10.54000000 -0.837982736180005E+003  0.162670371276404E-004 
     10.56000000 -0.837982736179768E+003  0.162672741729257E-004 
     10.58000000 -0.837982736179560E+003  0.162674826993043E-004 
     10.60000000 -0.837982736179380E+003  0.162676628034504E-004 
     10.62000000 -0.837982736179226E+003  0.162678164188494E-004 
     10.64000000 -0.837982736179095E+003  0.162679473157973E-004 
     10.66000000 -0.837982736178981E+003  0.162680615847725E-004 
     10.68000000 -0.837982736178874E+003  0.162681689898752E-004 
     10.70000000 -0.837982736178767E+003  0.162682760082809E-004 
     10.72000000 -0.837982736178659E+003  0.162683830266866E-004 
     10.74000000 -0.837982736178552E+003  0.162684903351150E-004 
     10.76000000 -0.837982736178447E+003  0.162685955167098E-004 
     10.78000000 -0.837982736178342E+003  0.162687008916531E-004 
     10.80000000 -0.837982736178238E+003  0.162688043331112E-004 
     10.82000000 -0.837982736178134E+003  0.162689089346604E-004 
     10.84000000 -0.837982736178031E+003  0.162690112160273E-004 
     10.86000000 -0.837982736177928E+003  0.162691143674626E-004 
     10.88000000 -0.837982736177827E+003  0.162692151987157E-004 
     10.90000000 -0.837982736177725E+003  0.162693172867341E-004 
     10.92000000 -0.837982736177625E+003  0.162694170545703E-004 
     10.94000000 -0.837982736177528E+003  0.162695148889213E-004 
     10.96000000 -0.837982736177429E+003  0.162696132066436E-004 
     10.98000000 -0.837982736177332E+003  0.162697101709263E-004 
     11.00000000 -0.837982736177235E+003  0.162698072318832E-004 
     11.02000000 -0.837982736177140E+003  0.162699022626807E-004 
     11.04000000 -0.837982736177045E+003  0.162699972934782E-004 
     11.06000000 -0.837982736176950E+003  0.162700926142984E-004 
     11.08000000 -0.837982736176857E+003  0.162701858082849E-004 
     11.10000000 -0.837982736176764E+003  0.162702789055972E-004 
     11.12000000 -0.837982736176672E+003  0.162703708428184E-004 
     11.14000000 -0.837982736176579E+003  0.162704634567593E-004 
     11.16000000 -0.837982736176488E+003  0.162705547172607E-004 
     11.18000000 -0.837982736176396E+003  0.162706463644590E-004 
     11.20000000 -0.837982736176305E+003  0.162707378183089E-004 
     11.22000000 -0.837982736176214E+003  0.162708284987647E-004 
     11.24000000 -0.837982736176123E+003  0.162709197592660E-004 
     11.26000000 -0.837982736176032E+003  0.162710103430475E-004 
     11.28000000 -0.837982736175940E+003  0.162711020869201E-004 
     11.30000000 -0.837982736175850E+003  0.162711926707016E-004 
     11.32000000 -0.837982736175758E+003  0.162712850912941E-004 
     11.34000000 -0.837982736175666E+003  0.162713766418182E-004 
     11.36000000 -0.837982736175574E+003  0.162714684823651E-004 
     11.38000000 -0.837982736175481E+003  0.162715610963061E-004 
     11.40000000 -0.837982736175388E+003  0.162716542902926E-004 
     11.42000000 -0.837982736175294E+003  0.162717490310673E-004 
     11.44000000 -0.837982736175199E+003  0.162718431917964E-004 
     11.46000000 -0.837982736175105E+003  0.162719375458741E-004 
     11.48000000 -0.837982736175008E+003  0.162720347035053E-004 
     11.50000000 -0.837982736174911E+003  0.162721318611364E-004 
     11.52000000 -0.837982736174813E+003  0.162722298888360E-004 
     11.54000000 -0.837982736174714E+003  0.162723281098840E-004 
     11.56000000 -0.837982736174615E+003  0.162724274910232E-004 
     11.58000000 -0.837982736174514E+003  0.162725289989961E-004 
     11.60000000 -0.837982736174412E+003  0.162726307003175E-004 
     11.62000000 -0.837982736174310E+003  0.162727328850102E-004 
     11.64000000 -0.837982736174208E+003  0.162728350697029E-004 
     11.66000000 -0.837982736174102E+003  0.162729410246917E-004 
     11.68000000 -0.837982736173998E+003  0.162730447561725E-004 
     11.70000000 -0.837982736173892E+003  0.162731508078356E-004 
     11.72000000 -0.837982736173785E+003  0.162732577295671E-004 
     11.74000000 -0.837982736173677E+003  0.162733650379956E-004 
     11.76000000 -0.837982736173569E+003  0.162734735065151E-004 
     11.78000000 -0.837982736173460E+003  0.162735829417773E-004 
     11.80000000 -0.837982736173351E+003  0.162736914102969E-004 
     11.82000000 -0.837982736173241E+003  0.162738014256047E-004 
     11.84000000 -0.837982736173131E+003  0.162739118276095E-004 
     11.86000000 -0.837982736173019E+003  0.162740231963569E-004 
     11.88000000 -0.837982736172908E+003  0.162741341784072E-004 
     11.90000000 -0.837982736172797E+003  0.162742453538061E-004 
     11.92000000 -0.837982736172686E+003  0.162743565292049E-004 
     11.94000000 -0.837982736172574E+003  0.162744686713464E-004 
     11.96000000 -0.837982736172462E+003  0.162745806201394E-004 
     11.98000000 -0.837982736172349E+003  0.162746933423264E-004 
     12.00000000 -0.837982736172239E+003  0.162748033576341E-004 
     12.02000000 -0.837982736172127E+003  0.162749151130786E-004 
     12.04000000 -0.837982736172016E+003  0.162750265785002E-004 
     12.06000000 -0.837982736171905E+003  0.162751378505733E-004 
     12.08000000 -0.837982736171795E+003  0.162752470924870E-004 
     12.10000000 -0.837982736171685E+003  0.162753577845146E-004 
     12.12000000 -0.837982736171575E+003  0.162754671231025E-004 
     12.14000000 -0.837982736171467E+003  0.162755753982736E-004 
     12.16000000 -0.837982736171359E+003  0.162756838667932E-004 
     12.18000000 -0.837982736171252E+003  0.162757909818731E-004 
     12.20000000 -0.837982736171144E+003  0.162758980969531E-004 
     12.22000000 -0.837982736171039E+003  0.162760038585934E-004 
     12.24000000 -0.837982736170934E+003  0.162761090401882E-004 
     12.26000000 -0.837982736170829E+003  0.162762137384116E-004 
     12.28000000 -0.837982736170726E+003  0.162763165031499E-004 
     12.30000000 -0.837982736170624E+003  0.162764190745396E-004 
     12.32000000 -0.837982736170522E+003  0.162765208725353E-004 
     12.34000000 -0.837982736170421E+003  0.162766212204170E-004 
     12.36000000 -0.837982736170322E+003  0.162767206015562E-004 
     12.38000000 -0.837982736170222E+003  0.162768200793696E-004 
     12.40000000 -0.837982736170125E+003  0.162769172370008E-004 
     12.42000000 -0.837982736170026E+003  0.162770162314429E-004 
     12.44000000 -0.837982736169930E+003  0.162771121323087E-004 
     12.46000000 -0.837982736169834E+003  0.162772086132201E-004 
     12.48000000 -0.837982736169738E+003  0.162773043207374E-004 
     12.50000000 -0.837982736169644E+003  0.162773984814665E-004 
     12.52000000 -0.837982736169549E+003  0.162774934155897E-004 
     12.54000000 -0.837982736169455E+003  0.162775871896218E-004 
     12.56000000 -0.837982736169362E+003  0.162776801902598E-004 
     12.58000000 -0.837982736169268E+003  0.162777740609662E-004 
     12.60000000 -0.837982736169175E+003  0.162778675449755E-004 
     12.62000000 -0.837982736169083E+003  0.162779595788709E-004 
     12.64000000 -0.837982736168990E+003  0.162780527728574E-004 
     12.66000000 -0.837982736168897E+003  0.162781459668440E-004 
     12.68000000 -0.837982736168804E+003  0.162782382907622E-004 
     12.70000000 -0.837982736168709E+003  0.162783331282111E-004 
     12.72000000 -0.837982736168615E+003  0.162784272889402E-004 
     12.74000000 -0.837982736168522E+003  0.162785207729495E-004 
     12.76000000 -0.837982736168427E+003  0.162786158037470E-004 
     12.78000000 -0.837982736168331E+003  0.162787111245673E-004 
     12.80000000 -0.837982736168235E+003  0.162788075088044E-004 
     12.82000000 -0.837982736168138E+003  0.162789044730870E-004 
     12.84000000 -0.837982736168040E+003  0.162790026941351E-004 
     12.86000000 -0.837982736167942E+003  0.162791009151831E-004 
     12.88000000 -0.837982736167842E+003  0.162792004896708E-004 
     12.90000000 -0.837982736167742E+003  0.162793004508555E-004 
     12.92000000 -0.837982736167640E+003  0.162794021521769E-004 
     12.94000000 -0.837982736167537E+003  0.162795055936350E-004 
     12.96000000 -0.837982736167432E+003  0.162796102918585E-004 
     12.98000000 -0.837982736167327E+003  0.162797158601503E-004 
     13.00000000 -0.837982736167221E+003  0.162798212350935E-004 
     13.02000000 -0.837982736167112E+003  0.162799303803329E-004 
     13.04000000 -0.837982736167004E+003  0.162800381721327E-004 
     13.06000000 -0.837982736166893E+003  0.162801494442059E-004 
     13.08000000 -0.837982736166783E+003  0.162802596528621E-004 
     13.10000000 -0.837982736166671E+003  0.162803714083065E-004 
     13.12000000 -0.837982736166558E+003  0.162804849038877E-004 
     13.14000000 -0.837982736166444E+003  0.162805987861658E-004 
     13.16000000 -0.837982736166328E+003  0.162807144085806E-004 
     13.18000000 -0.837982736166212E+003  0.162808301276697E-004 
     13.20000000 -0.837982736166095E+003  0.162809470068499E-004 
     13.22000000 -0.837982736165979E+003  0.162810635960073E-004 
     13.24000000 -0.837982736165860E+003  0.162811826986955E-004 
     13.26000000 -0.837982736165742E+003  0.162813000612470E-004 
     13.28000000 -0.837982736165625E+003  0.162814179071698E-004 
     13.30000000 -0.837982736165506E+003  0.162815365264867E-004 
     13.32000000 -0.837982736165387E+003  0.162816558225234E-004 
     13.34000000 -0.837982736165268E+003  0.162817745385145E-004 
     13.36000000 -0.837982736165150E+003  0.162818926744601E-004 
     13.38000000 -0.837982736165031E+003  0.162820113904513E-004 
     13.40000000 -0.837982736164913E+003  0.162821293330483E-004 
     13.42000000 -0.837982736164797E+003  0.162822459222057E-004 
     13.44000000 -0.837982736164680E+003  0.162823628980602E-004 
     13.46000000 -0.837982736164565E+003  0.162824779404295E-004 
     13.48000000 -0.837982736164449E+003  0.162825937561928E-004 
     13.50000000 -0.837982736164336E+003  0.162827064783798E-004 
     13.52000000 -0.837982736164223E+003  0.162828198772867E-004 
     13.54000000 -0.837982736164112E+003  0.162829307626628E-004 
     13.56000000 -0.837982736164001E+003  0.162830415513646E-004 
     13.58000000 -0.837982736163892E+003  0.162831507932783E-004 
     13.60000000 -0.837982736163785E+003  0.162832575216612E-004 
     13.62000000 -0.837982736163679E+003  0.162833632833015E-004 
     13.64000000 -0.837982736163574E+003  0.162834682715477E-004 
     13.66000000 -0.837982736163472E+003  0.162835707462632E-004 
     13.68000000 -0.837982736163370E+003  0.162836726409331E-004 
     13.70000000 -0.837982736163269E+003  0.162837731821634E-004 
     13.72000000 -0.837982736163170E+003  0.162838724666283E-004 
     13.74000000 -0.837982736163073E+003  0.162839699142823E-004 
     13.76000000 -0.837982736162976E+003  0.162840662018451E-004 
     13.78000000 -0.837982736162881E+003  0.162841620060367E-004 
     13.80000000 -0.837982736162788E+003  0.162842550066747E-004 
     13.82000000 -0.837982736162694E+003  0.162843487807068E-004 
     13.84000000 -0.837982736162602E+003  0.162844407179279E-004 
     13.86000000 -0.837982736162510E+003  0.162845322684521E-004 
     13.88000000 -0.837982736162420E+003  0.162846230455821E-004 
     13.90000000 -0.837982736162330E+003  0.162847130493180E-004 
     13.92000000 -0.837982736162239E+003  0.162848035364253E-004 
     13.94000000 -0.837982736162150E+003  0.162848929601157E-004 
     13.96000000 -0.837982736162060E+003  0.162849825771546E-004 
     13.98000000 -0.837982736161970E+003  0.162850728709133E-004 
     14.00000000 -0.837982736161880E+003  0.162851623912780E-004 
     14.02000000 -0.837982736161790E+003  0.162852528783852E-004 
     14.04000000 -0.837982736161699E+003  0.162853439455381E-004 
     14.06000000 -0.837982736161606E+003  0.162854362694562E-004 
     14.08000000 -0.837982736161513E+003  0.162855292700943E-004 
     14.10000000 -0.837982736161420E+003  0.162856228507778E-004 
     14.12000000 -0.837982736161326E+003  0.162857169148327E-004 
     14.14000000 -0.837982736161230E+003  0.162858124290015E-004 
     14.16000000 -0.837982736161132E+003  0.162859108433980E-004 
     14.18000000 -0.837982736161033E+003  0.162860096444916E-004 
     14.20000000 -0.837982736160933E+003  0.162861096056764E-004 
     14.22000000 -0.837982736160831E+003  0.162862111136492E-004 
     14.24000000 -0.837982736160728E+003  0.162863143617588E-004 
     14.26000000 -0.837982736160622E+003  0.162864205100962E-004 
     14.28000000 -0.837982736160516E+003  0.162865270451305E-004 
     14.30000000 -0.837982736160407E+003  0.162866357069987E-004 
     14.32000000 -0.837982736160296E+003  0.162867464957005E-004 
     14.34000000 -0.837982736160184E+003  0.162868584444934E-004 
     14.36000000 -0.837982736160071E+003  0.162869713600290E-004 
     14.38000000 -0.837982736159956E+003  0.162870864023982E-004 
     14.40000000 -0.837982736159839E+003  0.162872030882299E-004 
     14.42000000 -0.837982736159720E+003  0.162873222875924E-004 
     14.44000000 -0.837982736159603E+003  0.162874399401667E-004 
     14.46000000 -0.837982736159482E+003  0.162875606863172E-004 
     14.48000000 -0.837982736159361E+003  0.162876813357936E-004 
     14.50000000 -0.837982736159240E+003  0.162878029520125E-004 
     14.52000000 -0.837982736159116E+003  0.162879261150196E-004 
     14.54000000 -0.837982736158992E+003  0.162880504381178E-004 
     14.56000000 -0.837982736158869E+003  0.162881732144279E-004 
     14.58000000 -0.837982736158746E+003  0.162882965707835E-004 
     14.60000000 -0.837982736158622E+003  0.162884202171619E-004 
     14.62000000 -0.837982736158499E+003  0.162885432834947E-004 
     14.64000000 -0.837982736158374E+003  0.162886681866385E-004 
     14.66000000 -0.837982736158253E+003  0.162887899962060E-004 
     14.68000000 -0.837982736158131E+003  0.162889116124249E-004 
     14.70000000 -0.837982736158009E+003  0.162890332286438E-004 
     14.72000000 -0.837982736157890E+003  0.162891523313320E-004 
     14.74000000 -0.837982736157771E+003  0.162892713373459E-004 
     14.76000000 -0.837982736157654E+003  0.162893884098747E-004 
     14.78000000 -0.837982736157538E+003  0.162895045156608E-004 
     14.80000000 -0.837982736157424E+003  0.162896184946132E-004 
     14.82000000 -0.837982736157311E+003  0.162897316034973E-004 
     14.84000000 -0.837982736157200E+003  0.162898423921991E-004 
     14.86000000 -0.837982736157091E+003  0.162899514407642E-004 
     14.88000000 -0.837982736156983E+003  0.162900593292383E-004 
     14.90000000 -0.837982736156877E+003  0.162901654775756E-004 
     14.92000000 -0.837982736156773E+003  0.162902692090565E-004 
     14.94000000 -0.837982736156671E+003  0.162903715870977E-004 
     14.96000000 -0.837982736156570E+003  0.162904728050478E-004 
     14.98000000 -0.837982736156472E+003  0.162905710260958E-004 
     15.00000000 -0.837982736156373E+003  0.162906692471439E-004 
     15.02000000 -0.837982736156279E+003  0.162907638912443E-004 
     15.04000000 -0.837982736156184E+003  0.162908588253675E-004 
     15.06000000 -0.837982736156091E+003  0.162909517293313E-004 
     15.08000000 -0.837982736155998E+003  0.162910444399465E-004 
     15.10000000 -0.837982736155907E+003  0.162911357004478E-004 
     15.12000000 -0.837982736155818E+003  0.162912248341155E-004 
     15.14000000 -0.837982736155728E+003  0.162913148378514E-004 
     15.16000000 -0.837982736155639E+003  0.162914037781705E-004 
     15.18000000 -0.837982736155550E+003  0.162914926218153E-004 
     15.20000000 -0.837982736155462E+003  0.162915807887404E-004 
     15.22000000 -0.837982736155373E+003  0.162916693423624E-004 
     15.24000000 -0.837982736155284E+003  0.162917580893330E-004 
     15.26000000 -0.837982736155196E+003  0.162918466429550E-004 
     15.28000000 -0.837982736155107E+003  0.162919359699712E-004 
     15.30000000 -0.837982736155015E+003  0.162920274238210E-004 
     15.32000000 -0.837982736154924E+003  0.162921182976253E-004 
     15.34000000 -0.837982736154832E+003  0.162922104281950E-004 
     15.36000000 -0.837982736154739E+003  0.162923039122043E-004 
     15.38000000 -0.837982736154644E+003  0.162923989430018E-004 
     15.40000000 -0.837982736154549E+003  0.162924936837765E-004 
     15.42000000 -0.837982736154451E+003  0.162925914214532E-004 
     15.44000000 -0.837982736154352E+003  0.162926903192211E-004 
     15.46000000 -0.837982736154251E+003  0.162927910537999E-004 
     15.48000000 -0.837982736154150E+003  0.162928929484698E-004 
     15.50000000 -0.837982736154045E+003  0.162929978400418E-004 
     15.52000000 -0.837982736153939E+003  0.162931032149850E-004 
     15.54000000 -0.837982736153831E+003  0.162932114901561E-004 
     15.56000000 -0.837982736153723E+003  0.162933190886074E-004 
     15.58000000 -0.837982736153613E+003  0.162934299739835E-004 
     15.60000000 -0.837982736153499E+003  0.162935432762160E-004 
     15.62000000 -0.837982736153386E+003  0.162936566751229E-004 
     15.64000000 -0.837982736153271E+003  0.162937713307951E-004 
     15.66000000 -0.837982736153154E+003  0.162938889833694E-004 
     15.68000000 -0.837982736153035E+003  0.162940070226407E-004 
     15.70000000 -0.837982736152917E+003  0.162941254486091E-004 
     15.72000000 -0.837982736152796E+003  0.162942460980854E-004 
     15.74000000 -0.837982736152677E+003  0.162943659741677E-004 
     15.76000000 -0.837982736152555E+003  0.162944873970381E-004 
     15.78000000 -0.837982736152432E+003  0.162946101733482E-004 
     15.80000000 -0.837982736152312E+003  0.162947310161730E-004 
     15.82000000 -0.837982736152189E+003  0.162948534057860E-004 
     15.84000000 -0.837982736152066E+003  0.162949764721189E-004 
     15.86000000 -0.837982736151944E+003  0.162950989584061E-004 
     15.88000000 -0.837982736151822E+003  0.162952201879280E-004 
     15.90000000 -0.837982736151701E+003  0.162953419008212E-004 
     15.92000000 -0.837982736151581E+003  0.162954614868807E-004 
     15.94000000 -0.837982736151461E+003  0.162955819430085E-004 
     15.96000000 -0.837982736151341E+003  0.162957011423710E-004 
     15.98000000 -0.837982736151224E+003  0.162958185049225E-004 
     16.00000000 -0.837982736151107E+003  0.162959353841027E-004 
     16.02000000 -0.837982736150992E+003  0.162960510065175E-004 
     16.04000000 -0.837982736150878E+003  0.162961649854699E-004 
     16.06000000 -0.837982736150765E+003  0.162962773209599E-004 
     16.08000000 -0.837982736150654E+003  0.162963888830558E-004 
     16.10000000 -0.837982736150544E+003  0.162964982216437E-004 
     16.12000000 -0.837982736150436E+003  0.162966063034663E-004 
     16.14000000 -0.837982736150331E+003  0.162967118717581E-004 
     16.16000000 -0.837982736150226E+003  0.162968162799588E-004 
     16.18000000 -0.837982736150123E+003  0.162969193347198E-004 
     16.20000000 -0.837982736150022E+003  0.162970208426927E-004 
     16.22000000 -0.837982736149922E+003  0.162971209972259E-004 
     16.24000000 -0.837982736149823E+003  0.162972199916680E-004 
     16.26000000 -0.837982736149725E+003  0.162973175359963E-004 
     16.28000000 -0.837982736149630E+003  0.162974130501650E-004 
     16.30000000 -0.837982736149535E+003  0.162975080809625E-004 
     16.32000000 -0.837982736149440E+003  0.162976024350402E-004 
     16.34000000 -0.837982736149347E+003  0.162976950489811E-004 
     16.36000000 -0.837982736149256E+003  0.162977868895280E-004 
     16.38000000 -0.837982736149164E+003  0.162978784400521E-004 
     16.40000000 -0.837982736149073E+003  0.162979697005535E-004 
     16.42000000 -0.837982736148981E+003  0.162980611544033E-004 
     16.44000000 -0.837982736148890E+003  0.162981523182304E-004 
     16.46000000 -0.837982736148800E+003  0.162982424186406E-004 
     16.48000000 -0.837982736148709E+003  0.162983334857934E-004 
     16.50000000 -0.837982736148619E+003  0.162984239729007E-004 
     16.52000000 -0.837982736148527E+003  0.162985160067961E-004 
     16.54000000 -0.837982736148434E+003  0.162986080406915E-004 
     16.56000000 -0.837982736148342E+003  0.162987006546325E-004 
     16.58000000 -0.837982736148249E+003  0.162987936552705E-004 
     16.60000000 -0.837982736148154E+003  0.162988884927194E-004 
     16.62000000 -0.837982736148059E+003  0.162989836201911E-004 
     16.64000000 -0.837982736147962E+003  0.162990805844738E-004 
     16.66000000 -0.837982736147864E+003  0.162991785154991E-004 
     16.68000000 -0.837982736147766E+003  0.162992768332214E-004 
     16.70000000 -0.837982736147666E+003  0.162993762143605E-004 
     16.72000000 -0.837982736147564E+003  0.162994783990532E-004 
     16.74000000 -0.837982736147461E+003  0.162995811637915E-004 
     16.76000000 -0.837982736147358E+003  0.162996847019238E-004 
     16.78000000 -0.837982736147252E+003  0.162997901735414E-004 
     16.80000000 -0.837982736147146E+003  0.162998963218787E-004 
     16.82000000 -0.837982736147037E+003  0.163000055637924E-004 
     16.84000000 -0.837982736146928E+003  0.163001149023803E-004 
     16.86000000 -0.837982736146817E+003  0.163002252077109E-004 
     16.88000000 -0.837982736146705E+003  0.163003371565038E-004 
     16.90000000 -0.837982736146594E+003  0.163004485252512E-004 
     16.92000000 -0.837982736146480E+003  0.163005622141808E-004 
     16.94000000 -0.837982736146366E+003  0.163006768698531E-004 
     16.96000000 -0.837982736146250E+003  0.163007922989194E-004 
     16.98000000 -0.837982736146136E+003  0.163009069545916E-004 
     17.00000000 -0.837982736146019E+003  0.163010233504005E-004 
     17.02000000 -0.837982736145902E+003  0.163011401329064E-004 
     17.04000000 -0.837982736145785E+003  0.163012575921322E-004 
     17.06000000 -0.837982736145668E+003  0.163013744713124E-004 
     17.08000000 -0.837982736145551E+003  0.163014913504926E-004 
     17.10000000 -0.837982736145435E+003  0.163016078429758E-004 
     17.12000000 -0.837982736145319E+003  0.163017239487619E-004 
     17.14000000 -0.837982736145202E+003  0.163018401512223E-004 
     17.16000000 -0.837982736145086E+003  0.163019566437054E-004 
     17.18000000 -0.837982736144970E+003  0.163020722661203E-004 
     17.20000000 -0.837982736144856E+003  0.163021863417469E-004 
     17.22000000 -0.837982736144743E+003  0.163022998373280E-004 
     17.24000000 -0.837982736144629E+003  0.163024133329091E-004 
     17.26000000 -0.837982736144518E+003  0.163025249916793E-004 
     17.28000000 -0.837982736144407E+003  0.163026356837069E-004 
     17.30000000 -0.837982736144297E+003  0.163027454089918E-004 
     17.32000000 -0.837982736144188E+003  0.163028549409283E-004 
     17.34000000 -0.837982736144080E+003  0.163029627327281E-004 
     17.36000000 -0.837982736143973E+003  0.163030695577852E-004 
     17.38000000 -0.837982736143867E+003  0.163031752227513E-004 
     17.40000000 -0.837982736143763E+003  0.163032799209748E-004 
     17.42000000 -0.837982736143660E+003  0.163033822023417E-004 
     17.44000000 -0.837982736143557E+003  0.163034854504513E-004 
     17.46000000 -0.837982736143456E+003  0.163035861850301E-004 
     17.48000000 -0.837982736143357E+003  0.163036858561920E-004 
     17.50000000 -0.837982736143257E+003  0.163037855273540E-004 
     17.52000000 -0.837982736143159E+003  0.163038832650307E-004 
     17.54000000 -0.837982736143063E+003  0.163039799392906E-004 
     17.56000000 -0.837982736142965E+003  0.163040774836188E-004 
     17.58000000 -0.837982736142870E+003  0.163041727077648E-004 
     17.60000000 -0.837982736142775E+003  0.163042673518652E-004 
     17.62000000 -0.837982736142681E+003  0.163043618992914E-004 
     17.64000000 -0.837982736142587E+003  0.163044554799750E-004 
     17.66000000 -0.837982736142493E+003  0.163045492540071E-004 
     17.68000000 -0.837982736142400E+003  0.163046430280391E-004 
     17.70000000 -0.837982736142307E+003  0.163047358353286E-004 
     17.72000000 -0.837982736142215E+003  0.163048278692240E-004 
     17.74000000 -0.837982736142121E+003  0.163049213532334E-004 
     17.76000000 -0.837982736142029E+003  0.163050132904545E-004 
     17.78000000 -0.837982736141936E+003  0.163051060977440E-004 
     17.80000000 -0.837982736141844E+003  0.163051989050335E-004 
     17.82000000 -0.837982736141750E+003  0.163052929690884E-004 
     17.84000000 -0.837982736141654E+003  0.163053881932343E-004 
     17.86000000 -0.837982736141561E+003  0.163054820639407E-004 
     17.88000000 -0.837982736141465E+003  0.163055770947382E-004 
     17.90000000 -0.837982736141370E+003  0.163056724155584E-004 
     17.92000000 -0.837982736141274E+003  0.163057688964698E-004 
     17.94000000 -0.837982736141178E+003  0.163058642172900E-004 
     17.96000000 -0.837982736141081E+003  0.163059614715955E-004 
     17.98000000 -0.837982736140983E+003  0.163060599826663E-004 
     18.00000000 -0.837982736140884E+003  0.163061586870856E-004 
