# Real time calculation: 
# Eall: Total energy
# Eall0: Initial total energy
# 1:Time[fs] 2:Eall[eV] 3:Eall-Eall0[eV] 
      0.00000000 -0.233326878019313E+005  0.000000000000000E+000 
      0.02000000 -0.233326878029210E+005 -0.989795929571937E-006 
      0.04000000 -0.233326878029255E+005 -0.994278521654343E-006 
      0.06000000 -0.233326878029167E+005 -0.985412331931656E-006 
      0.08000000 -0.233326878028687E+005 -0.937446431146498E-006 
      0.10000000 -0.233326878027295E+005 -0.798272619826105E-006 
      0.12000000 -0.233326878024094E+005 -0.478136968303932E-006 
      0.14000000 -0.233326878017687E+005  0.162573622577338E-006 
      0.16000000 -0.233326878006053E+005  0.132595630641285E-005 
      0.18000000 -0.233326877986420E+005  0.328921098903003E-005 
      0.20000000 -0.233326877955142E+005  0.641701463375400E-005 
      0.22000000 -0.233326877907579E+005  0.111733108807492E-004 
      0.24000000 -0.233326877837991E+005  0.181321066283636E-004 
      0.26000000 -0.233326877739442E+005  0.279870899618961E-004 
      0.28000000 -0.233326877603718E+005  0.415594878374402E-004 
      0.30000000 -0.233326877421270E+005  0.598042346730588E-004 
      0.32000000 -0.233326877181171E+005  0.838141888933034E-004 
      0.34000000 -0.233326876871088E+005  0.114822502608672E-003 
      0.36000000 -0.233326876477283E+005  0.154202940253971E-003 
      0.38000000 -0.233326875984630E+005  0.203468273022206E-003 
      0.40000000 -0.233326875376643E+005  0.264266931615006E-003 
      0.42000000 -0.233326874635532E+005  0.338378013210452E-003 
      0.44000000 -0.233326873742265E+005  0.427704735455590E-003 
      0.46000000 -0.233326872676644E+005  0.534266866485184E-003 
      0.48000000 -0.233326871417396E+005  0.660191663836687E-003 
      0.50000000 -0.233326869942270E+005  0.807704259615049E-003 
      0.52000000 -0.233326868228143E+005  0.979116965999390E-003 
      0.54000000 -0.233326866251132E+005  0.117681800534448E-002 
      0.56000000 -0.233326863986713E+005  0.140325991545672E-002 
      0.58000000 -0.233326861409839E+005  0.166094736090341E-002 
      0.60000000 -0.233326858495063E+005  0.195242499691292E-002 
      0.62000000 -0.233326855216658E+005  0.228026548795359E-002 
      0.64000000 -0.233326851548736E+005  0.264705761602634E-002 
      0.66000000 -0.233326847465360E+005  0.305539520875509E-002 
      0.68000000 -0.233326842940646E+005  0.350786666453732E-002 
      0.70000000 -0.233326837948860E+005  0.400704527274376E-002 
      0.72000000 -0.233326832464505E+005  0.455548073113217E-002 
      0.74000000 -0.233326826462395E+005  0.515569175219994E-002 
      0.76000000 -0.233326819917717E+005  0.581015955120589E-002 
      0.78000000 -0.233326812806086E+005  0.652132264586856E-002 
      0.80000000 -0.233326805103587E+005  0.729157256866936E-002 
      0.82000000 -0.233326796786807E+005  0.812325056910030E-002 
      0.84000000 -0.233326787832858E+005  0.901864540794398E-002 
      0.86000000 -0.233326778219394E+005  0.997999185070202E-002 
      0.88000000 -0.233326767924611E+005  0.110094701540613E-001 
      0.90000000 -0.233326756927247E+005  0.121092065825213E-001 
      0.92000000 -0.233326745206565E+005  0.132812747169768E-001 
      0.94000000 -0.233326732742338E+005  0.145276974655425E-001 
      0.96000000 -0.233326719514814E+005  0.158504498323039E-001 
      0.98000000 -0.233326705504690E+005  0.172514622645668E-001 
      1.00000000 -0.233326690693068E+005  0.187326244053653E-001 
      1.02000000 -0.233326675061421E+005  0.202957891089241E-001 
      1.04000000 -0.233326658591545E+005  0.219427767685715E-001 
      1.06000000 -0.233326641265518E+005  0.236753794559446E-001 
      1.08000000 -0.233326623065663E+005  0.254953649086092E-001 
      1.10000000 -0.233326603974509E+005  0.274044803135039E-001 
      1.12000000 -0.233326583974756E+005  0.294044557005926E-001 
      1.14000000 -0.233326563049244E+005  0.314970068415463E-001 
      1.16000000 -0.233326541180935E+005  0.336838377400715E-001 
      1.18000000 -0.233326518352887E+005  0.359666425128050E-001 
      1.20000000 -0.233326494548243E+005  0.383471069701310E-001 
      1.22000000 -0.233326469750218E+005  0.408269094452597E-001 
      1.24000000 -0.233326443942103E+005  0.434077209396256E-001 
      1.26000000 -0.233326417107260E+005  0.460912052311625E-001 
      1.28000000 -0.233326389229133E+005  0.488790179740727E-001 
      1.30000000 -0.233326360291258E+005  0.517728054799580E-001 
      1.32000000 -0.233326330277284E+005  0.547742028462062E-001 
      1.34000000 -0.233326299170996E+005  0.578848316358085E-001 
      1.36000000 -0.233326266956344E+005  0.611062968147194E-001 
      1.38000000 -0.233326233617480E+005  0.644401832963315E-001 
      1.40000000 -0.233326199138794E+005  0.678880518239258E-001 
      1.42000000 -0.233326163504965E+005  0.714514347634077E-001 
      1.44000000 -0.233326126701003E+005  0.751318309927190E-001 
      1.46000000 -0.233326088712305E+005  0.789307007262846E-001 
      1.48000000 -0.233326049524712E+005  0.828494600455698E-001 
      1.50000000 -0.233326009124559E+005  0.868894753430169E-001 
      1.52000000 -0.233325967498737E+005  0.910520575587131E-001 
      1.54000000 -0.233325924634748E+005  0.953384564665542E-001 
      1.56000000 -0.233325880520763E+005  0.997498549387550E-001 
      1.58000000 -0.233325835145678E+005  0.104287363457844E+000 
      1.60000000 -0.233325788499172E+005  0.108952014090378E+000 
      1.62000000 -0.233325740571760E+005  0.113744755209300E+000 
      1.64000000 -0.233325691354853E+005  0.118666445962624E+000 
      1.66000000 -0.233325640840805E+005  0.123717850754496E+000 
      1.68000000 -0.233325589022971E+005  0.128899634202665E+000 
      1.70000000 -0.233325535895753E+005  0.134212355993865E+000 
      1.72000000 -0.233325481454652E+005  0.139656466039274E+000 
      1.74000000 -0.233325425696309E+005  0.145232300332215E+000 
      1.76000000 -0.233325368618546E+005  0.150940076648087E+000 
      1.78000000 -0.233325310220399E+005  0.156779891367259E+000 
      1.80000000 -0.233325250502149E+005  0.162751716381498E+000 
      1.82000000 -0.233325189465349E+005  0.168855396374711E+000 
      1.84000000 -0.233325127112843E+005  0.175090646960615E+000 
      1.86000000 -0.233325063448777E+005  0.181457053525736E+000 
      1.88000000 -0.233324998478616E+005  0.187954069617662E+000 
      1.90000000 -0.233324932209145E+005  0.194581016750140E+000 
      1.92000000 -0.233324864648468E+005  0.201337084461860E+000 
      1.94000000 -0.233324795806015E+005  0.208221329762703E+000 
      1.96000000 -0.233324725692530E+005  0.215232678219583E+000 
      1.98000000 -0.233324654320063E+005  0.222369924940212E+000 
      2.00000000 -0.233324581701960E+005  0.229631735241302E+000 
      2.02000000 -0.233324507852847E+005  0.237016646514002E+000 
      2.04000000 -0.233324432788607E+005  0.244523070587383E+000 
      2.06000000 -0.233324356526359E+005  0.252149295371129E+000 
      2.08000000 -0.233324279084435E+005  0.259893487717097E+000 
      2.10000000 -0.233324200482346E+005  0.267753696673757E+000 
      2.12000000 -0.233324120740756E+005  0.275727855676447E+000 
      2.14000000 -0.233324039881441E+005  0.283813787181544E+000 
      2.16000000 -0.233323957927263E+005  0.292009204992842E+000 
      2.18000000 -0.233323874902128E+005  0.300311718456435E+000 
      2.20000000 -0.233323790830956E+005  0.308718835687319E+000 
      2.22000000 -0.233323705739640E+005  0.317227967229093E+000 
      2.24000000 -0.233323619655018E+005  0.325836429500205E+000 
      2.26000000 -0.233323532604830E+005  0.334541448246378E+000 
      2.28000000 -0.233323444617696E+005  0.343340161692970E+000 
      2.30000000 -0.233323355723070E+005  0.352229624278916E+000 
      2.32000000 -0.233323265951218E+005  0.361206809502822E+000 
      2.34000000 -0.233323175333180E+005  0.370268613251651E+000 
      2.36000000 -0.233323083900745E+005  0.379411856782930E+000 
      2.38000000 -0.233322991686417E+005  0.388633289549188E+000 
      2.40000000 -0.233322898723396E+005  0.397929591663532E+000 
      2.42000000 -0.233322805045546E+005  0.407297376705524E+000 
      2.44000000 -0.233322710687376E+005  0.416733193663948E+000 
      2.46000000 -0.233322615684025E+005  0.426233528786764E+000 
      2.48000000 -0.233322520071231E+005  0.435794808179717E+000 
      2.50000000 -0.233322423885321E+005  0.445413399158226E+000 
      2.52000000 -0.233322327163200E+005  0.455085611296108E+000 
      2.54000000 -0.233322229942326E+005  0.464807698643675E+000 
      2.56000000 -0.233322132260704E+005  0.474575860844509E+000 
      2.58000000 -0.233322034156876E+005  0.484386243621159E+000 
      2.60000000 -0.233321935669901E+005  0.494234941138629E+000 
      2.62000000 -0.233321836839347E+005  0.504117996573601E+000 
      2.64000000 -0.233321737705285E+005  0.514031402733144E+000 
      2.66000000 -0.233321638308270E+005  0.523971104210944E+000 
      2.68000000 -0.233321538689336E+005  0.533932997687374E+000 
      2.70000000 -0.233321438889982E+005  0.543912933012249E+000 
      2.72000000 -0.233321338952166E+005  0.553906714609312E+000 
      2.74000000 -0.233321238918287E+005  0.563910102521856E+000 
      2.76000000 -0.233321138831179E+005  0.573918813396489E+000 
      2.78000000 -0.233321038734087E+005  0.583928522506328E+000 
      2.80000000 -0.233320938670665E+005  0.593934864713103E+000 
      2.82000000 -0.233320838684948E+005  0.603933436487260E+000 
      2.84000000 -0.233320738821334E+005  0.613919797860012E+000 
      2.86000000 -0.233320639124567E+005  0.623889474604307E+000 
      2.88000000 -0.233320539639711E+005  0.633837960174501E+000 
      2.90000000 -0.233320440412131E+005  0.643760718106974E+000 
      2.92000000 -0.233320341487465E+005  0.653653184764131E+000 
      2.94000000 -0.233320242911593E+005  0.663510771914445E+000 
      2.96000000 -0.233320144730616E+005  0.673328869658982E+000 
      2.98000000 -0.233320046990820E+005  0.683102849271301E+000 
      3.00000000 -0.233319949738645E+005  0.692828066789098E+000 
      3.02000000 -0.233319853020649E+005  0.702499866386205E+000 
      3.04000000 -0.233319756883478E+005  0.712113583425947E+000 
      3.06000000 -0.233319661373822E+005  0.721664549067479E+000 
      3.08000000 -0.233319566538372E+005  0.731148094005920E+000 
      3.10000000 -0.233319472423795E+005  0.740559551723703E+000 
      3.12000000 -0.233319379076682E+005  0.749894263059782E+000 
      3.14000000 -0.233319286543529E+005  0.759147578375141E+000 
      3.16000000 -0.233319194870700E+005  0.768314861209399E+000 
      3.18000000 -0.233319104104333E+005  0.777391497926581E+000 
      3.20000000 -0.233319014290239E+005  0.786372907333046E+000 
      3.22000000 -0.233318925473805E+005  0.795254550716145E+000 
      3.24000000 -0.233318837699903E+005  0.804031940995015E+000 
      3.26000000 -0.233318751012776E+005  0.812700653622346E+000 
      3.28000000 -0.233318665455942E+005  0.821256337080886E+000 
      3.30000000 -0.233318581072049E+005  0.829694726365240E+000 
      3.32000000 -0.233318497902708E+005  0.838011660420369E+000 
      3.34000000 -0.233318415988240E+005  0.846203107230488E+000 
      3.36000000 -0.233318335367344E+005  0.854265196815150E+000 
      3.38000000 -0.233318256076608E+005  0.862194270420208E+000 
      3.40000000 -0.233318178149834E+005  0.869986947871155E+000 
      3.42000000 -0.233318101617140E+005  0.877640217240435E+000 
      3.44000000 -0.233318026503789E+005  0.885151552335281E+000 
      3.46000000 -0.233317952828689E+005  0.892519062389693E+000 
      3.48000000 -0.233317880602578E+005  0.899741673416061E+000 
      3.50000000 -0.233317809825879E+005  0.906819343313905E+000 
      3.52000000 -0.233317740486206E+005  0.913753310692404E+000 
      3.54000000 -0.233317672555656E+005  0.920546365626383E+000 
      3.56000000 -0.233317605987910E+005  0.927203140285432E+000 
      3.58000000 -0.233317540715284E+005  0.933730402823659E+000 
      3.60000000 -0.233317476645944E+005  0.940137336890495E+000 
      3.62000000 -0.233317413661430E+005  0.946435788244410E+000 
      3.64000000 -0.233317351614754E+005  0.952640455889528E+000 
      3.66000000 -0.233317290329337E+005  0.958768997582048E+000 
      3.68000000 -0.233317229599060E+005  0.964842025282682E+000 
      3.70000000 -0.233317169189661E+005  0.970882965172333E+000 
      3.72000000 -0.233317108841786E+005  0.976917752644026E+000 
      3.74000000 -0.233317048275886E+005  0.982974342651652E+000 
      3.76000000 -0.233316987199094E+005  0.989082021896583E+000 
      3.78000000 -0.233316925314227E+005  0.995270508507253E+000 
      3.80000000 -0.233316862330867E+005  0.100156884452955E+001 
      3.82000000 -0.233316797978385E+005  0.100800409278873E+001 
      3.84000000 -0.233316732020723E+005  0.101459985891169E+001 
      3.86000000 -0.233316664272497E+005  0.102137468153501E+001 
      3.88000000 -0.233316594615909E+005  0.102834034030744E+001 
      3.90000000 -0.233316523017827E+005  0.103550014853892E+001 
      3.92000000 -0.233316449546204E+005  0.104284731088591E+001 
      3.94000000 -0.233316374384913E+005  0.105036343995367E+001 
      3.96000000 -0.233316297846015E+005  0.105801732972111E+001 
      3.98000000 -0.233316220378319E+005  0.106576409935335E+001 
      4.00000000 -0.233316142571154E+005  0.107354481582249E+001 
      4.02000000 -0.233316065152221E+005  0.108128670911534E+001 
      4.04000000 -0.233315988978476E+005  0.108890408364747E+001 
      4.06000000 -0.233315915019103E+005  0.109630002092732E+001 
      4.08000000 -0.233315844329802E+005  0.110336895106681E+001 
      4.10000000 -0.233315778017813E+005  0.111000014997036E+001 
      4.12000000 -0.233315717197407E+005  0.111608219059523E+001 
      4.14000000 -0.233315662935855E+005  0.112150834571550E+001 
      4.16000000 -0.233315616190263E+005  0.112618290491830E+001 
      4.18000000 -0.233315577736052E+005  0.113002832607056E+001 
      4.20000000 -0.233315548088276E+005  0.113299310368811E+001 
      4.22000000 -0.233315527417384E+005  0.113506019287077E+001 
      4.24000000 -0.233315515461464E+005  0.113625578481630E+001 
      4.26000000 -0.233315511437392E+005  0.113665819204798E+001 
      4.28000000 -0.233315513953651E+005  0.113640656620237E+001 
      4.30000000 -0.233315520927948E+005  0.113570913645508E+001 
      4.32000000 -0.233315529512915E+005  0.113485063978990E+001 
      4.34000000 -0.233315536033368E+005  0.113419859447770E+001 
      4.36000000 -0.233315535938660E+005  0.113420806528835E+001 
      4.38000000 -0.233315523773573E+005  0.113542457399539E+001 
      4.40000000 -0.233315493171024E+005  0.113848482886915E+001 
      4.42000000 -0.233315436869573E+005  0.114411497395697E+001 
      4.44000000 -0.233315346758264E+005  0.115312610485149E+001 
      4.46000000 -0.233315213950796E+005  0.116640685169917E+001 
      4.48000000 -0.233315028890345E+005  0.118491289671279E+001 
      4.50000000 -0.233314781485568E+005  0.120965337449758E+001 
      4.52000000 -0.233314461277446E+005  0.124167418669880E+001 
      4.54000000 -0.233314057635712E+005  0.128203836006594E+001 
      4.56000000 -0.233313559982561E+005  0.133180367514423E+001 
      4.58000000 -0.233312958040318E+005  0.139199789944910E+001 
      4.60000000 -0.233312242098782E+005  0.146359205305811E+001 
      4.62000000 -0.233311403296878E+005  0.154747224342069E+001 
      4.64000000 -0.233310433912416E+005  0.164441068963851E+001 
      4.66000000 -0.233309327652881E+005  0.175503664316369E+001 
      4.68000000 -0.233308079939525E+005  0.187980797876973E+001 
      4.70000000 -0.233306688176517E+005  0.201898427960236E+001 
      4.72000000 -0.233305151996554E+005  0.217260227582618E+001 
      4.74000000 -0.233303473474323E+005  0.234045449890797E+001 
      4.76000000 -0.233301657299275E+005  0.252207200371443E+001 
      4.78000000 -0.233299710899661E+005  0.271671196518310E+001 
      4.80000000 -0.233297644510457E+005  0.292335088557729E+001 
      4.82000000 -0.233295471178745E+005  0.314068405679789E+001 
      4.84000000 -0.233293206701405E+005  0.336713179077171E+001 
      4.86000000 -0.233290869491428E+005  0.360085278843444E+001 
      4.88000000 -0.233288480370834E+005  0.383976484787986E+001 
      4.90000000 -0.233286062290081E+005  0.408157292317440E+001 
      4.92000000 -0.233283639975903E+005  0.432380434090603E+001 
      4.94000000 -0.233281239511447E+005  0.456385078651136E+001 
      4.96000000 -0.233278887854814E+005  0.479901644990089E+001 
      4.98000000 -0.233276612304073E+005  0.502657152399203E+001 
      5.00000000 -0.233274439918624E+005  0.524381006883529E+001 
      5.02000000 -0.233272396908602E+005  0.544811107107063E+001 
      5.04000000 -0.233270508005343E+005  0.563700139693710E+001 
      5.06000000 -0.233268795827033E+005  0.580821922793305E+001 
      5.08000000 -0.233267280254384E+005  0.595977649287679E+001 
      5.10000000 -0.233265977831503E+005  0.609001878097641E+001 
      5.12000000 -0.233264901207024E+005  0.619768122887600E+001 
      5.14000000 -0.233264058629969E+005  0.628193893438275E+001 
      5.16000000 -0.233263453514008E+005  0.634245053045454E+001 
      5.18000000 -0.233263084082416E+005  0.637939368968655E+001 
      5.20000000 -0.233262943104426E+005  0.639349148870289E+001 
      5.22000000 -0.233263017731891E+005  0.638602874215603E+001 
      5.24000000 -0.233263289443092E+005  0.635885762208750E+001 
      5.26000000 -0.233263734098341E+005  0.631439209717500E+001 
      5.28000000 -0.233264322109954E+005  0.625559093581357E+001 
      5.30000000 -0.233265018726872E+005  0.618592924403487E+001 
      5.32000000 -0.233265784432150E+005  0.610935871626258E+001 
      5.34000000 -0.233266575449530E+005  0.603025697822611E+001 
      5.36000000 -0.233267344353395E+005  0.595336659170523E+001 
      5.38000000 -0.233268040774618E+005  0.588372446942626E+001 
      5.40000000 -0.233268612193196E+005  0.582658261169109E+001 
      5.42000000 -0.233269004806976E+005  0.578732123365901E+001 
      5.44000000 -0.233269164464286E+005  0.577135550262407E+001 
      5.46000000 -0.233269037646850E+005  0.578403724629115E+001 
      5.48000000 -0.233268572487944E+005  0.583055313686232E+001 
      5.50000000 -0.233267719809378E+005  0.591582099344302E+001 
      5.52000000 -0.233266434159506E+005  0.604438598061853E+001 
      5.54000000 -0.233264674833214E+005  0.622031860981207E+001 
      5.56000000 -0.233262406853631E+005  0.644711656814845E+001 
      5.58000000 -0.233259601894334E+005  0.672761249780571E+001 
      5.60000000 -0.233256239120141E+005  0.706388991715528E+001 
      5.62000000 -0.233252305924195E+005  0.745720951179272E+001 
      5.64000000 -0.233247798539300E+005  0.790794800124386E+001 
      5.66000000 -0.233242722502189E+005  0.841555171234101E+001 
      5.68000000 -0.233237092950909E+005  0.897850684032730E+001 
      5.70000000 -0.233230934737788E+005  0.959432815248959E+001 
      5.72000000 -0.233224282343585E+005  0.102595675727863E+002 
      5.74000000 -0.233217179582383E+005  0.109698436929474E+002 
      5.76000000 -0.233209679091650E+005  0.117198927662629E+002 
      5.78000000 -0.233201841607423E+005  0.125036411889555E+002 
      5.80000000 -0.233193735030802E+005  0.133142988510709E+002 
      5.82000000 -0.233185433298606E+005  0.141444720706947E+002 
      5.84000000 -0.233177015077854E+005  0.149862941458589E+002 
      5.86000000 -0.233168562310580E+005  0.158315708732686E+002 
      5.88000000 -0.233160158641769E+005  0.166719377543903E+002 
      5.90000000 -0.233151887769119E+005  0.174990250193572E+002 
      5.92000000 -0.233143831757674E+005  0.183046261638621E+002 
      5.94000000 -0.233136069365918E+005  0.190808653394229E+002 
      5.96000000 -0.233128674431402E+005  0.198203587910992E+002 
      5.98000000 -0.233121714363819E+005  0.205163655493785E+002 
      6.00000000 -0.233115248791192E+005  0.211629228120548E+002 
      6.02000000 -0.233109328400730E+005  0.217549618582377E+002 
      6.04000000 -0.233103994009582E+005  0.222884009730029E+002 
      6.06000000 -0.233099275892912E+005  0.227602126400987E+002 
      6.08000000 -0.233095193387422E+005  0.231684631890161E+002 
      6.10000000 -0.233091754777932E+005  0.235123241380623E+002 
      6.12000000 -0.233088957463863E+005  0.237920555449872E+002 
      6.14000000 -0.233086788391818E+005  0.240089627494527E+002 
      6.16000000 -0.233085224730067E+005  0.241653289245158E+002 
      6.18000000 -0.233084234752076E+005  0.242643267236925E+002 
      6.20000000 -0.233083778889051E+005  0.243099130261382E+002 
      6.22000000 -0.233083810906551E+005  0.243067112761324E+002 
      6.24000000 -0.233084279157695E+005  0.242598861617330E+002 
      6.26000000 -0.233085127865905E+005  0.241750153407785E+002 
      6.28000000 -0.233086298392486E+005  0.240579626826692E+002 
      6.30000000 -0.233087730449614E+005  0.239147569698648E+002 
      6.32000000 -0.233089363226187E+005  0.237514793125320E+002 
      6.34000000 -0.233091136402190E+005  0.235741617122038E+002 
      6.36000000 -0.233092991036427E+005  0.233886982885381E+002 
      6.38000000 -0.233094870321532E+005  0.232007697780727E+002 
      6.40000000 -0.233096720208739E+005  0.230157810574036E+002 
      6.42000000 -0.233098489912274E+005  0.228388107038398E+002 
      6.44000000 -0.233100132308949E+005  0.226745710363467E+002 
      6.46000000 -0.233101604252180E+005  0.225273767132342E+002 
      6.48000000 -0.233102866821317E+005  0.224011197995556E+002 
      6.50000000 -0.233103885526458E+005  0.222992492854519E+002 
      6.52000000 -0.233104630486501E+005  0.222247532811469E+002 
      6.54000000 -0.233105076594027E+005  0.221801425285633E+002 
      6.56000000 -0.233105203675389E+005  0.221674343923191E+002 
      6.58000000 -0.233104996648559E+005  0.221881370753878E+002 
      6.60000000 -0.233104445675406E+005  0.222432343906299E+002 
      6.62000000 -0.233103546299736E+005  0.223331719576594E+002 
      6.64000000 -0.233102299557943E+005  0.224578461369645E+002 
      6.66000000 -0.233100712046065E+005  0.226165973247599E+002 
      6.68000000 -0.233098795925445E+005  0.228082093867353E+002 
      6.70000000 -0.233096568849280E+005  0.230309170032087E+002 
      6.72000000 -0.233094053794115E+005  0.232824225197181E+002 
      6.74000000 -0.233091278783489E+005  0.235599235823445E+002 
      6.76000000 -0.233088276495397E+005  0.238601523915419E+002 
      6.78000000 -0.233085083750629E+005  0.241794268683734E+002 
      6.80000000 -0.233081740884826E+005  0.245137134486722E+002 
      6.82000000 -0.233078291013208E+005  0.248587006104548E+002 
      6.84000000 -0.233074779202650E+005  0.252098816662462E+002 
      6.86000000 -0.233071251571008E+005  0.255626448304290E+002 
      6.88000000 -0.233067754337840E+005  0.259123681472351E+002 
      6.90000000 -0.233064332853886E+005  0.262545165426846E+002 
      6.92000000 -0.233061030638543E+005  0.265847380769907E+002 
      6.94000000 -0.233057888455144E+005  0.268989564168578E+002 
      6.96000000 -0.233054943452921E+005  0.271934566391803E+002 
      6.98000000 -0.233052228402556E+005  0.274649616756800E+002 
      7.00000000 -0.233049771048891E+005  0.277106970421577E+002 
      7.02000000 -0.233047593600123E+005  0.279284419189413E+002 
      7.04000000 -0.233045712367863E+005  0.281165651449160E+002 
      7.06000000 -0.233044137566976E+005  0.282740452336244E+002 
      7.08000000 -0.233042873278330E+005  0.284004740982142E+002 
      7.10000000 -0.233041917572007E+005  0.284960447305532E+002 
      7.12000000 -0.233041262782905E+005  0.285615236407767E+002 
      7.14000000 -0.233040895925834E+005  0.285982093478854E+002 
      7.16000000 -0.233040799232820E+005  0.286078786492588E+002 
      7.18000000 -0.233040950791827E+005  0.285927227485314E+002 
      7.20000000 -0.233041325263515E+005  0.285552755797438E+002 
      7.22000000 -0.233041894651093E+005  0.284983368219203E+002 
      7.24000000 -0.233042629097715E+005  0.284248921597104E+002 
      7.26000000 -0.233043497686204E+005  0.283380333108256E+002 
      7.28000000 -0.233044469217332E+005  0.282408801980618E+002 
      7.30000000 -0.233045512944890E+005  0.281365074422889E+002 
      7.32000000 -0.233046599248699E+005  0.280278770613390E+002 
      7.34000000 -0.233047700229996E+005  0.279177789316580E+002 
      7.36000000 -0.233048790217322E+005  0.278087801990618E+002 
      7.38000000 -0.233049846174960E+005  0.277031844352781E+002 
      7.40000000 -0.233050848009751E+005  0.276030009561849E+002 
      7.42000000 -0.233051778775827E+005  0.275099243485370E+002 
      7.44000000 -0.233052624780187E+005  0.274253239125129E+002 
      7.46000000 -0.233053375594980E+005  0.273502424332768E+002 
      7.48000000 -0.233054023984755E+005  0.272854034557891E+002 
      7.50000000 -0.233054565758887E+005  0.272312260425243E+002 
      7.52000000 -0.233054999560636E+005  0.271878458676729E+002 
      7.54000000 -0.233055326605063E+005  0.271551414249433E+002 
      7.56000000 -0.233055550378258E+005  0.271327641054539E+002 
      7.58000000 -0.233055676310084E+005  0.271201709228737E+002 
      7.60000000 -0.233055711432052E+005  0.271166587260437E+002 
      7.62000000 -0.233055664030979E+005  0.271213988333336E+002 
      7.64000000 -0.233055543307977E+005  0.271334711335878E+002 
      7.66000000 -0.233055359051011E+005  0.271518968301956E+002 
      7.68000000 -0.233055121327929E+005  0.271756691383426E+002 
      7.70000000 -0.233054840205476E+005  0.272037813836057E+002 
      7.72000000 -0.233054525498521E+005  0.272352520791568E+002 
      7.74000000 -0.233054186552409E+005  0.272691466903998E+002 
      7.76000000 -0.233053832060286E+005  0.273045959026960E+002 
      7.78000000 -0.233053469916130E+005  0.273408103182774E+002 
      7.80000000 -0.233053107103325E+005  0.273770915987390E+002 
      7.82000000 -0.233052749617846E+005  0.274128401466427E+002 
      7.84000000 -0.233052402424395E+005  0.274475594917756E+002 
      7.86000000 -0.233052069443257E+005  0.274808576055327E+002 
      7.88000000 -0.233051753565215E+005  0.275124454097672E+002 
      7.90000000 -0.233051456691411E+005  0.275421327901820E+002 
      7.92000000 -0.233051179794810E+005  0.275698224502938E+002 
      7.94000000 -0.233050922999687E+005  0.275955019625353E+002 
      7.96000000 -0.233050685675478E+005  0.276192343834210E+002 
      7.98000000 -0.233050466541222E+005  0.276411478090304E+002 
      8.00000000 -0.233050263776967E+005  0.276614242345697E+002 
      8.02000000 -0.233050075138552E+005  0.276802880760091E+002 
      8.04000000 -0.233049898072414E+005  0.276979946898864E+002 
      8.06000000 -0.233049729827301E+005  0.277148192011901E+002 
      8.08000000 -0.233049567560153E+005  0.277310459159720E+002 
      8.10000000 -0.233049408433710E+005  0.277469585602381E+002 
      8.12000000 -0.233049249703896E+005  0.277628315416726E+002 
      8.14000000 -0.233049088795419E+005  0.277789223893235E+002 
      8.16000000 -0.233048923364526E+005  0.277954654786796E+002 
      8.18000000 -0.233048751348292E+005  0.278126671020500E+002 
      8.20000000 -0.233048571000285E+005  0.278307019027504E+002 
      8.22000000 -0.233048380912847E+005  0.278497106465156E+002 
      8.24000000 -0.233048180026686E+005  0.278697992626237E+002 
      8.26000000 -0.233047967628751E+005  0.278910390561341E+002 
      8.28000000 -0.233047743339673E+005  0.279134679639537E+002 
      8.30000000 -0.233047507092305E+005  0.279370927007208E+002 
      8.32000000 -0.233047259103006E+005  0.279618916306402E+002 
      8.34000000 -0.233046999837432E+005  0.279878181880379E+002 
      8.36000000 -0.233046729972596E+005  0.280148046716111E+002 
      8.38000000 -0.233046450356917E+005  0.280427662395838E+002 
      8.40000000 -0.233046161969849E+005  0.280716049463911E+002 
      8.42000000 -0.233045865882563E+005  0.281012136749049E+002 
      8.44000000 -0.233045563220898E+005  0.281314798414655E+002 
      8.46000000 -0.233045255131595E+005  0.281622887717186E+002 
      8.48000000 -0.233044942752612E+005  0.281935266700217E+002 
      8.50000000 -0.233044627187991E+005  0.282250831321301E+002 
      8.52000000 -0.233044309487580E+005  0.282568531732996E+002 
      8.54000000 -0.233043990631627E+005  0.282887387685345E+002 
      8.56000000 -0.233043671520111E+005  0.283206499201189E+002 
      8.58000000 -0.233043352966420E+005  0.283525052892941E+002 
      8.60000000 -0.233043035694948E+005  0.283842324364255E+002 
      8.62000000 -0.233042720342017E+005  0.284157677295439E+002 
      8.64000000 -0.233042407459445E+005  0.284470559867713E+002 
      8.66000000 -0.233042097520163E+005  0.284780499149361E+002 
      8.68000000 -0.233041790925179E+005  0.285087094133572E+002 
      8.70000000 -0.233041488011287E+005  0.285390008025292E+002 
      8.72000000 -0.233041189058991E+005  0.285688960321047E+002 
      8.74000000 -0.233040894300177E+005  0.285983719135080E+002 
      8.76000000 -0.233040603925156E+005  0.286274094156855E+002 
      8.78000000 -0.233040318088840E+005  0.286559930472786E+002 
      8.80000000 -0.233040036915909E+005  0.286841103403611E+002 
      8.82000000 -0.233039760504866E+005  0.287117514446117E+002 
      8.84000000 -0.233039488931070E+005  0.287389088242671E+002 
      8.86000000 -0.233039222248825E+005  0.287655770487491E+002 
      8.88000000 -0.233038960492707E+005  0.287917526605808E+002 
      8.90000000 -0.233038703678319E+005  0.288174340993655E+002 
      8.92000000 -0.233038451802795E+005  0.288426216517199E+002 
      8.94000000 -0.233038204845915E+005  0.288673173397230E+002 
      8.96000000 -0.233037962771901E+005  0.288915247411175E+002 
      8.98000000 -0.233037725530876E+005  0.289152488436240E+002 
      9.00000000 -0.233037493060235E+005  0.289384959077808E+002 
      9.02000000 -0.233037265285997E+005  0.289612733315849E+002 
      9.04000000 -0.233037042124109E+005  0.289835895203481E+002 
      9.06000000 -0.233036823481690E+005  0.290054537622829E+002 
      9.08000000 -0.233036609258224E+005  0.290268761088176E+002 
      9.10000000 -0.233036399346695E+005  0.290478672617216E+002 
      9.12000000 -0.233036193634630E+005  0.290684384682301E+002 
      9.14000000 -0.233035992005093E+005  0.290886014219067E+002 
      9.16000000 -0.233035794337601E+005  0.291083681711330E+002 
      9.18000000 -0.233035600508966E+005  0.291277510346382E+002 
      9.20000000 -0.233035410394094E+005  0.291467625218395E+002 
      9.22000000 -0.233035223866751E+005  0.291654152561833E+002 
      9.24000000 -0.233035040800304E+005  0.291837219008654E+002 
      9.26000000 -0.233034861068481E+005  0.292016950831621E+002 
      9.28000000 -0.233034684546160E+005  0.292193473152314E+002 
      9.30000000 -0.233034511110218E+005  0.292366909094516E+002 
      9.32000000 -0.233034340640449E+005  0.292537378863897E+002 
      9.34000000 -0.233034173020553E+005  0.292704998759407E+002 
      9.36000000 -0.233034008139202E+005  0.292869880110875E+002 
      9.38000000 -0.233033845891141E+005  0.293032128171637E+002 
      9.40000000 -0.233033686178318E+005  0.293191840994667E+002 
      9.42000000 -0.233033528910992E+005  0.293349108320437E+002 
      9.44000000 -0.233033374008779E+005  0.293504010533671E+002 
      9.46000000 -0.233033221401588E+005  0.293656617724477E+002 
      9.48000000 -0.233033071030421E+005  0.293806988891284E+002 
      9.50000000 -0.233032922847986E+005  0.293955171326365E+002 
      9.52000000 -0.233032776819109E+005  0.294101200203159E+002 
      9.54000000 -0.233032632920931E+005  0.294245098381121E+002 
      9.56000000 -0.233032491142872E+005  0.294386876440406E+002 
      9.58000000 -0.233032351486380E+005  0.294526532932725E+002 
      9.60000000 -0.233032213964470E+005  0.294664054842475E+002 
      9.62000000 -0.233032078601047E+005  0.294799418265591E+002 
      9.64000000 -0.233031945430056E+005  0.294932589256076E+002 
      9.66000000 -0.233031814494460E+005  0.295063524852908E+002 
      9.68000000 -0.233031685845049E+005  0.295192174263215E+002 
      9.70000000 -0.233031559539139E+005  0.295318480173144E+002 
      9.72000000 -0.233031435639132E+005  0.295442380180403E+002 
      9.74000000 -0.233031314210989E+005  0.295563808324007E+002 
      9.76000000 -0.233031195322634E+005  0.295682696678763E+002 
      9.78000000 -0.233031079042322E+005  0.295798976990108E+002 
      9.80000000 -0.233030965437000E+005  0.295912582312308E+002 
      9.82000000 -0.233030854570707E+005  0.296023448605177E+002 
      9.84000000 -0.233030746503056E+005  0.296131516256056E+002 
      9.86000000 -0.233030641287837E+005  0.296236731475079E+002 
      9.88000000 -0.233030538971777E+005  0.296339047535136E+002 
      9.90000000 -0.233030439593512E+005  0.296438425800521E+002 
      9.92000000 -0.233030343182772E+005  0.296534836540080E+002 
      9.94000000 -0.233030249759823E+005  0.296628259489247E+002 
      9.96000000 -0.233030159335152E+005  0.296718684160087E+002 
      9.98000000 -0.233030071909414E+005  0.296806109898680E+002 
     10.00000000 -0.233029987473592E+005  0.296890545720079E+002 
     10.02000000 -0.233029906009388E+005  0.296972009924892E+002 
     10.04000000 -0.233029827489759E+005  0.297050529553140E+002 
     10.06000000 -0.233029751879606E+005  0.297126139706953E+002 
     10.08000000 -0.233029679136527E+005  0.297198882785219E+002 
     10.10000000 -0.233029609211640E+005  0.297268807672538E+002 
     10.12000000 -0.233029542050388E+005  0.297335968924157E+002 
     10.14000000 -0.233029477593333E+005  0.297400425979838E+002 
     10.16000000 -0.233029415776885E+005  0.297462242427575E+002 
     10.18000000 -0.233029356533975E+005  0.297521485337775E+002 
     10.20000000 -0.233029299794639E+005  0.297578224673461E+002 
     10.22000000 -0.233029245486529E+005  0.297632532784008E+002 
     10.24000000 -0.233029193535354E+005  0.297684483958497E+002 
     10.26000000 -0.233029143865263E+005  0.297734154049624E+002 
     10.28000000 -0.233029096399179E+005  0.297781620133843E+002 
     10.30000000 -0.233029051059108E+005  0.297826960204948E+002 
     10.32000000 -0.233029007766434E+005  0.297870252878073E+002 
     10.34000000 -0.233028966442220E+005  0.297911577092812E+002 
     10.36000000 -0.233028927007520E+005  0.297951011792157E+002 
     10.38000000 -0.233028889383724E+005  0.297988635588585E+002 
     10.40000000 -0.233028853492923E+005  0.298024526389299E+002 
     10.42000000 -0.233028819258317E+005  0.298058760995735E+002 
     10.44000000 -0.233028786604635E+005  0.298091414677140E+002 
     10.46000000 -0.233028755458585E+005  0.298122560727979E+002 
     10.48000000 -0.233028725749294E+005  0.298152270018961E+002 
     10.50000000 -0.233028697408750E+005  0.298180610562731E+002 
     10.52000000 -0.233028670372201E+005  0.298207647111277E+002 
     10.54000000 -0.233028644578510E+005  0.298233440802267E+002 
     10.56000000 -0.233028619970440E+005  0.298258048872708E+002 
     10.58000000 -0.233028596494856E+005  0.298281524456198E+002 
     10.60000000 -0.233028574102843E+005  0.298303916469139E+002 
     10.62000000 -0.233028552749710E+005  0.298325269602323E+002 
     10.64000000 -0.233028532394906E+005  0.298345624406474E+002 
     10.66000000 -0.233028513001837E+005  0.298365017475196E+002 
     10.68000000 -0.233028494537600E+005  0.298383481712508E+002 
     10.70000000 -0.233028476972641E+005  0.298401046671594E+002 
     10.72000000 -0.233028460280368E+005  0.298417738944340E+002 
     10.74000000 -0.233028444436720E+005  0.298433582592150E+002 
     10.76000000 -0.233028429419719E+005  0.298448599593274E+002 
     10.78000000 -0.233028415209020E+005  0.298462810292556E+002 
     10.80000000 -0.233028401785471E+005  0.298476233841120E+002 
     10.82000000 -0.233028389130700E+005  0.298488888612180E+002 
     10.84000000 -0.233028377226727E+005  0.298500792585137E+002 
     10.86000000 -0.233028366055620E+005  0.298511963692309E+002 
     10.88000000 -0.233028355599195E+005  0.298522420117830E+002 
     10.90000000 -0.233028345838760E+005  0.298532180552283E+002 
     10.92000000 -0.233028336754916E+005  0.298541264396878E+002 
     10.94000000 -0.233028328327399E+005  0.298549691914015E+002 
     10.96000000 -0.233028320534982E+005  0.298557484330235E+002 
     10.98000000 -0.233028313355424E+005  0.298564663888847E+002 
     11.00000000 -0.233028306765457E+005  0.298571253856021E+002 
     11.02000000 -0.233028300740831E+005  0.298577278481961E+002 
     11.04000000 -0.233028295256384E+005  0.298582762928671E+002 
     11.06000000 -0.233028290286147E+005  0.298587733165489E+002 
     11.08000000 -0.233028285803474E+005  0.298592215838870E+002 
     11.10000000 -0.233028281781186E+005  0.298596238126379E+002 
     11.12000000 -0.233028278191735E+005  0.298599827577117E+002 
     11.14000000 -0.233028275007366E+005  0.298603011946804E+002 
     11.16000000 -0.233028272200285E+005  0.298605819027946E+002 
     11.18000000 -0.233028269742830E+005  0.298608276482312E+002 
     11.20000000 -0.233028267607639E+005  0.298610411673140E+002 
     11.22000000 -0.233028265767811E+005  0.298612251501799E+002 
     11.24000000 -0.233028264197064E+005  0.298613822248531E+002 
     11.26000000 -0.233028262869892E+005  0.298615149420210E+002 
     11.28000000 -0.233028261761709E+005  0.298616257603500E+002 
     11.30000000 -0.233028260848981E+005  0.298617170331824E+002 
     11.32000000 -0.233028260109352E+005  0.298617909961033E+002 
     11.34000000 -0.233028259521748E+005  0.298618497564973E+002 
     11.36000000 -0.233028259066464E+005  0.298618952848270E+002 
     11.38000000 -0.233028258725229E+005  0.298619294083349E+002 
     11.40000000 -0.233028258481244E+005  0.298619538068702E+002 
     11.42000000 -0.233028258319196E+005  0.298619700116355E+002 
     11.44000000 -0.233028258225251E+005  0.298619794061276E+002 
     11.46000000 -0.233028258187017E+005  0.298619832295714E+002 
     11.48000000 -0.233028258193489E+005  0.298619825824045E+002 
     11.50000000 -0.233028258234979E+005  0.298619784334020E+002 
     11.52000000 -0.233028258303030E+005  0.298619716282704E+002 
     11.54000000 -0.233028258390326E+005  0.298619628986682E+002 
     11.56000000 -0.233028258490591E+005  0.298619528721183E+002 
     11.58000000 -0.233028258598498E+005  0.298619420814549E+002 
     11.60000000 -0.233028258709571E+005  0.298619309741919E+002 
     11.62000000 -0.233028258820101E+005  0.298619199211624E+002 
     11.64000000 -0.233028258927068E+005  0.298619092244355E+002 
     11.66000000 -0.233028259028068E+005  0.298618991244069E+002 
     11.68000000 -0.233028259121254E+005  0.298618898058620E+002 
     11.70000000 -0.233028259205277E+005  0.298618814035788E+002 
     11.72000000 -0.233028259279246E+005  0.298618740066399E+002 
     11.74000000 -0.233028259342684E+005  0.298618676628842E+002 
     11.76000000 -0.233028259395487E+005  0.298618623825547E+002 
     11.78000000 -0.233028259437893E+005  0.298618581419453E+002 
     11.80000000 -0.233028259470441E+005  0.298618548871874E+002 
     11.82000000 -0.233028259493930E+005  0.298618525382411E+002 
     11.84000000 -0.233028259509378E+005  0.298618509934731E+002 
     11.86000000 -0.233028259517967E+005  0.298618501345323E+002 
     11.88000000 -0.233028259520991E+005  0.298618498321847E+002 
     11.90000000 -0.233028259519788E+005  0.298618499524444E+002 
     11.92000000 -0.233028259515677E+005  0.298618503635312E+002 
     11.94000000 -0.233028259509882E+005  0.298618509430230E+002 
     11.96000000 -0.233028259503458E+005  0.298618515854072E+002 
     11.98000000 -0.233028259497217E+005  0.298618522095424E+002 
     12.00000000 -0.233028259491652E+005  0.298618527660459E+002 
     12.02000000 -0.233028259486554E+005  0.298618532758734E+002 
     12.04000000 -0.233028259481494E+005  0.298618537818062E+002 
     12.06000000 -0.233028259476470E+005  0.298618542842896E+002 
     12.08000000 -0.233028259471479E+005  0.298618547833917E+002 
     12.10000000 -0.233028259466522E+005  0.298618552790940E+002 
     12.12000000 -0.233028259461600E+005  0.298618557712944E+002 
     12.14000000 -0.233028259456714E+005  0.298618562598629E+002 
     12.16000000 -0.233028259451866E+005  0.298618567446325E+002 
     12.18000000 -0.233028259447057E+005  0.298618572255846E+002 
     12.20000000 -0.233028259442284E+005  0.298618577028183E+002 
     12.22000000 -0.233028259437548E+005  0.298618581764479E+002 
     12.24000000 -0.233028259432845E+005  0.298618586467983E+002 
     12.26000000 -0.233028259428170E+005  0.298618591142377E+002 
     12.28000000 -0.233028259423521E+005  0.298618595791125E+002 
     12.30000000 -0.233028259418895E+005  0.298618600417414E+002 
     12.32000000 -0.233028259414289E+005  0.298618605023533E+002 
     12.34000000 -0.233028259409702E+005  0.298618609610595E+002 
     12.36000000 -0.233028259405135E+005  0.298618614177734E+002 
     12.38000000 -0.233028259400590E+005  0.298618618722878E+002 
     12.40000000 -0.233028259396070E+005  0.298618623242624E+002 
     12.42000000 -0.233028259391580E+005  0.298618627732517E+002 
     12.44000000 -0.233028259387124E+005  0.298618632188567E+002 
     12.46000000 -0.233028259382706E+005  0.298618636606379E+002 
     12.48000000 -0.233028259378330E+005  0.298618640982954E+002 
     12.50000000 -0.233028259373996E+005  0.298618645316900E+002 
     12.52000000 -0.233028259369704E+005  0.298618649608526E+002 
     12.54000000 -0.233028259365452E+005  0.298618653860244E+002 
     12.56000000 -0.233028259361236E+005  0.298618658076696E+002 
     12.58000000 -0.233028259357049E+005  0.298618662264006E+002 
     12.60000000 -0.233028259352883E+005  0.298618666429166E+002 
     12.62000000 -0.233028259348733E+005  0.298618670579880E+002 
     12.64000000 -0.233028259344589E+005  0.298618674723323E+002 
     12.66000000 -0.233028259340447E+005  0.298618678865188E+002 
     12.68000000 -0.233028259336302E+005  0.298618683010581E+002 
     12.70000000 -0.233028259332151E+005  0.298618687161665E+002 
     12.72000000 -0.233028259327994E+005  0.298618691319030E+002 
     12.74000000 -0.233028259323832E+005  0.298618695480323E+002 
     12.76000000 -0.233028259319671E+005  0.298618699642018E+002 
     12.78000000 -0.233028259315514E+005  0.298618703798176E+002 
     12.80000000 -0.233028259311370E+005  0.298618707942671E+002 
     12.82000000 -0.233028259307243E+005  0.298618712069286E+002 
     12.84000000 -0.233028259303140E+005  0.298618716172234E+002 
     12.86000000 -0.233028259299065E+005  0.298618720248021E+002 
     12.88000000 -0.233028259295017E+005  0.298618724295037E+002 
     12.90000000 -0.233028259290998E+005  0.298618728314304E+002 
     12.92000000 -0.233028259287003E+005  0.298618732309473E+002 
     12.94000000 -0.233028259283026E+005  0.298618736286605E+002 
     12.96000000 -0.233028259279059E+005  0.298618740253189E+002 
     12.98000000 -0.233028259275095E+005  0.298618744217792E+002 
     13.00000000 -0.233028259271123E+005  0.298618748189388E+002 
     13.02000000 -0.233028259267137E+005  0.298618752175987E+002 
     13.04000000 -0.233028259263128E+005  0.298618756184241E+002 
     13.06000000 -0.233028259259093E+005  0.298618760219378E+002 
     13.08000000 -0.233028259255029E+005  0.298618764283842E+002 
     13.10000000 -0.233028259250934E+005  0.298618768378562E+002 
     13.12000000 -0.233028259246810E+005  0.298618772502361E+002 
     13.14000000 -0.233028259242661E+005  0.298618776651837E+002 
     13.16000000 -0.233028259238490E+005  0.298618780822813E+002 
     13.18000000 -0.233028259234303E+005  0.298618785009844E+002 
     13.20000000 -0.233028259230105E+005  0.298618789207240E+002 
     13.22000000 -0.233028259225904E+005  0.298618793408811E+002 
     13.24000000 -0.233028259221704E+005  0.298618797608991E+002 
     13.26000000 -0.233028259217510E+005  0.298618801802241E+002 
     13.28000000 -0.233028259213328E+005  0.298618805984880E+002 
     13.30000000 -0.233028259209159E+005  0.298618810153690E+002 
     13.32000000 -0.233028259205006E+005  0.298618814306847E+002 
     13.34000000 -0.233028259200868E+005  0.298618818444196E+002 
     13.36000000 -0.233028259196746E+005  0.298618822567006E+002 
     13.38000000 -0.233028259192635E+005  0.298618826677348E+002 
     13.40000000 -0.233028259188534E+005  0.298618830778935E+002 
     13.42000000 -0.233028259184437E+005  0.298618834875077E+002 
     13.44000000 -0.233028259180343E+005  0.298618838969518E+002 
     13.46000000 -0.233028259176247E+005  0.298618843065166E+002 
     13.48000000 -0.233028259172148E+005  0.298618847164062E+002 
     13.50000000 -0.233028259168046E+005  0.298618851266670E+002 
     13.52000000 -0.233028259163941E+005  0.298618855371660E+002 
     13.54000000 -0.233028259159836E+005  0.298618859476341E+002 
     13.56000000 -0.233028259155736E+005  0.298618863576258E+002 
     13.58000000 -0.233028259151647E+005  0.298618867666027E+002 
     13.60000000 -0.233028259147572E+005  0.298618871740267E+002 
     13.62000000 -0.233028259143519E+005  0.298618875793873E+002 
     13.64000000 -0.233028259139490E+005  0.298618879822359E+002 
     13.66000000 -0.233028259135489E+005  0.298618883823343E+002 
     13.68000000 -0.233028259131517E+005  0.298618887795743E+002 
     13.70000000 -0.233028259127572E+005  0.298618891740176E+002 
     13.72000000 -0.233028259123654E+005  0.298618895658748E+002 
     13.74000000 -0.233028259119758E+005  0.298618899554055E+002 
     13.76000000 -0.233028259115883E+005  0.298618903429440E+002 
     13.78000000 -0.233028259112025E+005  0.298618907287501E+002 
     13.80000000 -0.233028259108182E+005  0.298618911130310E+002 
     13.82000000 -0.233028259104354E+005  0.298618914958828E+002 
     13.84000000 -0.233028259100540E+005  0.298618918772248E+002 
     13.86000000 -0.233028259096744E+005  0.298618922568623E+002 
     13.88000000 -0.233028259092968E+005  0.298618926344983E+002 
     13.90000000 -0.233028259089215E+005  0.298618930097584E+002 
     13.92000000 -0.233028259085490E+005  0.298618933822683E+002 
     13.94000000 -0.233028259081796E+005  0.298618937516846E+002 
     13.96000000 -0.233028259078135E+005  0.298618941177629E+002 
     13.98000000 -0.233028259074509E+005  0.298618944803672E+002 
     14.00000000 -0.233028259070918E+005  0.298618948394819E+002 
     14.02000000 -0.233028259067361E+005  0.298618951951937E+002 
     14.04000000 -0.233028259063836E+005  0.298618955476603E+002 
     14.06000000 -0.233028259060342E+005  0.298618958970396E+002 
     14.08000000 -0.233028259056877E+005  0.298618962435696E+002 
     14.10000000 -0.233028259053439E+005  0.298618965873897E+002 
     14.12000000 -0.233028259050026E+005  0.298618969286854E+002 
     14.14000000 -0.233028259046636E+005  0.298618972676052E+002 
     14.16000000 -0.233028259043269E+005  0.298618976043101E+002 
     14.18000000 -0.233028259039922E+005  0.298618979390072E+002 
     14.20000000 -0.233028259036594E+005  0.298618982718513E+002 
     14.22000000 -0.233028259033282E+005  0.298618986030928E+002 
     14.24000000 -0.233028259029984E+005  0.298618989328774E+002 
     14.26000000 -0.233028259026698E+005  0.298618992614275E+002 
     14.28000000 -0.233028259023424E+005  0.298618995888578E+002 
     14.30000000 -0.233028259020160E+005  0.298618999152796E+002 
     14.32000000 -0.233028259016904E+005  0.298619002408043E+002 
     14.34000000 -0.233028259013657E+005  0.298619005655432E+002 
     14.36000000 -0.233028259010416E+005  0.298619008896139E+002 
     14.38000000 -0.233028259007181E+005  0.298619012131710E+002 
     14.40000000 -0.233028259003948E+005  0.298619015364374E+002 
     14.42000000 -0.233028259000717E+005  0.298619018595614E+002 
     14.44000000 -0.233028258997485E+005  0.298619021827628E+002 
     14.46000000 -0.233028258994252E+005  0.298619025060694E+002 
     14.48000000 -0.233028258991018E+005  0.298619028294842E+002 
     14.50000000 -0.233028258987784E+005  0.298619031528186E+002 
     14.52000000 -0.233028258984555E+005  0.298619034757632E+002 
     14.54000000 -0.233028258981333E+005  0.298619037979190E+002 
     14.56000000 -0.233028258978124E+005  0.298619041188497E+002 
     14.58000000 -0.233028258974931E+005  0.298619044381439E+002 
     14.60000000 -0.233028258971757E+005  0.298619047555201E+002 
     14.62000000 -0.233028258968604E+005  0.298619050708421E+002 
     14.64000000 -0.233028258965471E+005  0.298619053841936E+002 
     14.66000000 -0.233028258962354E+005  0.298619056958497E+002 
     14.68000000 -0.233028258959250E+005  0.298619060062499E+002 
     14.70000000 -0.233028258956153E+005  0.298619063159262E+002 
     14.72000000 -0.233028258953058E+005  0.298619066254199E+002 
     14.74000000 -0.233028258949960E+005  0.298619069352230E+002 
     14.76000000 -0.233028258946856E+005  0.298619072456201E+002 
     14.78000000 -0.233028258943745E+005  0.298619075567101E+002 
     14.80000000 -0.233028258940630E+005  0.298619078683013E+002 
     14.82000000 -0.233028258937513E+005  0.298619081799389E+002 
     14.84000000 -0.233028258934403E+005  0.298619084909392E+002 
     14.86000000 -0.233028258931308E+005  0.298619088004639E+002 
     14.88000000 -0.233028258928236E+005  0.298619091076066E+002 
     14.90000000 -0.233028258925198E+005  0.298619094114947E+002 
     14.92000000 -0.233028258922198E+005  0.298619097114293E+002 
     14.94000000 -0.233028258919243E+005  0.298619100069092E+002 
     14.96000000 -0.233028258916334E+005  0.298619102978539E+002 
     14.98000000 -0.233028258913468E+005  0.298619105844799E+002 
     15.00000000 -0.233028258910639E+005  0.298619108673751E+002 
     15.02000000 -0.233028258907838E+005  0.298619111474706E+002 
     15.04000000 -0.233028258905054E+005  0.298619114258770E+002 
     15.06000000 -0.233028258902275E+005  0.298619117037853E+002 
     15.08000000 -0.233028258899489E+005  0.298619119823804E+002 
     15.10000000 -0.233028258896687E+005  0.298619122625904E+002 
     15.12000000 -0.233028258893861E+005  0.298619125451576E+002 
     15.14000000 -0.233028258891009E+005  0.298619128303854E+002 
     15.16000000 -0.233028258888129E+005  0.298619131183664E+002 
     15.18000000 -0.233028258885224E+005  0.298619134088161E+002 
     15.20000000 -0.233028258882300E+005  0.298619137012704E+002 
     15.22000000 -0.233028258879361E+005  0.298619139951911E+002 
     15.24000000 -0.233028258876413E+005  0.298619142899780E+002 
     15.26000000 -0.233028258873462E+005  0.298619145850928E+002 
     15.28000000 -0.233028258870512E+005  0.298619148800715E+002 
     15.30000000 -0.233028258867567E+005  0.298619151745088E+002 
     15.32000000 -0.233028258864633E+005  0.298619154679995E+002 
     15.34000000 -0.233028258861711E+005  0.298619157601259E+002 
     15.36000000 -0.233028258858809E+005  0.298619160503714E+002 
     15.38000000 -0.233028258855931E+005  0.298619163381328E+002 
     15.40000000 -0.233028258853085E+005  0.298619166227201E+002 
     15.42000000 -0.233028258850279E+005  0.298619169033941E+002 
     15.44000000 -0.233028258847518E+005  0.298619171794649E+002 
     15.46000000 -0.233028258844808E+005  0.298619174504219E+002 
     15.48000000 -0.233028258842153E+005  0.298619177159776E+002 
     15.50000000 -0.233028258839551E+005  0.298619179761845E+002 
     15.52000000 -0.233028258836998E+005  0.298619182315036E+002 
     15.54000000 -0.233028258834485E+005  0.298619184827793E+002 
     15.56000000 -0.233028258832001E+005  0.298619187311718E+002 
     15.58000000 -0.233028258829532E+005  0.298619189780330E+002 
     15.60000000 -0.233028258827064E+005  0.298619192248447E+002 
     15.62000000 -0.233028258824582E+005  0.298619194730362E+002 
     15.64000000 -0.233028258822074E+005  0.298619197238138E+002 
     15.66000000 -0.233028258819531E+005  0.298619199781615E+002 
     15.68000000 -0.233028258816946E+005  0.298619202366484E+002 
     15.70000000 -0.233028258814317E+005  0.298619204995374E+002 
     15.72000000 -0.233028258811645E+005  0.298619207667636E+002 
     15.74000000 -0.233028258808933E+005  0.298619210379558E+002 
     15.76000000 -0.233028258806187E+005  0.298619213125756E+002 
     15.78000000 -0.233028258803413E+005  0.298619215899704E+002 
     15.80000000 -0.233028258800618E+005  0.298619218694627E+002 
     15.82000000 -0.233028258797808E+005  0.298619221504584E+002 
     15.84000000 -0.233028258794988E+005  0.298619224324503E+002 
     15.86000000 -0.233028258792162E+005  0.298619227150856E+002 
     15.88000000 -0.233028258789331E+005  0.298619229981540E+002 
     15.90000000 -0.233028258786496E+005  0.298619232816215E+002 
     15.92000000 -0.233028258783658E+005  0.298619235654602E+002 
     15.94000000 -0.233028258780815E+005  0.298619238497413E+002 
     15.96000000 -0.233028258777968E+005  0.298619241344555E+002 
     15.98000000 -0.233028258775117E+005  0.298619244195286E+002 
     16.00000000 -0.233028258772264E+005  0.298619247048120E+002 
     16.02000000 -0.233028258769412E+005  0.298619249900336E+002 
     16.04000000 -0.233028258766564E+005  0.298619252748282E+002 
     16.06000000 -0.233028258763723E+005  0.298619255589237E+002 
     16.08000000 -0.233028258760892E+005  0.298619258420138E+002 
     16.10000000 -0.233028258758073E+005  0.298619261239345E+002 
     16.12000000 -0.233028258755266E+005  0.298619264046301E+002 
     16.14000000 -0.233028258752471E+005  0.298619266841997E+002 
     16.16000000 -0.233028258749684E+005  0.298619269628072E+002 
     16.18000000 -0.233028258746906E+005  0.298619272406908E+002 
     16.20000000 -0.233028258744132E+005  0.298619275180670E+002 
     16.22000000 -0.233028258741362E+005  0.298619277950658E+002 
     16.24000000 -0.233028258738595E+005  0.298619280717584E+002 
     16.26000000 -0.233028258735832E+005  0.298619283480302E+002 
     16.28000000 -0.233028258733076E+005  0.298619286236802E+002 
     16.30000000 -0.233028258730328E+005  0.298619288984207E+002 
     16.32000000 -0.233028258727593E+005  0.298619291719548E+002 
     16.34000000 -0.233028258724873E+005  0.298619294439915E+002 
     16.36000000 -0.233028258722169E+005  0.298619297143886E+002 
     16.38000000 -0.233028258719482E+005  0.298619299830781E+002 
     16.40000000 -0.233028258716810E+005  0.298619302502084E+002 
     16.42000000 -0.233028258714151E+005  0.298619305161075E+002 
     16.44000000 -0.233028258711500E+005  0.298619307812084E+002 
     16.46000000 -0.233028258708852E+005  0.298619310460216E+002 
     16.48000000 -0.233028258706201E+005  0.298619313111319E+002 
     16.50000000 -0.233028258703542E+005  0.298619315770247E+002 
     16.52000000 -0.233028258700872E+005  0.298619318440406E+002 
     16.54000000 -0.233028258698189E+005  0.298619321123867E+002 
     16.56000000 -0.233028258695492E+005  0.298619323820475E+002 
     16.58000000 -0.233028258692784E+005  0.298619326528221E+002 
     16.60000000 -0.233028258690069E+005  0.298619329243082E+002 
     16.62000000 -0.233028258687352E+005  0.298619331960727E+002 
     16.64000000 -0.233028258684637E+005  0.298619334675835E+002 
     16.66000000 -0.233028258681929E+005  0.298619337383611E+002 
     16.68000000 -0.233028258679232E+005  0.298619340080313E+002 
     16.70000000 -0.233028258676549E+005  0.298619342763186E+002 
     16.72000000 -0.233028258673881E+005  0.298619345431210E+002 
     16.74000000 -0.233028258671227E+005  0.298619348085065E+002 
     16.76000000 -0.233028258668586E+005  0.298619350726453E+002 
     16.78000000 -0.233028258665954E+005  0.298619353358623E+002 
     16.80000000 -0.233028258663327E+005  0.298619355985440E+002 
     16.82000000 -0.233028258660702E+005  0.298619358610711E+002 
     16.84000000 -0.233028258658074E+005  0.298619361238828E+002 
     16.86000000 -0.233028258655439E+005  0.298619363873348E+002 
     16.88000000 -0.233028258652795E+005  0.298619366517335E+002 
     16.90000000 -0.233028258650141E+005  0.298619369171933E+002 
     16.92000000 -0.233028258647475E+005  0.298619371837977E+002 
     16.94000000 -0.233028258644799E+005  0.298619374513766E+002 
     16.96000000 -0.233028258642116E+005  0.298619377196670E+002 
     16.98000000 -0.233028258639430E+005  0.298619379882358E+002 
     17.00000000 -0.233028258636747E+005  0.298619382565633E+002 
     17.02000000 -0.233028258634071E+005  0.298619385241268E+002 
     17.04000000 -0.233028258631408E+005  0.298619387904218E+002 
     17.06000000 -0.233028258628762E+005  0.298619390550216E+002 
     17.08000000 -0.233028258626136E+005  0.298619393176415E+002 
     17.10000000 -0.233028258623530E+005  0.298619395782381E+002 
     17.12000000 -0.233028258620943E+005  0.298619398369477E+002 
     17.14000000 -0.233028258618372E+005  0.298619400940673E+002 
     17.16000000 -0.233028258615811E+005  0.298619403501411E+002 
     17.18000000 -0.233028258613255E+005  0.298619406058005E+002 
     17.20000000 -0.233028258610695E+005  0.298619408617568E+002 
     17.22000000 -0.233028258608126E+005  0.298619411187030E+002 
     17.24000000 -0.233028258605539E+005  0.298619413773322E+002 
     17.26000000 -0.233028258602931E+005  0.298619416381145E+002 
     17.28000000 -0.233028258600299E+005  0.298619419013964E+002 
     17.30000000 -0.233028258597640E+005  0.298619421672584E+002 
     17.32000000 -0.233028258594957E+005  0.298619424355395E+002 
     17.34000000 -0.233028258592254E+005  0.298619427058469E+002 
     17.36000000 -0.233028258589537E+005  0.298619429775526E+002 
     17.38000000 -0.233028258586813E+005  0.298619432499296E+002 
     17.40000000 -0.233028258584091E+005  0.298619435221272E+002 
     17.42000000 -0.233028258581380E+005  0.298619437932978E+002 
     17.44000000 -0.233028258578686E+005  0.298619440626183E+002 
     17.46000000 -0.233028258576018E+005  0.298619443294331E+002 
     17.48000000 -0.233028258573380E+005  0.298619445932223E+002 
     17.50000000 -0.233028258570776E+005  0.298619448536829E+002 
     17.52000000 -0.233028258568205E+005  0.298619451107653E+002 
     17.54000000 -0.233028258565667E+005  0.298619453645623E+002 
     17.56000000 -0.233028258563158E+005  0.298619456154854E+002 
     17.58000000 -0.233028258560673E+005  0.298619458639769E+002 
     17.60000000 -0.233028258558205E+005  0.298619461107576E+002 
     17.62000000 -0.233028258555747E+005  0.298619463565206E+002 
     17.64000000 -0.233028258553292E+005  0.298619466020485E+002 
     17.66000000 -0.233028258550832E+005  0.298619468480806E+002 
     17.68000000 -0.233028258548359E+005  0.298619470953780E+002 
     17.70000000 -0.233028258545867E+005  0.298619473445934E+002 
     17.72000000 -0.233028258543349E+005  0.298619475963301E+002 
     17.74000000 -0.233028258540802E+005  0.298619478510923E+002 
     17.76000000 -0.233028258538219E+005  0.298619481093131E+002 
     17.78000000 -0.233028258535600E+005  0.298619483712524E+002 
     17.80000000 -0.233028258532942E+005  0.298619486370277E+002 
     17.82000000 -0.233028258530247E+005  0.298619489065216E+002 
     17.84000000 -0.233028258527519E+005  0.298619491793688E+002 
     17.86000000 -0.233028258524763E+005  0.298619494549198E+002 
     17.88000000 -0.233028258521989E+005  0.298619497323146E+002 
     17.90000000 -0.233028258519208E+005  0.298619500104735E+002 
     17.92000000 -0.233028258516431E+005  0.298619502881870E+002 
     17.94000000 -0.233028258513670E+005  0.298619505642082E+002 
     17.96000000 -0.233028258510938E+005  0.298619508374669E+002 
     17.98000000 -0.233028258508242E+005  0.298619511070845E+002 
     18.00000000 -0.233028258505588E+005  0.298619513724236E+002 
     18.02000000 -0.233028258502980E+005  0.298619516332461E+002 
     18.04000000 -0.233028258500416E+005  0.298619518896665E+002 
     18.06000000 -0.233028258497892E+005  0.298619521420435E+002 
     18.08000000 -0.233028258495402E+005  0.298619523910517E+002 
     18.10000000 -0.233028258492938E+005  0.298619526374674E+002 
     18.12000000 -0.233028258490491E+005  0.298619528821074E+002 
     18.14000000 -0.233028258488054E+005  0.298619531258070E+002 
     18.16000000 -0.233028258485619E+005  0.298619533693117E+002 
     18.18000000 -0.233028258483181E+005  0.298619536131412E+002 
     18.20000000 -0.233028258480735E+005  0.298619538577688E+002 
     18.22000000 -0.233028258478278E+005  0.298619541034204E+002 
     18.24000000 -0.233028258475810E+005  0.298619543502692E+002 
     18.26000000 -0.233028258473329E+005  0.298619545983307E+002 
     18.28000000 -0.233028258470837E+005  0.298619548476018E+002 
     18.30000000 -0.233028258468332E+005  0.298619550980238E+002 
     18.32000000 -0.233028258465817E+005  0.298619553495284E+002 
     18.34000000 -0.233028258463291E+005  0.298619556021406E+002 
     18.36000000 -0.233028258460754E+005  0.298619558558571E+002 
     18.38000000 -0.233028258458205E+005  0.298619561107833E+002 
     18.40000000 -0.233028258455642E+005  0.298619563670428E+002 
     18.42000000 -0.233028258453064E+005  0.298619566248769E+002 
     18.44000000 -0.233028258450467E+005  0.298619568845270E+002 
     18.46000000 -0.233028258447850E+005  0.298619571462806E+002 
     18.48000000 -0.233028258445209E+005  0.298619574103792E+002 
     18.50000000 -0.233028258442542E+005  0.298619576770115E+002 
     18.52000000 -0.233028258439851E+005  0.298619579461774E+002 
     18.54000000 -0.233028258437135E+005  0.298619582177129E+002 
     18.56000000 -0.233028258434400E+005  0.298619584912315E+002 
     18.58000000 -0.233028258431652E+005  0.298619587660679E+002 
     18.60000000 -0.233028258428899E+005  0.298619590413622E+002 
     18.62000000 -0.233028258426152E+005  0.298619593160748E+002 
     18.64000000 -0.233028258423422E+005  0.298619595891046E+002 
     18.66000000 -0.233028258420719E+005  0.298619598593502E+002 
     18.68000000 -0.233028258418054E+005  0.298619601258772E+002 
     18.70000000 -0.233028258415433E+005  0.298619603879279E+002 
     18.72000000 -0.233028258412861E+005  0.298619606451649E+002 
     18.74000000 -0.233028258410337E+005  0.298619608975482E+002 
     18.76000000 -0.233028258407859E+005  0.298619611453808E+002 
     18.78000000 -0.233028258405418E+005  0.298619613894083E+002 
     18.80000000 -0.233028258403007E+005  0.298619616305525E+002 
     18.82000000 -0.233028258400613E+005  0.298619618699458E+002 
     18.84000000 -0.233028258398225E+005  0.298619621087359E+002 
     18.86000000 -0.233028258395832E+005  0.298619623480488E+002 
     18.88000000 -0.233028258393425E+005  0.298619625887909E+002 
     18.90000000 -0.233028258390996E+005  0.298619628316490E+002 
     18.92000000 -0.233028258388542E+005  0.298619630770067E+002 
     18.94000000 -0.233028258386064E+005  0.298619633249012E+002 
     18.96000000 -0.233028258383561E+005  0.298619635751499E+002 
     18.98000000 -0.233028258381039E+005  0.298619638273196E+002 
     19.00000000 -0.233028258378504E+005  0.298619640808289E+002 
     19.02000000 -0.233028258375962E+005  0.298619643350745E+002 
     19.04000000 -0.233028258373417E+005  0.298619645895273E+002 
     19.06000000 -0.233028258370875E+005  0.298619648437203E+002 
     19.08000000 -0.233028258368339E+005  0.298619650973781E+002 
     19.10000000 -0.233028258365809E+005  0.298619653503058E+002 
     19.12000000 -0.233028258363288E+005  0.298619656024354E+002 
     19.14000000 -0.233028258360775E+005  0.298619658537513E+002 
     19.16000000 -0.233028258358270E+005  0.298619661042165E+002 
     19.18000000 -0.233028258355776E+005  0.298619663536980E+002 
     19.20000000 -0.233028258353293E+005  0.298619666019761E+002 
     19.22000000 -0.233028258350825E+005  0.298619668487476E+002 
     19.24000000 -0.233028258348376E+005  0.298619670936258E+002 
     19.26000000 -0.233028258345950E+005  0.298619673362055E+002 
     19.28000000 -0.233028258343551E+005  0.298619675761371E+002 
     19.30000000 -0.233028258341180E+005  0.298619678132473E+002 
     19.32000000 -0.233028258338838E+005  0.298619680474929E+002 
     19.34000000 -0.233028258336522E+005  0.298619682790749E+002 
     19.36000000 -0.233028258334229E+005  0.298619685083739E+002 
     19.38000000 -0.233028258331953E+005  0.298619687359931E+002 
     19.40000000 -0.233028258329687E+005  0.298619689626037E+002 
     19.42000000 -0.233028258327423E+005  0.298619691889824E+002 
     19.44000000 -0.233028258325154E+005  0.298619694158498E+002 
     19.46000000 -0.233028258322874E+005  0.298619696438556E+002 
     19.48000000 -0.233028258320578E+005  0.298619698735011E+002 
     19.50000000 -0.233028258318261E+005  0.298619701051543E+002 
     19.52000000 -0.233028258315923E+005  0.298619703389296E+002 
     19.54000000 -0.233028258313565E+005  0.298619705747591E+002 
     19.56000000 -0.233028258311189E+005  0.298619708124015E+002 
     19.58000000 -0.233028258308798E+005  0.298619710514452E+002 
     19.60000000 -0.233028258306399E+005  0.298619712913180E+002 
     19.62000000 -0.233028258303999E+005  0.298619715313672E+002 
     19.64000000 -0.233028258301603E+005  0.298619717709709E+002 
     19.66000000 -0.233028258299217E+005  0.298619720095103E+002 
     19.68000000 -0.233028258296847E+005  0.298619722465309E+002 
     19.70000000 -0.233028258294495E+005  0.298619724817200E+002 
     19.72000000 -0.233028258292162E+005  0.298619727150437E+002 
     19.74000000 -0.233028258289846E+005  0.298619729466258E+002 
     19.76000000 -0.233028258287545E+005  0.298619731767848E+002 
     19.78000000 -0.233028258285252E+005  0.298619734060126E+002 
     19.80000000 -0.233028258282965E+005  0.298619736347764E+002 
     19.82000000 -0.233028258280677E+005  0.298619738635649E+002 
     19.84000000 -0.233028258278385E+005  0.298619740927246E+002 
     19.86000000 -0.233028258276088E+005  0.298619743224691E+002 
     19.88000000 -0.233028258273784E+005  0.298619745528570E+002 
     19.90000000 -0.233028258271475E+005  0.298619747837492E+002 
     19.92000000 -0.233028258269164E+005  0.298619750148950E+002 
     19.94000000 -0.233028258266853E+005  0.298619752459109E+002 
     19.96000000 -0.233028258264549E+005  0.298619754763823E+002 
     19.98000000 -0.233028258262254E+005  0.298619757058514E+002 
     20.00000000 -0.233028258259974E+005  0.298619759338821E+002 
     20.02000000 -0.233028258257711E+005  0.298619761601060E+002 
     20.04000000 -0.233028258255470E+005  0.298619763842356E+002 
     20.06000000 -0.233028258253252E+005  0.298619766060760E+002 
     20.08000000 -0.233028258251056E+005  0.298619768256178E+002 
     20.10000000 -0.233028258248883E+005  0.298619770429508E+002 
     20.12000000 -0.233028258246729E+005  0.298619772584029E+002 
     20.14000000 -0.233028258244589E+005  0.298619774723423E+002 
     20.16000000 -0.233028258242460E+005  0.298619776852917E+002 
     20.18000000 -0.233028258240335E+005  0.298619778977988E+002 
     20.20000000 -0.233028258238208E+005  0.298619781104203E+002 
     20.22000000 -0.233028258236077E+005  0.298619783235924E+002 
     20.24000000 -0.233028258233937E+005  0.298619785375937E+002 
     20.26000000 -0.233028258231787E+005  0.298619787525601E+002 
     20.28000000 -0.233028258229628E+005  0.298619789684422E+002 
     20.30000000 -0.233028258227462E+005  0.298619791850111E+002 
     20.32000000 -0.233028258225293E+005  0.298619794019451E+002 
     20.34000000 -0.233028258223124E+005  0.298619796188790E+002 
     20.36000000 -0.233028258220958E+005  0.298619798354850E+002 
     20.38000000 -0.233028258218798E+005  0.298619800514662E+002 
     20.40000000 -0.233028258216646E+005  0.298619802666924E+002 
     20.42000000 -0.233028258214501E+005  0.298619804811082E+002 
     20.44000000 -0.233028258212365E+005  0.298619806948001E+002 
     20.46000000 -0.233028258210233E+005  0.298619809079413E+002 
     20.48000000 -0.233028258208105E+005  0.298619811207361E+002 
     20.50000000 -0.233028258205978E+005  0.298619813334256E+002 
     20.52000000 -0.233028258203850E+005  0.298619815462513E+002 
     20.54000000 -0.233028258201718E+005  0.298619817594142E+002 
     20.56000000 -0.233028258199582E+005  0.298619819730720E+002 
     20.58000000 -0.233028258197439E+005  0.298619821873733E+002 
     20.60000000 -0.233028258195289E+005  0.298619824023552E+002 
     20.62000000 -0.233028258193132E+005  0.298619826180208E+002 
     20.64000000 -0.233028258190970E+005  0.298619828342742E+002 
     20.66000000 -0.233028258188802E+005  0.298619830510194E+002 
     20.68000000 -0.233028258186632E+005  0.298619832680276E+002 
     20.70000000 -0.233028258184462E+005  0.298619834850327E+002 
     20.72000000 -0.233028258182295E+005  0.298619837017377E+002 
     20.74000000 -0.233028258180134E+005  0.298619839178426E+002 
     20.76000000 -0.233028258177982E+005  0.298619841330256E+002 
     20.78000000 -0.233028258175842E+005  0.298619843470887E+002 
     20.80000000 -0.233028258173714E+005  0.298619845598618E+002 
     20.82000000 -0.233028258171599E+005  0.298619847713417E+002 
     20.84000000 -0.233028258169497E+005  0.298619849815936E+002 
     20.86000000 -0.233028258167404E+005  0.298619851908740E+002 
     20.88000000 -0.233028258165317E+005  0.298619853995172E+002 
     20.90000000 -0.233028258163234E+005  0.298619856078757E+002 
     20.92000000 -0.233028258161148E+005  0.298619858164230E+002 
     20.94000000 -0.233028258159057E+005  0.298619860255889E+002 
     20.96000000 -0.233028258156955E+005  0.298619862357789E+002 
     20.98000000 -0.233028258154839E+005  0.298619864473393E+002 
     21.00000000 -0.233028258152708E+005  0.298619866604805E+002 
     21.02000000 -0.233028258150559E+005  0.298619868753572E+002 
     21.04000000 -0.233028258148393E+005  0.298619870919323E+002 
     21.06000000 -0.233028258146212E+005  0.298619873100759E+002 
     21.08000000 -0.233028258144017E+005  0.298619875295682E+002 
     21.10000000 -0.233028258141811E+005  0.298619877501031E+002 
     21.12000000 -0.233028258139599E+005  0.298619879713247E+002 
     21.14000000 -0.233028258137383E+005  0.298619881929145E+002 
     21.16000000 -0.233028258135167E+005  0.298619884145476E+002 
     21.18000000 -0.233028258132952E+005  0.298619886360074E+002 
     21.20000000 -0.233028258130741E+005  0.298619888571332E+002 
     21.22000000 -0.233028258128534E+005  0.298619890778629E+002 
     21.24000000 -0.233028258126331E+005  0.298619892981596E+002 
     21.26000000 -0.233028258124133E+005  0.298619895179953E+002 
     21.28000000 -0.233028258121940E+005  0.298619897372989E+002 
     21.30000000 -0.233028258119753E+005  0.298619899559653E+002 
     21.32000000 -0.233028258117575E+005  0.298619901737902E+002 
     21.34000000 -0.233028258115407E+005  0.298619903905138E+002 
     21.36000000 -0.233028258113254E+005  0.298619906058700E+002 
     21.38000000 -0.233028258111116E+005  0.298619908196052E+002 
     21.40000000 -0.233028258108997E+005  0.298619910315894E+002 
     21.42000000 -0.233028258106895E+005  0.298619912417670E+002 
     21.44000000 -0.233028258104809E+005  0.298619914503421E+002 
     21.46000000 -0.233028258102736E+005  0.298619916576766E+002 
     21.48000000 -0.233028258100670E+005  0.298619918642873E+002 
     21.50000000 -0.233028258098604E+005  0.298619920708949E+002 
     21.52000000 -0.233028258096530E+005  0.298619922782759E+002 
     21.54000000 -0.233028258094440E+005  0.298619924872377E+002 
     21.56000000 -0.233028258092327E+005  0.298619926985073E+002 
     21.58000000 -0.233028258090186E+005  0.298619929126354E+002 
     21.60000000 -0.233028258088012E+005  0.298619931300488E+002 
     21.62000000 -0.233028258085804E+005  0.298619933508312E+002 
     21.64000000 -0.233028258083564E+005  0.298619935748123E+002 
     21.66000000 -0.233028258081297E+005  0.298619938015776E+002 
     21.68000000 -0.233028258079008E+005  0.298619940304713E+002 
     21.70000000 -0.233028258076705E+005  0.298619942607138E+002 
     21.72000000 -0.233028258074398E+005  0.298619944914266E+002 
     21.74000000 -0.233028258072095E+005  0.298619947217866E+002 
     21.76000000 -0.233028258069802E+005  0.298619949510918E+002 
     21.78000000 -0.233028258067525E+005  0.298619951787883E+002 
     21.80000000 -0.233028258065267E+005  0.298619954045884E+002 
     21.82000000 -0.233028258063028E+005  0.298619956284149E+002 
     21.84000000 -0.233028258060809E+005  0.298619958503913E+002 
     21.86000000 -0.233028258058604E+005  0.298619960708396E+002 
     21.88000000 -0.233028258056411E+005  0.298619962901742E+002 
     21.90000000 -0.233028258054224E+005  0.298619965088250E+002 
     21.92000000 -0.233028258052040E+005  0.298619967272346E+002 
     21.94000000 -0.233028258049855E+005  0.298619969457184E+002 
     21.96000000 -0.233028258047668E+005  0.298619971644993E+002 
     21.98000000 -0.233028258045476E+005  0.298619973836173E+002 
     22.00000000 -0.233028258043282E+005  0.298619976030199E+002 
     22.02000000 -0.233028258041087E+005  0.298619978225555E+002 
     22.04000000 -0.233028258038892E+005  0.298619980420045E+002 
     22.06000000 -0.233028258036701E+005  0.298619982611535E+002 
     22.08000000 -0.233028258034514E+005  0.298619984798260E+002 
     22.10000000 -0.233028258032333E+005  0.298619986979479E+002 
     22.12000000 -0.233028258030157E+005  0.298619989155470E+002 
     22.14000000 -0.233028258027985E+005  0.298619991327996E+002 
     22.16000000 -0.233028258025813E+005  0.298619993499346E+002 
     22.18000000 -0.233028258023640E+005  0.298619995672398E+002 
     22.20000000 -0.233028258021462E+005  0.298619997850461E+002 
     22.22000000 -0.233028258019276E+005  0.298620000036165E+002 
     22.24000000 -0.233028258017081E+005  0.298620002231677E+002 
     22.26000000 -0.233028258014875E+005  0.298620004437644E+002 
     22.28000000 -0.233028258012659E+005  0.298620006653573E+002 
     22.30000000 -0.233028258010435E+005  0.298620008877792E+002 
     22.32000000 -0.233028258008205E+005  0.298620011107178E+002 
     22.34000000 -0.233028258005975E+005  0.298620013337894E+002 
     22.36000000 -0.233028258003748E+005  0.298620015564495E+002 
     22.38000000 -0.233028258001530E+005  0.298620017782342E+002 
     22.40000000 -0.233028257999326E+005  0.298620019986206E+002 
     22.42000000 -0.233028257997141E+005  0.298620022171818E+002 
     22.44000000 -0.233028257994976E+005  0.298620024336764E+002 
     22.46000000 -0.233028257992833E+005  0.298620026479654E+002 
     22.48000000 -0.233028257990711E+005  0.298620028601352E+002 
     22.50000000 -0.233028257988607E+005  0.298620030705169E+002 
     22.52000000 -0.233028257986517E+005  0.298620032795406E+002 
     22.54000000 -0.233028257984435E+005  0.298620034877507E+002 
     22.56000000 -0.233028257982355E+005  0.298620036957504E+002 
     22.58000000 -0.233028257980272E+005  0.298620039040625E+002 
     22.60000000 -0.233028257978181E+005  0.298620041131357E+002 
     22.62000000 -0.233028257976080E+005  0.298620043232514E+002 
     22.64000000 -0.233028257973967E+005  0.298620045345086E+002 
     22.66000000 -0.233028257971843E+005  0.298620047469229E+002 
     22.68000000 -0.233028257969709E+005  0.298620049603363E+002 
     22.70000000 -0.233028257967567E+005  0.298620051745170E+002 
     22.72000000 -0.233028257965420E+005  0.298620053892792E+002 
     22.74000000 -0.233028257963268E+005  0.298620056044189E+002 
     22.76000000 -0.233028257961115E+005  0.298620058197751E+002 
     22.78000000 -0.233028257958960E+005  0.298620060352551E+002 
     22.80000000 -0.233028257956804E+005  0.298620062508526E+002 
     22.82000000 -0.233028257954647E+005  0.298620064666017E+002 
     22.84000000 -0.233028257952488E+005  0.298620066825024E+002 
     22.86000000 -0.233028257950327E+005  0.298620068985794E+002 
     22.88000000 -0.233028257948165E+005  0.298620071147709E+002 
     22.90000000 -0.233028257946003E+005  0.298620073309964E+002 
     22.92000000 -0.233028257943841E+005  0.298620075471353E+002 
     22.94000000 -0.233028257941682E+005  0.298620077630051E+002 
     22.96000000 -0.233028257939528E+005  0.298620079784108E+002 
     22.98000000 -0.233028257937380E+005  0.298620081932164E+002 
     23.00000000 -0.233028257935239E+005  0.298620084074032E+002 
     23.02000000 -0.233028257933103E+005  0.298620086209590E+002 
     23.04000000 -0.233028257930973E+005  0.298620088340012E+002 
     23.06000000 -0.233028257928846E+005  0.298620090467031E+002 
     23.08000000 -0.233028257926720E+005  0.298620092592875E+002 
     23.10000000 -0.233028257924594E+005  0.298620094718719E+002 
     23.12000000 -0.233028257922467E+005  0.298620096845986E+002 
     23.14000000 -0.233028257920338E+005  0.298620098974366E+002 
     23.16000000 -0.233028257918210E+005  0.298620101102561E+002 
     23.18000000 -0.233028257916084E+005  0.298620103228467E+002 
     23.20000000 -0.233028257913964E+005  0.298620105348804E+002 
     23.22000000 -0.233028257911852E+005  0.298620107460541E+002 
     23.24000000 -0.233028257909752E+005  0.298620109561018E+002 
     23.26000000 -0.233028257907663E+005  0.298620111649553E+002 
     23.28000000 -0.233028257905587E+005  0.298620113725528E+002 
     23.30000000 -0.233028257903521E+005  0.298620115791542E+002 
     23.32000000 -0.233028257901462E+005  0.298620117850936E+002 
     23.34000000 -0.233028257899403E+005  0.298620119909154E+002 
     23.36000000 -0.233028257897340E+005  0.298620121972260E+002 
     23.38000000 -0.233028257895266E+005  0.298620124046565E+002 
     23.40000000 -0.233028257893174E+005  0.298620126138782E+002 
     23.42000000 -0.233028257891059E+005  0.298620128253891E+002 
     23.44000000 -0.233028257888917E+005  0.298620130395697E+002 
     23.46000000 -0.233028257886746E+005  0.298620132566398E+002 
     23.48000000 -0.233028257884547E+005  0.298620134765745E+002 
     23.50000000 -0.233028257882320E+005  0.298620136992099E+002 
     23.52000000 -0.233028257880070E+005  0.298620139242181E+002 
     23.54000000 -0.233028257877801E+005  0.298620141511969E+002 
     23.56000000 -0.233028257875515E+005  0.298620143797070E+002 
     23.58000000 -0.233028257873220E+005  0.298620146092875E+002 
     23.60000000 -0.233028257870917E+005  0.298620148396011E+002 
     23.62000000 -0.233028257868608E+005  0.298620150704098E+002 
     23.64000000 -0.233028257866297E+005  0.298620153015865E+002 
     23.66000000 -0.233028257863981E+005  0.298620155331407E+002 
     23.68000000 -0.233028257861661E+005  0.298620157651125E+002 
     23.70000000 -0.233028257859336E+005  0.298620159976660E+002 
     23.72000000 -0.233028257857004E+005  0.298620162308474E+002 
     23.74000000 -0.233028257854666E+005  0.298620164646568E+002 
     23.76000000 -0.233028257852323E+005  0.298620166989735E+002 
     23.78000000 -0.233028257849977E+005  0.298620169335470E+002 
     23.80000000 -0.233028257847633E+005  0.298620171679257E+002 
     23.82000000 -0.233028257845296E+005  0.298620174016237E+002 
     23.84000000 -0.233028257842972E+005  0.298620176340998E+002 
     23.86000000 -0.233028257840664E+005  0.298620178649022E+002 
     23.88000000 -0.233028257838376E+005  0.298620180936505E+002 
     23.90000000 -0.233028257836110E+005  0.298620183202148E+002 
     23.92000000 -0.233028257833865E+005  0.298620185447094E+002 
     23.94000000 -0.233028257831639E+005  0.298620187674005E+002 
     23.96000000 -0.233028257829424E+005  0.298620189888263E+002 
     23.98000000 -0.233028257827217E+005  0.298620192095468E+002 
     24.00000000 -0.233028257825010E+005  0.298620194302611E+002 
     24.02000000 -0.233028257822797E+005  0.298620196515323E+002 
     24.04000000 -0.233028257820574E+005  0.298620198738552E+002 
     24.06000000 -0.233028257818337E+005  0.298620200975734E+002 
     24.08000000 -0.233028257816084E+005  0.298620203228723E+002 
     24.10000000 -0.233028257813815E+005  0.298620205497831E+002 
     24.12000000 -0.233028257811530E+005  0.298620207782561E+002 
     24.14000000 -0.233028257809231E+005  0.298620210081150E+002 
     24.16000000 -0.233028257806920E+005  0.298620212392515E+002 
     24.18000000 -0.233028257804597E+005  0.298620214715420E+002 
     24.20000000 -0.233028257802264E+005  0.298620217048750E+002 
     24.22000000 -0.233028257799920E+005  0.298620219392845E+002 
     24.24000000 -0.233028257797565E+005  0.298620221747768E+002 
     24.26000000 -0.233028257795198E+005  0.298620224114045E+002 
     24.28000000 -0.233028257792820E+005  0.298620226493005E+002 
     24.30000000 -0.233028257790427E+005  0.298620228885268E+002 
     24.32000000 -0.233028257788022E+005  0.298620231290925E+002 
     24.34000000 -0.233028257785603E+005  0.298620233709886E+002 
     24.36000000 -0.233028257783172E+005  0.298620236141003E+002 
     24.38000000 -0.233028257780731E+005  0.298620238581835E+002 
     24.40000000 -0.233028257778284E+005  0.298620241028916E+002 
     24.42000000 -0.233028257775835E+005  0.298620243477853E+002 
     24.44000000 -0.233028257773389E+005  0.298620245923139E+002 
     24.46000000 -0.233028257770954E+005  0.298620248358805E+002 
     24.48000000 -0.233028257768534E+005  0.298620250778569E+002 
     24.50000000 -0.233028257766136E+005  0.298620253176833E+002 
     24.52000000 -0.233028257763764E+005  0.298620255548926E+002 
     24.54000000 -0.233028257761421E+005  0.298620257892031E+002 
     24.56000000 -0.233028257759107E+005  0.298620260205067E+002 
     24.58000000 -0.233028257756823E+005  0.298620262489581E+002 
     24.60000000 -0.233028257754563E+005  0.298620264749067E+002 
     24.62000000 -0.233028257752324E+005  0.298620266988940E+002 
     24.64000000 -0.233028257750097E+005  0.298620269215572E+002 
     24.66000000 -0.233028257747876E+005  0.298620271436296E+002 
     24.68000000 -0.233028257745655E+005  0.298620273657237E+002 
     24.70000000 -0.233028257743429E+005  0.298620275883807E+002 
     24.72000000 -0.233028257741193E+005  0.298620278119473E+002 
     24.74000000 -0.233028257738947E+005  0.298620280365842E+002 
     24.76000000 -0.233028257736691E+005  0.298620282621957E+002 
     24.78000000 -0.233028257734427E+005  0.298620284885557E+002 
     24.80000000 -0.233028257732160E+005  0.298620287152716E+002 
     24.82000000 -0.233028257729894E+005  0.298620289419008E+002 
     24.84000000 -0.233028257727632E+005  0.298620291680288E+002 
     24.86000000 -0.233028257725380E+005  0.298620293932721E+002 
     24.88000000 -0.233028257723139E+005  0.298620296173058E+002 
     24.90000000 -0.233028257720913E+005  0.298620298399598E+002 
     24.92000000 -0.233028257718701E+005  0.298620300611814E+002 
     24.94000000 -0.233028257716503E+005  0.298620302809893E+002 
     24.96000000 -0.233028257714318E+005  0.298620304994701E+002 
     24.98000000 -0.233028257712145E+005  0.298620307167288E+002 
     25.00000000 -0.233028257709984E+005  0.298620309328832E+002 
     25.02000000 -0.233028257707832E+005  0.298620311480260E+002 
     25.04000000 -0.233028257705691E+005  0.298620313621973E+002 
     25.06000000 -0.233028257703558E+005  0.298620315754190E+002 
     25.08000000 -0.233028257701436E+005  0.298620317876569E+002 
     25.10000000 -0.233028257699324E+005  0.298620319988832E+002 
     25.12000000 -0.233028257697222E+005  0.298620322090762E+002 
     25.14000000 -0.233028257695130E+005  0.298620324182329E+002 
     25.16000000 -0.233028257693049E+005  0.298620326263316E+002 
     25.18000000 -0.233028257690978E+005  0.298620328334558E+002 
     25.20000000 -0.233028257688916E+005  0.298620330396767E+002 
     25.22000000 -0.233028257686861E+005  0.298620332451149E+002 
     25.24000000 -0.233028257684813E+005  0.298620334499716E+002 
     25.26000000 -0.233028257682768E+005  0.298620336544260E+002 
     25.28000000 -0.233028257680725E+005  0.298620338587506E+002 
     25.30000000 -0.233028257678681E+005  0.298620340631803E+002 
     25.32000000 -0.233028257676632E+005  0.298620342680059E+002 
     25.34000000 -0.233028257674578E+005  0.298620344734380E+002 
     25.36000000 -0.233028257672516E+005  0.298620346796248E+002 
     25.38000000 -0.233028257670447E+005  0.298620348866037E+002 
     25.40000000 -0.233028257668369E+005  0.298620350943187E+002 
     25.42000000 -0.233028257666287E+005  0.298620353025536E+002 
     25.44000000 -0.233028257664203E+005  0.298620355109678E+002 
     25.46000000 -0.233028257662121E+005  0.298620357191964E+002 
     25.48000000 -0.233028257660045E+005  0.298620359267692E+002 
     25.50000000 -0.233028257657980E+005  0.298620361332716E+002 
     25.52000000 -0.233028257655929E+005  0.298620363383262E+002 
     25.54000000 -0.233028257653895E+005  0.298620365417103E+002 
     25.56000000 -0.233028257651879E+005  0.298620367433372E+002 
     25.58000000 -0.233028257649879E+005  0.298620369433307E+002 
     25.60000000 -0.233028257647893E+005  0.298620371419353E+002 
     25.62000000 -0.233028257645917E+005  0.298620373395993E+002 
     25.64000000 -0.233028257643944E+005  0.298620375368890E+002 
     25.66000000 -0.233028257641969E+005  0.298620377343830E+002 
     25.68000000 -0.233028257639986E+005  0.298620379326255E+002 
     25.70000000 -0.233028257637992E+005  0.298620381320622E+002 
     25.72000000 -0.233028257635984E+005  0.298620383329034E+002 
     25.74000000 -0.233028257633961E+005  0.298620385351304E+002 
     25.76000000 -0.233028257631928E+005  0.298620387384341E+002 
     25.78000000 -0.233028257629889E+005  0.298620389423131E+002 
     25.80000000 -0.233028257627852E+005  0.298620391460375E+002 
     25.82000000 -0.233028257625825E+005  0.298620393487441E+002 
     25.84000000 -0.233028257623816E+005  0.298620395496657E+002 
     25.86000000 -0.233028257621831E+005  0.298620397481155E+002 
     25.88000000 -0.233028257619877E+005  0.298620399435986E+002 
     25.90000000 -0.233028257617953E+005  0.298620401359696E+002 
     25.92000000 -0.233028257616060E+005  0.298620403253026E+002 
     25.94000000 -0.233028257614192E+005  0.298620405120433E+002 
     25.96000000 -0.233028257612344E+005  0.298620406968597E+002 
     25.98000000 -0.233028257610507E+005  0.298620408805872E+002 
     26.00000000 -0.233028257608671E+005  0.298620410641569E+002 
     26.02000000 -0.233028257606828E+005  0.298620412484289E+002 
     26.04000000 -0.233028257604971E+005  0.298620414341889E+002 
     26.06000000 -0.233028257603093E+005  0.298620416219566E+002 
     26.08000000 -0.233028257601193E+005  0.298620418119702E+002 
     26.10000000 -0.233028257599271E+005  0.298620420041772E+002 
     26.12000000 -0.233028257597330E+005  0.298620421982620E+002 
     26.14000000 -0.233028257595376E+005  0.298620423936337E+002 
     26.16000000 -0.233028257593417E+005  0.298620425895839E+002 
     26.18000000 -0.233028257591459E+005  0.298620427853609E+002 
     26.20000000 -0.233028257589510E+005  0.298620429802964E+002 
     26.22000000 -0.233028257587574E+005  0.298620431738770E+002 
     26.24000000 -0.233028257585654E+005  0.298620433658179E+002 
     26.26000000 -0.233028257583752E+005  0.298620435560357E+002 
     26.28000000 -0.233028257581866E+005  0.298620437446263E+002 
     26.30000000 -0.233028257579994E+005  0.298620439318743E+002 
     26.32000000 -0.233028257578133E+005  0.298620441179963E+002 
     26.34000000 -0.233028257576279E+005  0.298620443033541E+002 
     26.36000000 -0.233028257574431E+005  0.298620444881396E+002 
     26.38000000 -0.233028257572587E+005  0.298620446725817E+002 
     26.40000000 -0.233028257570744E+005  0.298620448568041E+002 
     26.42000000 -0.233028257568903E+005  0.298620450410019E+002 
     26.44000000 -0.233028257567059E+005  0.298620452253728E+002 
     26.46000000 -0.233028257565211E+005  0.298620454101862E+002 
     26.48000000 -0.233028257563355E+005  0.298620455957729E+002 
     26.50000000 -0.233028257561488E+005  0.298620457824764E+002 
     26.52000000 -0.233028257559606E+005  0.298620459706308E+002 
     26.54000000 -0.233028257557707E+005  0.298620461605300E+002 
     26.56000000 -0.233028257555789E+005  0.298620463523256E+002 
     26.58000000 -0.233028257553852E+005  0.298620465460824E+002 
     26.60000000 -0.233028257551895E+005  0.298620467417697E+002 
     26.62000000 -0.233028257549921E+005  0.298620469391522E+002 
     26.64000000 -0.233028257547931E+005  0.298620471381311E+002 
     26.66000000 -0.233028257545927E+005  0.298620473385082E+002 
     26.68000000 -0.233028257543911E+005  0.298620475401846E+002 
     26.70000000 -0.233028257541881E+005  0.298620477431975E+002 
     26.72000000 -0.233028257539837E+005  0.298620479475901E+002 
     26.74000000 -0.233028257537777E+005  0.298620481535727E+002 
     26.76000000 -0.233028257535700E+005  0.298620483612816E+002 
     26.78000000 -0.233028257533604E+005  0.298620485708900E+002 
     26.80000000 -0.233028257531488E+005  0.298620487824411E+002 
     26.82000000 -0.233028257529354E+005  0.298620489958422E+002 
     26.84000000 -0.233028257527204E+005  0.298620492108829E+002 
     26.86000000 -0.233028257525041E+005  0.298620494271362E+002 
     26.88000000 -0.233028257522871E+005  0.298620496441568E+002 
     26.90000000 -0.233028257520699E+005  0.298620498613568E+002 
     26.92000000 -0.233028257518530E+005  0.298620500782103E+002 
     26.94000000 -0.233028257516370E+005  0.298620502942657E+002 
     26.96000000 -0.233028257514221E+005  0.298620505091331E+002 
     26.98000000 -0.233028257512086E+005  0.298620507226703E+002 
     27.00000000 -0.233028257509964E+005  0.298620509348247E+002 
     27.02000000 -0.233028257507855E+005  0.298620511457107E+002 
     27.04000000 -0.233028257505757E+005  0.298620513555109E+002 
     27.06000000 -0.233028257503667E+005  0.298620515645098E+002 
     27.08000000 -0.233028257501583E+005  0.298620517729209E+002 
     27.10000000 -0.233028257499503E+005  0.298620519809330E+002 
     27.12000000 -0.233028257497425E+005  0.298620521887069E+002 
     27.14000000 -0.233028257495350E+005  0.298620523963013E+002 
     27.16000000 -0.233028257493275E+005  0.298620526037318E+002 
     27.18000000 -0.233028257491203E+005  0.298620528109890E+002 
     27.20000000 -0.233028257489132E+005  0.298620530180699E+002 
     27.22000000 -0.233028257487063E+005  0.298620532250023E+002 
     27.24000000 -0.233028257484993E+005  0.298620534319193E+002 
     27.26000000 -0.233028257482923E+005  0.298620536389352E+002 
     27.28000000 -0.233028257480850E+005  0.298620538462729E+002 
     27.30000000 -0.233028257478771E+005  0.298620540541921E+002 
     27.32000000 -0.233028257476683E+005  0.298620542629250E+002 
     27.34000000 -0.233028257474585E+005  0.298620544727468E+002 
     27.36000000 -0.233028257472474E+005  0.298620546838587E+002 
     27.38000000 -0.233028257470349E+005  0.298620548963997E+002 
     27.40000000 -0.233028257468209E+005  0.298620551103700E+002 
     27.42000000 -0.233028257466055E+005  0.298620553257294E+002 
     27.44000000 -0.233028257463890E+005  0.298620555422519E+002 
     27.46000000 -0.233028257461716E+005  0.298620557596622E+002 
     27.48000000 -0.233028257459537E+005  0.298620559775675E+002 
     27.50000000 -0.233028257457357E+005  0.298620561955224E+002 
     27.52000000 -0.233028257455182E+005  0.298620564130688E+002 
     27.54000000 -0.233028257453015E+005  0.298620566297553E+002 
     27.56000000 -0.233028257450861E+005  0.298620568451858E+002 
     27.58000000 -0.233028257448722E+005  0.298620570590230E+002 
     27.60000000 -0.233028257446603E+005  0.298620572709887E+002 
     27.62000000 -0.233028257444504E+005  0.298620574808724E+002 
     27.64000000 -0.233028257442427E+005  0.298620576885070E+002 
     27.66000000 -0.233028257440375E+005  0.298620578937411E+002 
     27.68000000 -0.233028257438347E+005  0.298620580965188E+002 
     27.70000000 -0.233028257436344E+005  0.298620582968712E+002 
     27.72000000 -0.233028257434363E+005  0.298620584949220E+002 
     27.74000000 -0.233028257432403E+005  0.298620586909526E+002 
     27.76000000 -0.233028257430458E+005  0.298620588854427E+002 
     27.78000000 -0.233028257428522E+005  0.298620590790387E+002 
     27.80000000 -0.233028257426587E+005  0.298620592725047E+002 
     27.82000000 -0.233028257424645E+005  0.298620594667318E+002 
     27.84000000 -0.233028257422687E+005  0.298620596625738E+002 
     27.86000000 -0.233028257420705E+005  0.298620598607885E+002 
     27.88000000 -0.233028257418693E+005  0.298620600619297E+002 
     27.90000000 -0.233028257416650E+005  0.298620602663038E+002 
     27.92000000 -0.233028257414573E+005  0.298620604739075E+002 
     27.94000000 -0.233028257412468E+005  0.298620606844594E+002 
     27.96000000 -0.233028257410338E+005  0.298620608974676E+002 
     27.98000000 -0.233028257408190E+005  0.298620611122793E+002 
     28.00000000 -0.233028257406031E+005  0.298620613281924E+002 
     28.02000000 -0.233028257403868E+005  0.298620615444705E+002 
     28.04000000 -0.233028257401707E+005  0.298620617605444E+002 
     28.06000000 -0.233028257399554E+005  0.298620619758914E+002 
     28.08000000 -0.233028257397411E+005  0.298620621901927E+002 
     28.10000000 -0.233028257395281E+005  0.298620624031978E+002 
     28.12000000 -0.233028257393165E+005  0.298620626147829E+002 
     28.14000000 -0.233028257391064E+005  0.298620628249017E+002 
     28.16000000 -0.233028257388977E+005  0.298620630335140E+002 
     28.18000000 -0.233028257386906E+005  0.298620632406227E+002 
     28.20000000 -0.233028257384850E+005  0.298620634462156E+002 
     28.22000000 -0.233028257382810E+005  0.298620636502988E+002 
     28.24000000 -0.233028257380784E+005  0.298620638528631E+002 
     28.26000000 -0.233028257378773E+005  0.298620640539734E+002 
     28.28000000 -0.233028257376776E+005  0.298620642536761E+002 
     28.30000000 -0.233028257374792E+005  0.298620644520858E+002 
     28.32000000 -0.233028257372819E+005  0.298620646493322E+002 
     28.34000000 -0.233028257370857E+005  0.298620648455732E+002 
     28.36000000 -0.233028257368903E+005  0.298620650409728E+002 
     28.38000000 -0.233028257366955E+005  0.298620652357072E+002 
     28.40000000 -0.233028257365013E+005  0.298620654299652E+002 
     28.42000000 -0.233028257363073E+005  0.298620656239139E+002 
     28.44000000 -0.233028257361135E+005  0.298620658177326E+002 
     28.46000000 -0.233028257359196E+005  0.298620660116225E+002 
     28.48000000 -0.233028257357254E+005  0.298620662058404E+002 
     28.50000000 -0.233028257355306E+005  0.298620664006398E+002 
     28.52000000 -0.233028257353349E+005  0.298620665963054E+002 
     28.54000000 -0.233028257351382E+005  0.298620667931001E+002 
     28.56000000 -0.233028257349400E+005  0.298620669912623E+002 
     28.58000000 -0.233028257347403E+005  0.298620671909217E+002 
     28.60000000 -0.233028257345391E+005  0.298620673921588E+002 
     28.62000000 -0.233028257343364E+005  0.298620675948871E+002 
     28.64000000 -0.233028257341323E+005  0.298620677989950E+002 
     28.66000000 -0.233028257339270E+005  0.298620680042322E+002 
     28.68000000 -0.233028257337209E+005  0.298620682103231E+002 
     28.70000000 -0.233028257335143E+005  0.298620684169833E+002 
     28.72000000 -0.233028257333073E+005  0.298620686239467E+002 
     28.74000000 -0.233028257331003E+005  0.298620688309255E+002 
     28.76000000 -0.233028257328936E+005  0.298620690376661E+002 
     28.78000000 -0.233028257326873E+005  0.298620692439303E+002 
     28.80000000 -0.233028257324818E+005  0.298620694494675E+002 
     28.82000000 -0.233028257322772E+005  0.298620696540179E+002 
     28.84000000 -0.233028257320739E+005  0.298620698573308E+002 
     28.86000000 -0.233028257318721E+005  0.298620700591959E+002 
     28.88000000 -0.233028257316717E+005  0.298620702595112E+002 
     28.90000000 -0.233028257314730E+005  0.298620704582704E+002 
     28.92000000 -0.233028257312756E+005  0.298620706556436E+002 
     28.94000000 -0.233028257310793E+005  0.298620708519713E+002 
     28.96000000 -0.233028257308835E+005  0.298620710477482E+002 
     28.98000000 -0.233028257306877E+005  0.298620712435871E+002 
     29.00000000 -0.233028257304911E+005  0.298620714401375E+002 
     29.02000000 -0.233028257302933E+005  0.298620716379283E+002 
     29.04000000 -0.233028257300938E+005  0.298620718374052E+002 
     29.06000000 -0.233028257298925E+005  0.298620720387971E+002 
     29.08000000 -0.233028257296892E+005  0.298620722420883E+002 
     29.10000000 -0.233028257294842E+005  0.298620724470718E+002 
     29.12000000 -0.233028257292778E+005  0.298620726534566E+002 
     29.14000000 -0.233028257290704E+005  0.298620728608840E+002 
     29.16000000 -0.233028257288622E+005  0.298620730690632E+002 
     29.18000000 -0.233028257286533E+005  0.298620732779043E+002 
     29.20000000 -0.233028257284438E+005  0.298620734874446E+002 
     29.22000000 -0.233028257282333E+005  0.298620736979594E+002 
     29.24000000 -0.233028257280214E+005  0.298620739098724E+002 
     29.26000000 -0.233028257278075E+005  0.298620741237376E+002 
     29.28000000 -0.233028257275912E+005  0.298620743400497E+002 
     29.30000000 -0.233028257273720E+005  0.298620745592605E+002 
     29.32000000 -0.233028257271496E+005  0.298620747816423E+002 
     29.34000000 -0.233028257269240E+005  0.298620750072073E+002 
     29.36000000 -0.233028257266955E+005  0.298620752357112E+002 
     29.38000000 -0.233028257264646E+005  0.298620754666250E+002 
     29.40000000 -0.233028257262320E+005  0.298620756992774E+002 
     29.42000000 -0.233028257259985E+005  0.298620759327311E+002 
     29.44000000 -0.233028257257652E+005  0.298620761660424E+002 
     29.46000000 -0.233028257255330E+005  0.298620763982710E+002 
     29.48000000 -0.233028257253027E+005  0.298620766286001E+002 
     29.50000000 -0.233028257250749E+005  0.298620768563925E+002 
     29.52000000 -0.233028257248500E+005  0.298620770812584E+002 
     29.54000000 -0.233028257246282E+005  0.298620773030183E+002 
     29.56000000 -0.233028257244095E+005  0.298620775217775E+002 
     29.58000000 -0.233028257241935E+005  0.298620777377957E+002 
     29.60000000 -0.233028257239798E+005  0.298620779514505E+002 
     29.62000000 -0.233028257237680E+005  0.298620781632491E+002 
     29.64000000 -0.233028257235576E+005  0.298620783736494E+002 
     29.66000000 -0.233028257233482E+005  0.298620785830660E+002 
     29.68000000 -0.233028257231394E+005  0.298620787918329E+002 
     29.70000000 -0.233028257229311E+005  0.298620790001790E+002 
     29.72000000 -0.233028257227230E+005  0.298620792082097E+002 
     29.74000000 -0.233028257225153E+005  0.298620794159371E+002 
     29.76000000 -0.233028257223079E+005  0.298620796233243E+002 
     29.78000000 -0.233028257221010E+005  0.298620798302784E+002 
     29.80000000 -0.233028257218945E+005  0.298620800367498E+002 
     29.82000000 -0.233028257216885E+005  0.298620802427202E+002 
     29.84000000 -0.233028257214830E+005  0.298620804482574E+002 
     29.86000000 -0.233028257212778E+005  0.298620806534790E+002 
     29.88000000 -0.233028257210726E+005  0.298620808586048E+002 
     29.90000000 -0.233028257208674E+005  0.298620810638543E+002 
     29.92000000 -0.233028257206618E+005  0.298620812694627E+002 
     29.94000000 -0.233028257204556E+005  0.298620814756279E+002 
     29.96000000 -0.233028257202487E+005  0.298620816825448E+002 
     29.98000000 -0.233028257200410E+005  0.298620818902816E+002 
     30.00000000 -0.233028257198324E+005  0.298620820988659E+002 
