# Real time calculation: 
# Eall: Total energy
# Eall0: Initial total energy
# 1:Time[fs] 2:Eall[eV] 3:Eall-Eall0[eV] 
      0.00000000 -0.233326878019313E+005  0.000000000000000E+000 
      0.02000000 -0.233326878029210E+005 -0.989795929571937E-006 
      0.04000000 -0.233326878029255E+005 -0.994278521654343E-006 
      0.06000000 -0.233326878029167E+005 -0.985412331931656E-006 
      0.08000000 -0.233326878028687E+005 -0.937446431146498E-006 
      0.10000000 -0.233326878027295E+005 -0.798272619826105E-006 
      0.12000000 -0.233326878024094E+005 -0.478136968303932E-006 
      0.14000000 -0.233326878017687E+005  0.162573622577338E-006 
      0.16000000 -0.233326878006053E+005  0.132595630641285E-005 
      0.18000000 -0.233326877986420E+005  0.328921098903003E-005 
      0.20000000 -0.233326877955142E+005  0.641701463375400E-005 
      0.22000000 -0.233326877907579E+005  0.111733108807492E-004 
      0.24000000 -0.233326877837991E+005  0.181321066283636E-004 
      0.26000000 -0.233326877739442E+005  0.279870899618961E-004 
      0.28000000 -0.233326877603718E+005  0.415594878374402E-004 
      0.30000000 -0.233326877421270E+005  0.598042346730588E-004 
      0.32000000 -0.233326877181171E+005  0.838141888933034E-004 
      0.34000000 -0.233326876871088E+005  0.114822502608672E-003 
      0.36000000 -0.233326876477283E+005  0.154202940253971E-003 
      0.38000000 -0.233326875984630E+005  0.203468273022206E-003 
      0.40000000 -0.233326875376643E+005  0.264266931615006E-003 
      0.42000000 -0.233326874635532E+005  0.338378013210452E-003 
      0.44000000 -0.233326873742265E+005  0.427704735455590E-003 
      0.46000000 -0.233326872676644E+005  0.534266866485184E-003 
      0.48000000 -0.233326871417396E+005  0.660191663836687E-003 
      0.50000000 -0.233326869942270E+005  0.807704259615049E-003 
      0.52000000 -0.233326868228143E+005  0.979116965999390E-003 
      0.54000000 -0.233326866251132E+005  0.117681800534448E-002 
      0.56000000 -0.233326863986713E+005  0.140325991545672E-002 
      0.58000000 -0.233326861409839E+005  0.166094736090341E-002 
      0.60000000 -0.233326858495063E+005  0.195242499691292E-002 
      0.62000000 -0.233326855216658E+005  0.228026548795359E-002 
      0.64000000 -0.233326851548736E+005  0.264705761602634E-002 
      0.66000000 -0.233326847465360E+005  0.305539520875509E-002 
      0.68000000 -0.233326842940646E+005  0.350786666453732E-002 
      0.70000000 -0.233326837948860E+005  0.400704527274376E-002 
      0.72000000 -0.233326832464505E+005  0.455548073113217E-002 
      0.74000000 -0.233326826462395E+005  0.515569175219994E-002 
      0.76000000 -0.233326819917717E+005  0.581015955120589E-002 
      0.78000000 -0.233326812806086E+005  0.652132264586856E-002 
      0.80000000 -0.233326805103587E+005  0.729157256866936E-002 
      0.82000000 -0.233326796786807E+005  0.812325056910030E-002 
      0.84000000 -0.233326787832858E+005  0.901864540794398E-002 
      0.86000000 -0.233326778219394E+005  0.997999185070202E-002 
      0.88000000 -0.233326767924611E+005  0.110094701540613E-001 
      0.90000000 -0.233326756927247E+005  0.121092065825213E-001 
      0.92000000 -0.233326745206565E+005  0.132812747169768E-001 
      0.94000000 -0.233326732742338E+005  0.145276974655425E-001 
      0.96000000 -0.233326719514814E+005  0.158504498323039E-001 
      0.98000000 -0.233326705504690E+005  0.172514622645668E-001 
      1.00000000 -0.233326690693068E+005  0.187326244053653E-001 
      1.02000000 -0.233326675061421E+005  0.202957891089241E-001 
      1.04000000 -0.233326658591545E+005  0.219427767685715E-001 
      1.06000000 -0.233326641265518E+005  0.236753794559446E-001 
      1.08000000 -0.233326623065663E+005  0.254953649086092E-001 
      1.10000000 -0.233326603974509E+005  0.274044803135039E-001 
      1.12000000 -0.233326583974756E+005  0.294044557005926E-001 
      1.14000000 -0.233326563049244E+005  0.314970068415463E-001 
      1.16000000 -0.233326541180935E+005  0.336838377400715E-001 
      1.18000000 -0.233326518352887E+005  0.359666425128050E-001 
      1.20000000 -0.233326494548243E+005  0.383471069701310E-001 
      1.22000000 -0.233326469750218E+005  0.408269094452597E-001 
      1.24000000 -0.233326443942103E+005  0.434077209396256E-001 
      1.26000000 -0.233326417107260E+005  0.460912052311625E-001 
      1.28000000 -0.233326389229133E+005  0.488790179740727E-001 
      1.30000000 -0.233326360291258E+005  0.517728054799580E-001 
      1.32000000 -0.233326330277284E+005  0.547742028462062E-001 
      1.34000000 -0.233326299170996E+005  0.578848316358085E-001 
      1.36000000 -0.233326266956344E+005  0.611062968147194E-001 
      1.38000000 -0.233326233617480E+005  0.644401832963315E-001 
      1.40000000 -0.233326199138794E+005  0.678880518239258E-001 
      1.42000000 -0.233326163504965E+005  0.714514347634077E-001 
      1.44000000 -0.233326126701003E+005  0.751318309927190E-001 
      1.46000000 -0.233326088712305E+005  0.789307007262846E-001 
      1.48000000 -0.233326049524712E+005  0.828494600455698E-001 
      1.50000000 -0.233326009124559E+005  0.868894753430169E-001 
      1.52000000 -0.233325967498737E+005  0.910520575587131E-001 
      1.54000000 -0.233325924634748E+005  0.953384564665542E-001 
      1.56000000 -0.233325880520763E+005  0.997498549387550E-001 
      1.58000000 -0.233325835145678E+005  0.104287363457844E+000 
      1.60000000 -0.233325788499172E+005  0.108952014090378E+000 
      1.62000000 -0.233325740571760E+005  0.113744755209300E+000 
      1.64000000 -0.233325691354853E+005  0.118666445962624E+000 
      1.66000000 -0.233325640840805E+005  0.123717850754496E+000 
      1.68000000 -0.233325589022971E+005  0.128899634202665E+000 
      1.70000000 -0.233325535895753E+005  0.134212355993865E+000 
      1.72000000 -0.233325481454652E+005  0.139656466039274E+000 
      1.74000000 -0.233325425696309E+005  0.145232300332215E+000 
      1.76000000 -0.233325368618546E+005  0.150940076648087E+000 
      1.78000000 -0.233325310220399E+005  0.156779891367259E+000 
      1.80000000 -0.233325250502149E+005  0.162751716381498E+000 
      1.82000000 -0.233325189465349E+005  0.168855396374711E+000 
      1.84000000 -0.233325127112843E+005  0.175090646960615E+000 
      1.86000000 -0.233325063448777E+005  0.181457053525736E+000 
      1.88000000 -0.233324998478616E+005  0.187954069617662E+000 
      1.90000000 -0.233324932209145E+005  0.194581016750140E+000 
      1.92000000 -0.233324864648468E+005  0.201337084461860E+000 
      1.94000000 -0.233324795806015E+005  0.208221329762703E+000 
      1.96000000 -0.233324725692530E+005  0.215232678219583E+000 
      1.98000000 -0.233324654320063E+005  0.222369924940212E+000 
      2.00000000 -0.233324581701960E+005  0.229631735241302E+000 
      2.02000000 -0.233324507852847E+005  0.237016646514002E+000 
      2.04000000 -0.233324432788607E+005  0.244523070587383E+000 
      2.06000000 -0.233324356526359E+005  0.252149295371129E+000 
      2.08000000 -0.233324279084435E+005  0.259893487717097E+000 
      2.10000000 -0.233324200482346E+005  0.267753696673757E+000 
      2.12000000 -0.233324120740756E+005  0.275727855676447E+000 
      2.14000000 -0.233324039881441E+005  0.283813787181544E+000 
      2.16000000 -0.233323957927263E+005  0.292009204992842E+000 
      2.18000000 -0.233323874902128E+005  0.300311718456435E+000 
      2.20000000 -0.233323790830956E+005  0.308718835687319E+000 
      2.22000000 -0.233323705739640E+005  0.317227967229093E+000 
      2.24000000 -0.233323619655018E+005  0.325836429500205E+000 
      2.26000000 -0.233323532604830E+005  0.334541448246378E+000 
      2.28000000 -0.233323444617696E+005  0.343340161692970E+000 
      2.30000000 -0.233323355723070E+005  0.352229624278916E+000 
      2.32000000 -0.233323265951218E+005  0.361206809502822E+000 
      2.34000000 -0.233323175333180E+005  0.370268613251651E+000 
      2.36000000 -0.233323083900745E+005  0.379411856782930E+000 
      2.38000000 -0.233322991686417E+005  0.388633289549188E+000 
      2.40000000 -0.233322898723396E+005  0.397929591663532E+000 
      2.42000000 -0.233322805045546E+005  0.407297376705524E+000 
      2.44000000 -0.233322710687376E+005  0.416733193663948E+000 
      2.46000000 -0.233322615684025E+005  0.426233528786764E+000 
      2.48000000 -0.233322520071231E+005  0.435794808179717E+000 
      2.50000000 -0.233322423885321E+005  0.445413399158226E+000 
      2.52000000 -0.233322327163200E+005  0.455085611296108E+000 
      2.54000000 -0.233322229942326E+005  0.464807698643675E+000 
      2.56000000 -0.233322132260704E+005  0.474575860844509E+000 
      2.58000000 -0.233322034156876E+005  0.484386243621159E+000 
      2.60000000 -0.233321935669901E+005  0.494234941138629E+000 
      2.62000000 -0.233321836839347E+005  0.504117996573601E+000 
      2.64000000 -0.233321737705285E+005  0.514031402733144E+000 
      2.66000000 -0.233321638308270E+005  0.523971104210944E+000 
      2.68000000 -0.233321538689336E+005  0.533932997687374E+000 
      2.70000000 -0.233321438889982E+005  0.543912933012249E+000 
      2.72000000 -0.233321338952166E+005  0.553906714609312E+000 
      2.74000000 -0.233321238918287E+005  0.563910102521856E+000 
      2.76000000 -0.233321138831179E+005  0.573918813396489E+000 
      2.78000000 -0.233321038734087E+005  0.583928522506328E+000 
      2.80000000 -0.233320938670665E+005  0.593934864713103E+000 
      2.82000000 -0.233320838684948E+005  0.603933436487260E+000 
      2.84000000 -0.233320738821334E+005  0.613919797860012E+000 
      2.86000000 -0.233320639124567E+005  0.623889474604307E+000 
      2.88000000 -0.233320539639711E+005  0.633837960174501E+000 
      2.90000000 -0.233320440412131E+005  0.643760718106974E+000 
      2.92000000 -0.233320341487465E+005  0.653653184764131E+000 
      2.94000000 -0.233320242911593E+005  0.663510771914445E+000 
      2.96000000 -0.233320144730616E+005  0.673328869658982E+000 
      2.98000000 -0.233320046990820E+005  0.683102849271301E+000 
      3.00000000 -0.233319949738645E+005  0.692828066789098E+000 
      3.02000000 -0.233319853020649E+005  0.702499866386205E+000 
      3.04000000 -0.233319756883478E+005  0.712113583425947E+000 
      3.06000000 -0.233319661373822E+005  0.721664549067479E+000 
      3.08000000 -0.233319566538372E+005  0.731148094005920E+000 
      3.10000000 -0.233319472423795E+005  0.740559551723703E+000 
      3.12000000 -0.233319379076680E+005  0.749894263285613E+000 
      3.14000000 -0.233319286543495E+005  0.759147581756420E+000 
      3.16000000 -0.233319194870557E+005  0.768314875582155E+000 
      3.18000000 -0.233319104103980E+005  0.777391533267597E+000 
      3.20000000 -0.233319014289635E+005  0.786372967766060E+000 
      3.22000000 -0.233318925473104E+005  0.795254620816584E+000 
      3.24000000 -0.233318837699644E+005  0.804031966866594E+000 
      3.26000000 -0.233318751014135E+005  0.812700517749381E+000 
      3.28000000 -0.233318665461048E+005  0.821255826439711E+000 
      3.30000000 -0.233318581084402E+005  0.829693491090936E+000 
      3.32000000 -0.233318497927723E+005  0.838009158960747E+000 
      3.34000000 -0.233318416034002E+005  0.846198531073190E+000 
      3.36000000 -0.233318335445665E+005  0.854257364789428E+000 
      3.38000000 -0.233318256204532E+005  0.862181478092349E+000 
      3.40000000 -0.233318178351774E+005  0.869966753889725E+000 
      3.42000000 -0.233318101927883E+005  0.877609142915988E+000 
      3.44000000 -0.233318026972640E+005  0.885104667249628E+000 
      3.46000000 -0.233317953525065E+005  0.892449424712259E+000 
      3.48000000 -0.233317881623398E+005  0.899639591433189E+000 
      3.50000000 -0.233317811305067E+005  0.906671424568679E+000 
      3.52000000 -0.233317742606639E+005  0.913541267387781E+000 
      3.54000000 -0.233317675563811E+005  0.920245550188035E+000 
      3.56000000 -0.233317610211366E+005  0.926780794694534E+000 
      3.58000000 -0.233317546583139E+005  0.933143617345306E+000 
      3.60000000 -0.233317484711997E+005  0.939330731555807E+000 
      3.62000000 -0.233317424629809E+005  0.945338950394870E+000 
      3.64000000 -0.233317366367404E+005  0.951165190807430E+000 
      3.66000000 -0.233317309954556E+005  0.956806475606794E+000 
      3.68000000 -0.233317255419958E+005  0.962259935497834E+000 
      3.70000000 -0.233317202791180E+005  0.967522813278067E+000 
      3.72000000 -0.233317152094654E+005  0.972592465836105E+000 
      3.74000000 -0.233317103355651E+005  0.977466366181041E+000 
      3.76000000 -0.233317056598236E+005  0.982142107662086E+000 
      3.78000000 -0.233317011845259E+005  0.986617405320462E+000 
      3.80000000 -0.233316969118325E+005  0.990890098778804E+000 
      3.82000000 -0.233316928437753E+005  0.994958155950356E+000 
      3.84000000 -0.233316889822570E+005  0.998819674211437E+000 
      3.86000000 -0.233316853290475E+005  0.100247288377963E+001 
      3.88000000 -0.233316818857807E+005  0.100591615051037E+001 
      3.90000000 -0.233316786539533E+005  0.100914797792013E+001 
      3.92000000 -0.233316756349217E+005  0.101216700955924E+001 
      3.94000000 -0.233316728298986E+005  0.101497203262512E+001 
      3.96000000 -0.233316702399520E+005  0.101756197929258E+001 
      3.98000000 -0.233316678660012E+005  0.101993593000842E+001 
      4.00000000 -0.233316657088158E+005  0.102209311548993E+001 
      4.02000000 -0.233316637690117E+005  0.102403291960189E+001 
      4.04000000 -0.233316620470495E+005  0.102575488171079E+001 
      4.06000000 -0.233316605432324E+005  0.102725869885341E+001 
      4.08000000 -0.233316592577032E+005  0.102854422807250E+001 
      4.10000000 -0.233316581904427E+005  0.102961148853896E+001 
      4.12000000 -0.233316573412675E+005  0.103046066374825E+001 
      4.14000000 -0.233316567098286E+005  0.103109210269293E+001 
      4.16000000 -0.233316562956086E+005  0.103150632266843E+001 
      4.18000000 -0.233316560979209E+005  0.103170401030640E+001 
      4.20000000 -0.233316561159084E+005  0.103168602288325E+001 
      4.22000000 -0.233316563485410E+005  0.103145339024123E+001 
      4.24000000 -0.233316567946157E+005  0.103100731553097E+001 
      4.26000000 -0.233316574527552E+005  0.103034917601573E+001 
      4.28000000 -0.233316583214065E+005  0.102948052474817E+001 
      4.30000000 -0.233316593988409E+005  0.102840309031044E+001 
      4.32000000 -0.233316606831537E+005  0.102711877755052E+001 
      4.34000000 -0.233316621722636E+005  0.102562966770281E+001 
      4.36000000 -0.233316638639128E+005  0.102393801848096E+001 
      4.38000000 -0.233316657556680E+005  0.102204626329518E+001 
      4.40000000 -0.233316678449200E+005  0.101995701125229E+001 
      4.42000000 -0.233316701288851E+005  0.101767304617498E+001 
      4.44000000 -0.233316726046056E+005  0.101519732562739E+001 
      4.46000000 -0.233316752689512E+005  0.101253298001797E+001 
      4.48000000 -0.233316781186204E+005  0.100968331081136E+001 
      4.50000000 -0.233316811501421E+005  0.100665178914867E+001 
      4.52000000 -0.233316843598769E+005  0.100344205436877E+001 
      4.54000000 -0.233316877440192E+005  0.100005791209025E+001 
      4.56000000 -0.233316912986003E+005  0.996503330963165E+000 
      4.58000000 -0.233316950194896E+005  0.992782441611054E+000 
      4.60000000 -0.233316989023979E+005  0.988899533339347E+000 
      4.62000000 -0.233317029428797E+005  0.984859051567714E+000 
      4.64000000 -0.233317071363364E+005  0.980665594860227E+000 
      4.66000000 -0.233317114780190E+005  0.976323912295818E+000 
      4.68000000 -0.233317159630314E+005  0.971838899882830E+000 
      4.70000000 -0.233317205863339E+005  0.967215597363344E+000 
      4.72000000 -0.233317253427462E+005  0.962459185057740E+000 
      4.74000000 -0.233317302269513E+005  0.957574979942035E+000 
      4.76000000 -0.233317352334994E+005  0.952568431821136E+000 
      4.78000000 -0.233317403568121E+005  0.947445119106101E+000 
      4.80000000 -0.233317455911864E+005  0.942210744866740E+000 
      4.82000000 -0.233317509307990E+005  0.936871132231469E+000 
      4.84000000 -0.233317563697114E+005  0.931432219814998E+000 
      4.86000000 -0.233317619018740E+005  0.925900057272868E+000 
      4.88000000 -0.233317675211309E+005  0.920280800323881E+000 
      4.90000000 -0.233317732212255E+005  0.914580705794197E+000 
      4.92000000 -0.233317789958052E+005  0.908806126067453E+000 
      4.94000000 -0.233317848384267E+005  0.902963504503179E+000 
      4.96000000 -0.233317907425615E+005  0.897059369704399E+000 
      4.98000000 -0.233317967016019E+005  0.891100329395447E+000 
      5.00000000 -0.233318027088662E+005  0.885093065094824E+000 
      5.02000000 -0.233318087576047E+005  0.879044326525111E+000 
      5.04000000 -0.233318148410062E+005  0.872960925091705E+000 
      5.06000000 -0.233318209522035E+005  0.866849727726605E+000 
      5.08000000 -0.233318270842803E+005  0.860717650954931E+000 
      5.10000000 -0.233318332302766E+005  0.854571654611873E+000 
      5.12000000 -0.233318393831965E+005  0.848418734786242E+000 
      5.14000000 -0.233318455360135E+005  0.842265917707560E+000 
      5.16000000 -0.233318516816783E+005  0.836120252986603E+000 
      5.18000000 -0.233318578131242E+005  0.829988807032263E+000 
      5.20000000 -0.233318639232750E+005  0.823878656276621E+000 
      5.22000000 -0.233318700050506E+005  0.817796880684623E+000 
      5.24000000 -0.233318760513747E+005  0.811750556567698E+000 
      5.26000000 -0.233318820551811E+005  0.805746750149126E+000 
      5.28000000 -0.233318880094204E+005  0.799792510813850E+000 
      5.30000000 -0.233318939070672E+005  0.793894864064403E+000 
      5.32000000 -0.233318997411265E+005  0.788060804733604E+000 
      5.34000000 -0.233319055046409E+005  0.782297290379769E+000 
      5.36000000 -0.233319111906966E+005  0.776611234623152E+000 
      5.38000000 -0.233319167924311E+005  0.771009500108054E+000 
      5.40000000 -0.233319223030388E+005  0.765498892501289E+000 
      5.42000000 -0.233319277157776E+005  0.760086153627537E+000 
      5.44000000 -0.233319330239759E+005  0.754777955344059E+000 
      5.46000000 -0.233319382210381E+005  0.749580893183406E+000 
      5.48000000 -0.233319433004512E+005  0.744501480085826E+000 
      5.50000000 -0.233319482557908E+005  0.739546140428663E+000 
      5.52000000 -0.233319530807271E+005  0.734721204133098E+000 
      5.54000000 -0.233319577690306E+005  0.730032900678075E+000 
      5.56000000 -0.233319623145777E+005  0.725487353507114E+000 
      5.58000000 -0.233319667113569E+005  0.721090574329950E+000 
      5.60000000 -0.233319709534735E+005  0.716848457755171E+000 
      5.62000000 -0.233319750351552E+005  0.712766776031140E+000 
      5.64000000 -0.233319789507574E+005  0.708851173836416E+000 
      5.66000000 -0.233319826947679E+005  0.705107163314560E+000 
      5.68000000 -0.233319862618119E+005  0.701540119337871E+000 
      5.70000000 -0.233319896466567E+005  0.698155274588600E+000 
      5.72000000 -0.233319928442161E+005  0.694957715110387E+000 
      5.74000000 -0.233319958495552E+005  0.691952376088624E+000 
      5.76000000 -0.233319986578940E+005  0.689144037275053E+000 
      5.78000000 -0.233320012646120E+005  0.686537319250728E+000 
      5.80000000 -0.233320036652518E+005  0.684136679447676E+000 
      5.82000000 -0.233320058555227E+005  0.681946408504661E+000 
      5.84000000 -0.233320078313045E+005  0.679970626759073E+000 
      5.86000000 -0.233320095886502E+005  0.678213281023420E+000 
      5.88000000 -0.233320111237897E+005  0.676678141516496E+000 
      5.90000000 -0.233320124331324E+005  0.675368798828589E+000 
      5.92000000 -0.233320135132698E+005  0.674288661406401E+000 
      5.94000000 -0.233320143609783E+005  0.673440952973003E+000 
      5.96000000 -0.233320149732210E+005  0.672828710257153E+000 
      5.98000000 -0.233320153471503E+005  0.672454780951535E+000 
      6.00000000 -0.233320154801095E+005  0.672321821794741E+000 
      6.02000000 -0.233320153696344E+005  0.672432296882178E+000 
      6.04000000 -0.233320150134550E+005  0.672788476230650E+000 
      6.06000000 -0.233320144094969E+005  0.673392434367686E+000 
      6.08000000 -0.233320135558820E+005  0.674246049227134E+000 
      6.10000000 -0.233320124509301E+005  0.675351001112812E+000 
      6.12000000 -0.233320110931593E+005  0.676708771993174E+000 
      6.14000000 -0.233320094812865E+005  0.678320644734102E+000 
      6.16000000 -0.233320076142285E+005  0.680187702743145E+000 
      6.18000000 -0.233320054911016E+005  0.682310829644693E+000 
      6.20000000 -0.233320031112222E+005  0.684690709029398E+000 
      6.22000000 -0.233320004741066E+005  0.687327824636695E+000 
      6.24000000 -0.233319975794707E+005  0.690222460552792E+000 
      6.26000000 -0.233319944272300E+005  0.693374701300379E+000 
      6.28000000 -0.233319910174987E+005  0.696784432562533E+000 
      6.30000000 -0.233319873505893E+005  0.700451341940634E+000 
      6.32000000 -0.233319834270118E+005  0.704374919424599E+000 
      6.34000000 -0.233319792474726E+005  0.708554458701457E+000 
      6.36000000 -0.233319748128729E+005  0.712989058327818E+000 
      6.38000000 -0.233319701243087E+005  0.717677622577512E+000 
      6.40000000 -0.233319651830679E+005  0.722618863402918E+000 
      6.42000000 -0.233319599906296E+005  0.727811301690951E+000 
      6.44000000 -0.233319545486623E+005  0.733253268970725E+000 
      6.46000000 -0.233319488590218E+005  0.738942909492425E+000 
      6.48000000 -0.233319429237491E+005  0.744878182145335E+000 
      6.50000000 -0.233319367450688E+005  0.751056862468655E+000 
      6.52000000 -0.233319303253860E+005  0.757476545212988E+000 
      6.54000000 -0.233319236672845E+005  0.764134646734761E+000 
      6.56000000 -0.233319167735240E+005  0.771028407248357E+000 
      6.58000000 -0.233319096470375E+005  0.778154893771193E+000 
      6.60000000 -0.233319022909281E+005  0.785511003115209E+000 
      6.62000000 -0.233318947084667E+005  0.793093464513321E+000 
      6.64000000 -0.233318869030882E+005  0.800898843053280E+000 
      6.66000000 -0.233318788783883E+005  0.808923542956873E+000 
      6.68000000 -0.233318706381199E+005  0.817163811375734E+000 
      6.70000000 -0.233318621861897E+005  0.825615741599387E+000 
      6.72000000 -0.233318535266539E+005  0.834275277398624E+000 
      6.74000000 -0.233318446637141E+005  0.843138217121401E+000 
      6.76000000 -0.233318356017133E+005  0.852200218005288E+000 
      6.78000000 -0.233318263451306E+005  0.861456800663145E+000 
      6.80000000 -0.233318168985771E+005  0.870903354165877E+000 
      6.82000000 -0.233318072667906E+005  0.880535140682795E+000 
      6.84000000 -0.233317974546302E+005  0.890347301071706E+000 
      6.86000000 -0.233317874670713E+005  0.900334859955475E+000 
      6.88000000 -0.233317773091996E+005  0.910492731661693E+000 
      6.90000000 -0.233317669862053E+005  0.920815725961256E+000 
      6.92000000 -0.233317565033774E+005  0.931298553856449E+000 
      6.94000000 -0.233317458660971E+005  0.941935834139328E+000 
      6.96000000 -0.233317350798317E+005  0.952722099535564E+000 
      6.98000000 -0.233317241501280E+005  0.963651803250447E+000 
      7.00000000 -0.233317130826054E+005  0.974719325892311E+000 
      7.02000000 -0.233317018829493E+005  0.985918981972141E+000 
      7.04000000 -0.233316905569047E+005  0.997245026576412E+000 
      7.06000000 -0.233316791102684E+005  0.100869166289376E+001 
      7.08000000 -0.233316675488829E+005  0.102025304832481E+001 
      7.10000000 -0.233316558786294E+005  0.103192330183559E+001 
      7.12000000 -0.233316441054200E+005  0.104369651124289E+001 
      7.14000000 -0.233316322351919E+005  0.105556673939217E+001 
      7.16000000 -0.233316202739003E+005  0.106752803097578E+001 
      7.18000000 -0.233316082275113E+005  0.107957441993900E+001 
      7.20000000 -0.233315961019965E+005  0.109169993477002E+001 
      7.22000000 -0.233315839033263E+005  0.110389860498719E+001 
      7.24000000 -0.233315716374639E+005  0.111616446732929E+001 
      7.26000000 -0.233315593103599E+005  0.112849157140435E+001 
      7.28000000 -0.233315469279469E+005  0.114087398437647E+001 
      7.30000000 -0.233315344961345E+005  0.115330579672602E+001 
      7.32000000 -0.233315220208042E+005  0.116578112707564E+001 
      7.34000000 -0.233315095078054E+005  0.117829412589633E+001 
      7.36000000 -0.233314969629513E+005  0.119083897999316E+001 
      7.38000000 -0.233314843920151E+005  0.120340991611543E+001 
      7.40000000 -0.233314718007280E+005  0.121600120327072E+001 
      7.42000000 -0.233314591947753E+005  0.122860715597002E+001 
      7.44000000 -0.233314465797950E+005  0.124122213627566E+001 
      7.46000000 -0.233314339613764E+005  0.125384055489339E+001 
      7.48000000 -0.233314213450591E+005  0.126645687213754E+001 
      7.50000000 -0.233314087363318E+005  0.127906559947162E+001 
      7.52000000 -0.233313961406324E+005  0.129166129882157E+001 
      7.54000000 -0.233313835633493E+005  0.130423858198797E+001 
      7.56000000 -0.233313710098205E+005  0.131679211072646E+001 
      7.58000000 -0.233313584853364E+005  0.132931659485449E+001 
      7.60000000 -0.233313459951411E+005  0.134180679011054E+001 
      7.62000000 -0.233313335444345E+005  0.135425749678061E+001 
      7.64000000 -0.233313211383735E+005  0.136666355770593E+001 
      7.66000000 -0.233313087820768E+005  0.137901985440671E+001 
      7.68000000 -0.233312964806262E+005  0.139132130502492E+001 
      7.70000000 -0.233312842390696E+005  0.140356286164834E+001 
      7.72000000 -0.233312720624245E+005  0.141573950678080E+001 
      7.74000000 -0.233312599556808E+005  0.142784625048059E+001 
      7.76000000 -0.233312479238037E+005  0.143987812756083E+001 
      7.78000000 -0.233312359717365E+005  0.145183019474953E+001 
      7.80000000 -0.233312241044032E+005  0.146369752800434E+001 
      7.82000000 -0.233312123267107E+005  0.147547522052653E+001 
      7.84000000 -0.233312006435502E+005  0.148715838103476E+001 
      7.86000000 -0.233311890597989E+005  0.149874213231724E+001 
      7.88000000 -0.233311775803200E+005  0.151022161123179E+001 
      7.90000000 -0.233311662099625E+005  0.152159196873057E+001 
      7.92000000 -0.233311549535611E+005  0.153284837012300E+001 
      7.94000000 -0.233311438159329E+005  0.154398599830550E+001 
      7.96000000 -0.233311328018753E+005  0.155500005596100E+001 
      7.98000000 -0.233311219161631E+005  0.156588576818849E+001 
      8.00000000 -0.233311111635426E+005  0.157663838867779E+001 
      8.02000000 -0.233311005487268E+005  0.158725320449530E+001 
      8.04000000 -0.233310900763893E+005  0.159772554199278E+001 
      8.06000000 -0.233310797511561E+005  0.160805077514755E+001 
      8.08000000 -0.233310695775975E+005  0.161822433374818E+001 
      8.10000000 -0.233310595602193E+005  0.162824171198220E+001 
      8.12000000 -0.233310497034522E+005  0.163809847904399E+001 
      8.14000000 -0.233310400116416E+005  0.164779028969936E+001 
      8.16000000 -0.233310304890357E+005  0.165731289553067E+001 
      8.18000000 -0.233310211397750E+005  0.166666215624696E+001 
      8.20000000 -0.233310119678789E+005  0.167583405237380E+001 
      8.22000000 -0.233310029772347E+005  0.168482469656342E+001 
      8.24000000 -0.233309941715845E+005  0.169363034673000E+001 
      8.26000000 -0.233309855545126E+005  0.170224741860962E+001 
      8.28000000 -0.233309771294344E+005  0.171067249685070E+001 
      8.30000000 -0.233309688995843E+005  0.171890234698929E+001 
      8.32000000 -0.233309608680038E+005  0.172693392744590E+001 
      8.34000000 -0.233309530375319E+005  0.173476439936929E+001 
      8.36000000 -0.233309454107954E+005  0.174239113583674E+001 
      8.38000000 -0.233309379902000E+005  0.174981173128023E+001 
      8.40000000 -0.233309307779234E+005  0.175702400786534E+001 
      8.42000000 -0.233309237759090E+005  0.176402602230023E+001 
      8.44000000 -0.233309169858612E+005  0.177081607008005E+001 
      8.46000000 -0.233309104092428E+005  0.177739268842268E+001 
      8.48000000 -0.233309040472730E+005  0.178375465827346E+001 
      8.50000000 -0.233308979009265E+005  0.178990100473201E+001 
      8.52000000 -0.233308919709366E+005  0.179583099467336E+001 
      8.54000000 -0.233308862577969E+005  0.180154413440292E+001 
      8.56000000 -0.233308807617657E+005  0.180704016556068E+001 
      8.58000000 -0.233308754828731E+005  0.181231905817916E+001 
      8.60000000 -0.233308704209274E+005  0.181738100385283E+001 
      8.62000000 -0.233308655755241E+005  0.182222640716268E+001 
      8.64000000 -0.233308609460552E+005  0.182685587602431E+001 
      8.66000000 -0.233308565317208E+005  0.183127021048605E+001 
      8.68000000 -0.233308523315398E+005  0.183547039144670E+001 
      8.70000000 -0.233308483443627E+005  0.183945756858441E+001 
      8.72000000 -0.233308445688838E+005  0.184323304744406E+001 
      8.74000000 -0.233308410036547E+005  0.184679827657111E+001 
      8.76000000 -0.233308376470961E+005  0.185015483518368E+001 
      8.78000000 -0.233308344975114E+005  0.185330441981139E+001 
      8.80000000 -0.233308315531000E+005  0.185624883121574E+001 
      8.82000000 -0.233308288119677E+005  0.185898996357803E+001 
      8.84000000 -0.233308262721389E+005  0.186152979236640E+001 
      8.86000000 -0.233308239315679E+005  0.186387036333810E+001 
      8.88000000 -0.233308217881479E+005  0.186601378335164E+001 
      8.90000000 -0.233308198397195E+005  0.186796221175112E+001 
      8.92000000 -0.233308180840785E+005  0.186971785278083E+001 
      8.94000000 -0.233308165189817E+005  0.187128294957129E+001 
      8.96000000 -0.233308151421519E+005  0.187265977931950E+001 
      8.98000000 -0.233308139512820E+005  0.187385064922395E+001 
      9.00000000 -0.233308129440362E+005  0.187485789504923E+001 
      9.02000000 -0.233308121180516E+005  0.187568387967822E+001 
      9.04000000 -0.233308114709381E+005  0.187633099310587E+001 
      9.06000000 -0.233308110002770E+005  0.187680165423664E+001 
      9.08000000 -0.233308107036175E+005  0.187709831378622E+001 
      9.10000000 -0.233308105784741E+005  0.187722345713692E+001 
      9.12000000 -0.233308106223220E+005  0.187717960925643E+001 
      9.14000000 -0.233308108325912E+005  0.187696934002502E+001 
      9.16000000 -0.233308112066621E+005  0.187659526914498E+001 
      9.18000000 -0.233308117418582E+005  0.187606007303004E+001 
      9.20000000 -0.233308124354408E+005  0.187536649044806E+001 
      9.22000000 -0.233308132846026E+005  0.187451732862158E+001 
      9.24000000 -0.233308142864613E+005  0.187351546999031E+001 
      9.26000000 -0.233308154380543E+005  0.187236387691344E+001 
      9.28000000 -0.233308167363335E+005  0.187106559775776E+001 
      9.30000000 -0.233308181781601E+005  0.186962377118538E+001 
      9.32000000 -0.233308197603014E+005  0.186804162985361E+001 
      9.34000000 -0.233308214794277E+005  0.186632250360137E+001 
      9.36000000 -0.233308233321099E+005  0.186446982133629E+001 
      9.38000000 -0.233308253148190E+005  0.186248711223188E+001 
      9.40000000 -0.233308274239260E+005  0.186037800522021E+001 
      9.42000000 -0.233308296557028E+005  0.185814622845362E+001 
      9.44000000 -0.233308320063249E+005  0.185579560633491E+001 
      9.46000000 -0.233308344718746E+005  0.185333005667121E+001 
      9.48000000 -0.233308370483455E+005  0.185075358571190E+001 
      9.50000000 -0.233308397316481E+005  0.184807028318653E+001 
      9.52000000 -0.233308425176151E+005  0.184528431616406E+001 
      9.54000000 -0.233308454020101E+005  0.184239992111473E+001 
      9.56000000 -0.233308483805347E+005  0.183942139654735E+001 
      9.58000000 -0.233308514488367E+005  0.183635309456698E+001 
      9.60000000 -0.233308546025193E+005  0.183319941192822E+001 
      9.62000000 -0.233308578371505E+005  0.182996478070815E+001 
      9.64000000 -0.233308611482724E+005  0.182665365888945E+001 
      9.66000000 -0.233308645314104E+005  0.182327052086314E+001 
      9.68000000 -0.233308679820835E+005  0.181981984773329E+001 
      9.70000000 -0.233308714958131E+005  0.181630611816004E+001 
      9.72000000 -0.233308750681324E+005  0.181273379889018E+001 
      9.74000000 -0.233308786945955E+005  0.180910733577648E+001 
      9.76000000 -0.233308823707857E+005  0.180543114551784E+001 
      9.78000000 -0.233308860923238E+005  0.180170960748918E+001 
      9.80000000 -0.233308898548751E+005  0.179794705613430E+001 
      9.82000000 -0.233308936541569E+005  0.179414777436112E+001 
      9.84000000 -0.233308974859445E+005  0.179031598678839E+001 
      9.86000000 -0.233309013460771E+005  0.178645585416798E+001 
      9.88000000 -0.233309052304627E+005  0.178257146857128E+001 
      9.90000000 -0.233309091350827E+005  0.177866684857248E+001 
      9.92000000 -0.233309130559956E+005  0.177474593569097E+001 
      9.94000000 -0.233309169893396E+005  0.177081259165046E+001 
      9.96000000 -0.233309209313361E+005  0.176687059518016E+001 
      9.98000000 -0.233309248782908E+005  0.176292364047423E+001 
     10.00000000 -0.233309288265957E+005  0.175897533557074E+001 
     10.02000000 -0.233309327727301E+005  0.175502920120081E+001 
     10.04000000 -0.233309367132611E+005  0.175108867011431E+001 
     10.06000000 -0.233309406448444E+005  0.174715708682297E+001 
     10.08000000 -0.233309445642243E+005  0.174323770694465E+001 
     10.10000000 -0.233309484682335E+005  0.173933369770753E+001 
     10.12000000 -0.233309523537933E+005  0.173544813795012E+001 
     10.14000000 -0.233309562179132E+005  0.173158401801611E+001 
     10.16000000 -0.233309600576911E+005  0.172774424013792E+001 
     10.18000000 -0.233309638703128E+005  0.172393161841199E+001 
     10.20000000 -0.233309676530524E+005  0.172014887889779E+001 
     10.22000000 -0.233309714032718E+005  0.171639865945381E+001 
     10.24000000 -0.233309751184225E+005  0.171268350880332E+001 
     10.26000000 -0.233309787960445E+005  0.170900588670763E+001 
     10.28000000 -0.233309824337686E+005  0.170536816262657E+001 
     10.30000000 -0.233309860293165E+005  0.170177261477799E+001 
     10.32000000 -0.233309895805022E+005  0.169822142901797E+001 
     10.34000000 -0.233309930852334E+005  0.169471669780749E+001 
     10.36000000 -0.233309965415128E+005  0.169126041841820E+001 
     10.38000000 -0.233309999474396E+005  0.168785449160527E+001 
     10.40000000 -0.233310033012113E+005  0.168450072000179E+001 
     10.42000000 -0.233310066011247E+005  0.168120080658132E+001 
     10.44000000 -0.233310098455780E+005  0.167795635321932E+001 
     10.46000000 -0.233310130330721E+005  0.167476885918044E+001 
     10.48000000 -0.233310161622111E+005  0.167163972015328E+001 
     10.50000000 -0.233310192317044E+005  0.166857022688926E+001 
     10.52000000 -0.233310222403666E+005  0.166556156468285E+001 
     10.54000000 -0.233310251871184E+005  0.166261481283025E+001 
     10.56000000 -0.233310280709868E+005  0.165973094448084E+001 
     10.58000000 -0.233310308911043E+005  0.165691082693113E+001 
     10.60000000 -0.233310336467092E+005  0.165415522208875E+001 
     10.62000000 -0.233310363371439E+005  0.165146478740361E+001 
     10.64000000 -0.233310389618543E+005  0.164884007695691E+001 
     10.66000000 -0.233310415203882E+005  0.164628154302022E+001 
     10.68000000 -0.233310440123932E+005  0.164378953809417E+001 
     10.70000000 -0.233310464376143E+005  0.164136431694098E+001 
     10.72000000 -0.233310487958924E+005  0.163900603887673E+001 
     10.74000000 -0.233310510871605E+005  0.163671477075978E+001 
     10.76000000 -0.233310533114414E+005  0.163449048983688E+001 
     10.78000000 -0.233310554688446E+005  0.163233308663875E+001 
     10.80000000 -0.233310575595629E+005  0.163024236835824E+001 
     10.82000000 -0.233310595838691E+005  0.162821806219141E+001 
     10.84000000 -0.233310615421129E+005  0.162625981832284E+001 
     10.86000000 -0.233310634347176E+005  0.162436721367814E+001 
     10.88000000 -0.233310652621762E+005  0.162253975503604E+001 
     10.90000000 -0.233310670250491E+005  0.162077688214989E+001 
     10.92000000 -0.233310687239602E+005  0.161907797104533E+001 
     10.94000000 -0.233310703595941E+005  0.161744233718509E+001 
     10.96000000 -0.233310719326930E+005  0.161586923827789E+001 
     10.98000000 -0.233310734440543E+005  0.161435787698848E+001 
     11.00000000 -0.233310748945273E+005  0.161290740396001E+001 
     11.02000000 -0.233310762850111E+005  0.161151692015279E+001 
     11.04000000 -0.233310776164521E+005  0.161018547919234E+001 
     11.06000000 -0.233310788898414E+005  0.160891208981327E+001 
     11.08000000 -0.233310801062133E+005  0.160769571799698E+001 
     11.10000000 -0.233310812666422E+005  0.160653528901031E+001 
     11.12000000 -0.233310823722418E+005  0.160542968948753E+001 
     11.14000000 -0.233310834241619E+005  0.160437776931738E+001 
     11.16000000 -0.233310844235877E+005  0.160337834358899E+001 
     11.18000000 -0.233310853717367E+005  0.160243019457790E+001 
     11.20000000 -0.233310862698578E+005  0.160153207345069E+001 
     11.22000000 -0.233310871192289E+005  0.160068270236232E+001 
     11.24000000 -0.233310879211549E+005  0.159988077638664E+001 
     11.26000000 -0.233310886769658E+005  0.159912496541575E+001 
     11.28000000 -0.233310893880149E+005  0.159841391630700E+001 
     11.30000000 -0.233310900556763E+005  0.159774625499279E+001 
     11.32000000 -0.233310906813427E+005  0.159712058853159E+001 
     11.34000000 -0.233310912664238E+005  0.159653550745911E+001 
     11.36000000 -0.233310918123433E+005  0.159598958798159E+001 
     11.38000000 -0.233310923205370E+005  0.159548139424652E+001 
     11.40000000 -0.233310927924504E+005  0.159500948082987E+001 
     11.42000000 -0.233310932295362E+005  0.159457239507481E+001 
     11.44000000 -0.233310936332518E+005  0.159416867948618E+001 
     11.46000000 -0.233310940050569E+005  0.159379687430431E+001 
     11.48000000 -0.233310943464113E+005  0.159345551994895E+001 
     11.50000000 -0.233310946587717E+005  0.159314315956531E+001 
     11.52000000 -0.233310949435897E+005  0.159285834157621E+001 
     11.54000000 -0.233310952023092E+005  0.159259962210133E+001 
     11.56000000 -0.233310954363634E+005  0.159236556780633E+001 
     11.58000000 -0.233310956471731E+005  0.159215475816425E+001 
     11.60000000 -0.233310958361431E+005  0.159196578819650E+001 
     11.62000000 -0.233310960046602E+005  0.159179727110229E+001 
     11.64000000 -0.233310961540905E+005  0.159164784071194E+001 
     11.66000000 -0.233310962857771E+005  0.159151615417819E+001 
     11.68000000 -0.233310964010367E+005  0.159140089451922E+001 
     11.70000000 -0.233310965011579E+005  0.159130077333783E+001 
     11.72000000 -0.233310965873980E+005  0.159121453325610E+001 
     11.74000000 -0.233310966609806E+005  0.159114095070274E+001 
     11.76000000 -0.233310967230928E+005  0.159107883845286E+001 
     11.78000000 -0.233310967748830E+005  0.159102704824829E+001 
     11.80000000 -0.233310968174578E+005  0.159098447349820E+001 
     11.82000000 -0.233310968518794E+005  0.159095005189324E+001 
     11.84000000 -0.233310968791632E+005  0.159092276801958E+001 
     11.86000000 -0.233310969002753E+005  0.159090165594513E+001 
     11.88000000 -0.233310969161293E+005  0.159088580197595E+001 
     11.90000000 -0.233310969275842E+005  0.159087434705681E+001 
     11.92000000 -0.233310969354417E+005  0.159086648954312E+001 
     11.94000000 -0.233310969404437E+005  0.159086148755504E+001 
     11.96000000 -0.233310969432697E+005  0.159085866158545E+001 
     11.98000000 -0.233310969445343E+005  0.159085739691908E+001 
     12.00000000 -0.233310969447853E+005  0.159085714594651E+001 
     12.02000000 -0.233310969446701E+005  0.159085726117913E+001 
     12.04000000 -0.233310969445545E+005  0.159085737677061E+001 
     12.06000000 -0.233310969444398E+005  0.159085749148970E+001 
     12.08000000 -0.233310969443258E+005  0.159085760541993E+001 
     12.10000000 -0.233310969442127E+005  0.159085771853964E+001 
     12.12000000 -0.233310969441004E+005  0.159085783086740E+001 
     12.14000000 -0.233310969439889E+005  0.159085794239701E+001 
     12.16000000 -0.233310969438781E+005  0.159085805313467E+001 
     12.18000000 -0.233310969437682E+005  0.159085816302778E+001 
     12.20000000 -0.233310969436592E+005  0.159085827202994E+001 
     12.22000000 -0.233310969435511E+005  0.159085838016281E+001 
     12.24000000 -0.233310969434439E+005  0.159085848735523E+001 
     12.26000000 -0.233310969433377E+005  0.159085859359483E+001 
     12.28000000 -0.233310969432324E+005  0.159085869885686E+001 
     12.30000000 -0.233310969431282E+005  0.159085880309800E+001 
     12.32000000 -0.233310969430249E+005  0.159085890630590E+001 
     12.34000000 -0.233310969429228E+005  0.159085900846816E+001 
     12.36000000 -0.233310969428217E+005  0.159085910958170E+001 
     12.38000000 -0.233310969427216E+005  0.159085920961868E+001 
     12.40000000 -0.233310969426227E+005  0.159085930855744E+001 
     12.42000000 -0.233310969425248E+005  0.159085940647531E+001 
     12.44000000 -0.233310969424279E+005  0.159085950331663E+001 
     12.46000000 -0.233310969423322E+005  0.159085959909994E+001 
     12.48000000 -0.233310969422374E+005  0.159085969382834E+001 
     12.50000000 -0.233310969421437E+005  0.159085978753276E+001 
     12.52000000 -0.233310969420510E+005  0.159085988021631E+001 
     12.54000000 -0.233310969419593E+005  0.159085997193157E+001 
     12.56000000 -0.233310969418686E+005  0.159086006266616E+001 
     12.58000000 -0.233310969417788E+005  0.159086015245412E+001 
     12.60000000 -0.233310969416899E+005  0.159086024132638E+001 
     12.62000000 -0.233310969416019E+005  0.159086032931079E+001 
     12.64000000 -0.233310969415148E+005  0.159086041644136E+001 
     12.66000000 -0.233310969414285E+005  0.159086050272430E+001 
     12.68000000 -0.233310969413430E+005  0.159086058820909E+001 
     12.70000000 -0.233310969412583E+005  0.159086067292668E+001 
     12.72000000 -0.233310969411743E+005  0.159086075692346E+001 
     12.74000000 -0.233310969410910E+005  0.159086084020563E+001 
     12.76000000 -0.233310969410084E+005  0.159086092282268E+001 
     12.78000000 -0.233310969409264E+005  0.159086100480864E+001 
     12.80000000 -0.233310969408451E+005  0.159086108618207E+001 
     12.82000000 -0.233310969407643E+005  0.159086116699866E+001 
     12.84000000 -0.233310969406840E+005  0.159086124725840E+001 
     12.86000000 -0.233310969406042E+005  0.159086132702936E+001 
     12.88000000 -0.233310969405249E+005  0.159086140632082E+001 
     12.90000000 -0.233310969404461E+005  0.159086148517298E+001 
     12.92000000 -0.233310969403676E+005  0.159086156362608E+001 
     12.94000000 -0.233310969402896E+005  0.159086164168939E+001 
     12.96000000 -0.233310969402118E+005  0.159086171942168E+001 
     12.98000000 -0.233310969401344E+005  0.159086179685080E+001 
     13.00000000 -0.233310969400573E+005  0.159086187400459E+001 
     13.02000000 -0.233310969399803E+005  0.159086195091090E+001 
     13.04000000 -0.233310969399037E+005  0.159086202758519E+001 
     13.06000000 -0.233310969398272E+005  0.159086210409242E+001 
     13.08000000 -0.233310969397508E+005  0.159086218042333E+001 
     13.10000000 -0.233310969396746E+005  0.159086225664286E+001 
     13.12000000 -0.233310969395985E+005  0.159086233275102E+001 
     13.14000000 -0.233310969395225E+005  0.159086240879113E+001 
     13.16000000 -0.233310969394465E+005  0.159086248479102E+001 
     13.18000000 -0.233310969393705E+005  0.159086256077853E+001 
     13.20000000 -0.233310969392945E+005  0.159086263675677E+001 
     13.22000000 -0.233310969392185E+005  0.159086271278450E+001 
     13.24000000 -0.233310969391424E+005  0.159086278885554E+001 
     13.26000000 -0.233310969390662E+005  0.159086286501320E+001 
     13.28000000 -0.233310969389900E+005  0.159086294125749E+001 
     13.30000000 -0.233310969389136E+005  0.159086301762242E+001 
     13.32000000 -0.233310969388371E+005  0.159086309412965E+001 
     13.34000000 -0.233310969387605E+005  0.159086317076682E+001 
     13.36000000 -0.233310969386837E+005  0.159086324758960E+001 
     13.38000000 -0.233310969386067E+005  0.159086332456087E+001 
     13.40000000 -0.233310969385295E+005  0.159086340172704E+001 
     13.42000000 -0.233310969384522E+005  0.159086347908192E+001 
     13.44000000 -0.233310969383746E+005  0.159086355663787E+001 
     13.46000000 -0.233310969382969E+005  0.159086363437945E+001 
     13.48000000 -0.233310969382189E+005  0.159086371231282E+001 
     13.50000000 -0.233310969381408E+005  0.159086379042562E+001 
     13.52000000 -0.233310969380625E+005  0.159086386873641E+001 
     13.54000000 -0.233310969379840E+005  0.159086394721735E+001 
     13.56000000 -0.233310969379054E+005  0.159086402584987E+001 
     13.58000000 -0.233310969378266E+005  0.159086410465254E+001 
     13.60000000 -0.233310969377477E+005  0.159086418355111E+001 
     13.62000000 -0.233310969376687E+005  0.159086426255487E+001 
     13.64000000 -0.233310969375896E+005  0.159086434164214E+001 
     13.66000000 -0.233310969375105E+005  0.159086442078511E+001 
     13.68000000 -0.233310969374313E+005  0.159086449993116E+001 
     13.70000000 -0.233310969373522E+005  0.159086457907103E+001 
     13.72000000 -0.233310969372731E+005  0.159086465813666E+001 
     13.74000000 -0.233310969371941E+005  0.159086473712185E+001 
     13.76000000 -0.233310969371153E+005  0.159086481597092E+001 
     13.78000000 -0.233310969370366E+005  0.159086489464057E+001 
     13.80000000 -0.233310969369582E+005  0.159086497309057E+001 
     13.82000000 -0.233310969368800E+005  0.159086505126524E+001 
     13.84000000 -0.233310969368021E+005  0.159086512912437E+001 
     13.86000000 -0.233310969367246E+005  0.159086520660918E+001 
     13.88000000 -0.233310969366476E+005  0.159086528368563E+001 
     13.90000000 -0.233310969365710E+005  0.159086536027949E+001 
     13.92000000 -0.233310969364949E+005  0.159086543638146E+001 
     13.94000000 -0.233310969364194E+005  0.159086551190185E+001 
     13.96000000 -0.233310969363444E+005  0.159086558682827E+001 
     13.98000000 -0.233310969362702E+005  0.159086566109885E+001 
     14.00000000 -0.233310969361966E+005  0.159086573464553E+001 
     14.02000000 -0.233310969361238E+005  0.159086580747450E+001 
     14.04000000 -0.233310969360517E+005  0.159086587950533E+001 
     14.06000000 -0.233310969359805E+005  0.159086595072565E+001 
     14.08000000 -0.233310969359102E+005  0.159086602106739E+001 
     14.10000000 -0.233310969358407E+005  0.159086609052436E+001 
     14.12000000 -0.233310969357722E+005  0.159086615903470E+001 
     14.14000000 -0.233310969357047E+005  0.159086622658604E+001 
     14.16000000 -0.233310969356381E+005  0.159086629314124E+001 
     14.18000000 -0.233310969355726E+005  0.159086635867865E+001 
     14.20000000 -0.233310969355081E+005  0.159086642315188E+001 
     14.22000000 -0.233310969354447E+005  0.159086648656400E+001 
     14.24000000 -0.233310969353824E+005  0.159086654888719E+001 
     14.26000000 -0.233310969353211E+005  0.159086661011525E+001 
     14.28000000 -0.233310969352611E+005  0.159086667018632E+001 
     14.30000000 -0.233310969352021E+005  0.159086672914370E+001 
     14.32000000 -0.233310969351443E+005  0.159086678695026E+001 
     14.34000000 -0.233310969350877E+005  0.159086684358127E+001 
     14.36000000 -0.233310969350322E+005  0.159086689906147E+001 
     14.38000000 -0.233310969349779E+005  0.159086695336301E+001 
     14.40000000 -0.233310969349248E+005  0.159086700649209E+001 
     14.42000000 -0.233310969348728E+005  0.159086705843633E+001 
     14.44000000 -0.233310969348220E+005  0.159086710922667E+001 
     14.46000000 -0.233310969347725E+005  0.159086715879195E+001 
     14.48000000 -0.233310969347241E+005  0.159086720719404E+001 
     14.50000000 -0.233310969346768E+005  0.159086725442986E+001 
     14.52000000 -0.233310969346308E+005  0.159086730047156E+001 
     14.54000000 -0.233310969345859E+005  0.159086734534079E+001 
     14.56000000 -0.233310969345422E+005  0.159086738904993E+001 
     14.58000000 -0.233310969344997E+005  0.159086743159588E+001 
     14.60000000 -0.233310969344583E+005  0.159086747298175E+001 
     14.62000000 -0.233310969344180E+005  0.159086751323227E+001 
     14.64000000 -0.233310969343789E+005  0.159086755234435E+001 
     14.66000000 -0.233310969343409E+005  0.159086759034585E+001 
     14.68000000 -0.233310969343040E+005  0.159086762723984E+001 
     14.70000000 -0.233310969342682E+005  0.159086766305726E+001 
     14.72000000 -0.233310969342335E+005  0.159086769777956E+001 
     14.74000000 -0.233310969341998E+005  0.159086773148098E+001 
     14.76000000 -0.233310969341671E+005  0.159086776415534E+001 
     14.78000000 -0.233310969341354E+005  0.159086779583356E+001 
     14.80000000 -0.233310969341047E+005  0.159086782652802E+001 
     14.82000000 -0.233310969340750E+005  0.159086785630369E+001 
     14.84000000 -0.233310969340461E+005  0.159086788515129E+001 
     14.86000000 -0.233310969340181E+005  0.159086791311722E+001 
     14.88000000 -0.233310969339910E+005  0.159086794024170E+001 
     14.90000000 -0.233310969339647E+005  0.159086796657113E+001 
     14.92000000 -0.233310969339392E+005  0.159086799209004E+001 
     14.94000000 -0.233310969339144E+005  0.159086801687577E+001 
     14.96000000 -0.233310969338903E+005  0.159086804091905E+001 
     14.98000000 -0.233310969338670E+005  0.159086806428792E+001 
     15.00000000 -0.233310969338443E+005  0.159086808699477E+001 
     15.02000000 -0.233310969338222E+005  0.159086810907053E+001 
     15.04000000 -0.233310969338007E+005  0.159086813053995E+001 
     15.06000000 -0.233310969337798E+005  0.159086815144016E+001 
     15.08000000 -0.233310969337595E+005  0.159086817177733E+001 
     15.10000000 -0.233310969337397E+005  0.159086819158859E+001 
     15.12000000 -0.233310969337204E+005  0.159086821089251E+001 
     15.14000000 -0.233310969337015E+005  0.159086822972620E+001 
     15.16000000 -0.233310969336832E+005  0.159086824807729E+001 
     15.18000000 -0.233310969336653E+005  0.159086826599529E+001 
     15.20000000 -0.233310969336478E+005  0.159086828348637E+001 
     15.22000000 -0.233310969336307E+005  0.159086830058766E+001 
     15.24000000 -0.233310969336140E+005  0.159086831728678E+001 
     15.26000000 -0.233310969335976E+005  0.159086833363943E+001 
     15.28000000 -0.233310969335816E+005  0.159086834964559E+001 
     15.30000000 -0.233310969335659E+005  0.159086836532384E+001 
     15.32000000 -0.233310969335505E+005  0.159086838071128E+001 
     15.34000000 -0.233310969335355E+005  0.159086839580175E+001 
     15.36000000 -0.233310969335206E+005  0.159086841065092E+001 
     15.38000000 -0.233310969335060E+005  0.159086842525878E+001 
     15.40000000 -0.233310969334916E+005  0.159086843966247E+001 
     15.42000000 -0.233310969334774E+005  0.159086845388055E+001 
     15.44000000 -0.233310969334633E+005  0.159086846791611E+001 
     15.46000000 -0.233310969334494E+005  0.159086848183101E+001 
     15.48000000 -0.233310969334356E+005  0.159086849562527E+001 
     15.50000000 -0.233310969334219E+005  0.159086850931744E+001 
     15.52000000 -0.233310969334083E+005  0.159086852296630E+001 
     15.54000000 -0.233310969333947E+005  0.159086853656566E+001 
     15.56000000 -0.233310969333811E+005  0.159086855012480E+001 
     15.58000000 -0.233310969333676E+005  0.159086856368704E+001 
     15.60000000 -0.233310969333540E+005  0.159086857728950E+001 
     15.62000000 -0.233310969333403E+005  0.159086859090742E+001 
     15.64000000 -0.233310969333266E+005  0.159086860461506E+001 
     15.66000000 -0.233310969333129E+005  0.159086861838766E+001 
     15.68000000 -0.233310969332990E+005  0.159086863226544E+001 
     15.70000000 -0.233310969332850E+005  0.159086864625150E+001 
     15.72000000 -0.233310969332709E+005  0.159086866037058E+001 
     15.74000000 -0.233310969332566E+005  0.159086867462269E+001 
     15.76000000 -0.233310969332422E+005  0.159086868901710E+001 
     15.78000000 -0.233310969332277E+005  0.159086870359403E+001 
     15.80000000 -0.233310969332129E+005  0.159086871832564E+001 
     15.82000000 -0.233310969331980E+005  0.159086873323668E+001 
     15.84000000 -0.233310969331829E+005  0.159086874833333E+001 
     15.86000000 -0.233310969331676E+005  0.159086876360941E+001 
     15.88000000 -0.233310969331522E+005  0.159086877908348E+001 
     15.90000000 -0.233310969331365E+005  0.159086879477410E+001 
     15.92000000 -0.233310969331206E+005  0.159086881063796E+001 
     15.94000000 -0.233310969331045E+005  0.159086882670599E+001 
     15.96000000 -0.233310969330883E+005  0.159086884298749E+001 
     15.98000000 -0.233310969330718E+005  0.159086885947315E+001 
     16.00000000 -0.233310969330551E+005  0.159086887615681E+001 
     16.02000000 -0.233310969330382E+005  0.159086889305083E+001 
     16.04000000 -0.233310969330211E+005  0.159086891015831E+001 
     16.06000000 -0.233310969330038E+005  0.159086892748852E+001 
     16.08000000 -0.233310969329862E+005  0.159086894503529E+001 
     16.10000000 -0.233310969329684E+005  0.159086896280479E+001 
     16.12000000 -0.233310969329504E+005  0.159086898081250E+001 
     16.14000000 -0.233310969329322E+005  0.159086899903676E+001 
     16.16000000 -0.233310969329137E+005  0.159086901750541E+001 
     16.18000000 -0.233310969328950E+005  0.159086903622154E+001 
     16.20000000 -0.233310969328761E+005  0.159086905518517E+001 
     16.22000000 -0.233310969328568E+005  0.159086907441484E+001 
     16.24000000 -0.233310969328373E+005  0.159086909391984E+001 
     16.26000000 -0.233310969328176E+005  0.159086911370326E+001 
     16.28000000 -0.233310969327975E+005  0.159086913377438E+001 
     16.30000000 -0.233310969327771E+005  0.159086915413630E+001 
     16.32000000 -0.233310969327564E+005  0.159086917482614E+001 
     16.34000000 -0.233310969327355E+005  0.159086919580368E+001 
     16.36000000 -0.233310969327141E+005  0.159086921710604E+001 
     16.38000000 -0.233310969326925E+005  0.159086923873942E+001 
     16.40000000 -0.233310969326705E+005  0.159086926070691E+001 
     16.42000000 -0.233310969326483E+005  0.159086928300231E+001 
     16.44000000 -0.233310969326256E+005  0.159086930564729E+001 
     16.46000000 -0.233310969326026E+005  0.159086932862638E+001 
     16.48000000 -0.233310969325793E+005  0.159086935195813E+001 
     16.50000000 -0.233310969325556E+005  0.159086937563018E+001 
     16.52000000 -0.233310969325316E+005  0.159086939964252E+001 
     16.54000000 -0.233310969325073E+005  0.159086942398587E+001 
     16.56000000 -0.233310969324826E+005  0.159086944868807E+001 
     16.58000000 -0.233310969324575E+005  0.159086947370892E+001 
     16.60000000 -0.233310969324322E+005  0.159086949905768E+001 
     16.62000000 -0.233310969324065E+005  0.159086952473437E+001 
     16.64000000 -0.233310969323805E+005  0.159086955074516E+001 
     16.66000000 -0.233310969323542E+005  0.159086957705912E+001 
     16.68000000 -0.233310969323276E+005  0.159086960368243E+001 
     16.70000000 -0.233310969323006E+005  0.159086963061511E+001 
     16.72000000 -0.233310969322734E+005  0.159086965784168E+001 
     16.74000000 -0.233310969322459E+005  0.159086968535594E+001 
     16.76000000 -0.233310969322181E+005  0.159086971315482E+001 
     16.78000000 -0.233310969321900E+005  0.159086974124449E+001 
     16.80000000 -0.233310969321617E+005  0.159086976958475E+001 
     16.82000000 -0.233310969321331E+005  0.159086979819723E+001 
     16.84000000 -0.233310969321042E+005  0.159086982705102E+001 
     16.86000000 -0.233310969320751E+005  0.159086985616157E+001 
     16.88000000 -0.233310969320458E+005  0.159086988550414E+001 
     16.90000000 -0.233310969320162E+005  0.159086991506945E+001 
     16.92000000 -0.233310969319864E+005  0.159086994489153E+001 
     16.94000000 -0.233310969319563E+005  0.159086997491159E+001 
     16.96000000 -0.233310969319261E+005  0.159087000513893E+001 
     16.98000000 -0.233310969318957E+005  0.159087003555806E+001 
     17.00000000 -0.233310969318651E+005  0.159087006617209E+001 
     17.02000000 -0.233310969318343E+005  0.159087009697174E+001 
     17.04000000 -0.233310969318033E+005  0.159087012795700E+001 
     17.06000000 -0.233310969317721E+005  0.159087015910931E+001 
     17.08000000 -0.233310969317408E+005  0.159087019042868E+001 
     17.10000000 -0.233310969317094E+005  0.159087022188416E+001 
     17.12000000 -0.233310969316777E+005  0.159087025354073E+001 
     17.14000000 -0.233310969316460E+005  0.159087028529939E+001 
     17.16000000 -0.233310969316140E+005  0.159087031723128E+001 
     17.18000000 -0.233310969315820E+005  0.159087034929620E+001 
     17.20000000 -0.233310969315497E+005  0.159087038150652E+001 
     17.22000000 -0.233310969315174E+005  0.159087041385914E+001 
     17.24000000 -0.233310969314849E+005  0.159087044634787E+001 
     17.26000000 -0.233310969314523E+005  0.159087047899129E+001 
     17.28000000 -0.233310969314195E+005  0.159087051177083E+001 
     17.30000000 -0.233310969313865E+005  0.159087054471123E+001 
     17.32000000 -0.233310969313535E+005  0.159087057780321E+001 
     17.34000000 -0.233310969313202E+005  0.159087061107463E+001 
     17.36000000 -0.233310969312867E+005  0.159087064451619E+001 
     17.38000000 -0.233310969312531E+005  0.159087067813717E+001 
     17.40000000 -0.233310969312193E+005  0.159087071196852E+001 
     17.42000000 -0.233310969311852E+005  0.159087074601024E+001 
     17.44000000 -0.233310969311510E+005  0.159087078026232E+001 
     17.46000000 -0.233310969311165E+005  0.159087081475569E+001 
     17.48000000 -0.233310969310818E+005  0.159087084950274E+001 
     17.50000000 -0.233310969310467E+005  0.159087088451584E+001 
     17.52000000 -0.233310969310115E+005  0.159087091979498E+001 
     17.54000000 -0.233310969309759E+005  0.159087095537111E+001 
     17.56000000 -0.233310969309400E+005  0.159087099126278E+001 
     17.58000000 -0.233310969309038E+005  0.159087102746690E+001 
     17.60000000 -0.233310969308672E+005  0.159087106401442E+001 
     17.62000000 -0.233310969308304E+005  0.159087110089294E+001 
     17.64000000 -0.233310969307931E+005  0.159087113813960E+001 
     17.66000000 -0.233310969307555E+005  0.159087117576367E+001 
     17.68000000 -0.233310969307175E+005  0.159087121375898E+001 
     17.70000000 -0.233310969306791E+005  0.159087125215645E+001 
     17.72000000 -0.233310969306403E+005  0.159087129094371E+001 
     17.74000000 -0.233310969306011E+005  0.159087133015479E+001 
     17.76000000 -0.233310969305615E+005  0.159087136978659E+001 
     17.78000000 -0.233310969305214E+005  0.159087140985459E+001 
     17.80000000 -0.233310969304809E+005  0.159087145035569E+001 
     17.82000000 -0.233310969304399E+005  0.159087149132083E+001 
     17.84000000 -0.233310969303985E+005  0.159087153273454E+001 
     17.86000000 -0.233310969303566E+005  0.159087157460609E+001 
     17.88000000 -0.233310969303143E+005  0.159087161695715E+001 
     17.90000000 -0.233310969302714E+005  0.159087165981865E+001 
     17.92000000 -0.233310969302281E+005  0.159087170315966E+001 
     17.94000000 -0.233310969301842E+005  0.159087174700491E+001 
     17.96000000 -0.233310969301399E+005  0.159087179136680E+001 
     17.98000000 -0.233310969300950E+005  0.159087183624222E+001 
     18.00000000 -0.233310969300496E+005  0.159087188164354E+001 
     18.02000000 -0.233310969300036E+005  0.159087192761409E+001 
     18.04000000 -0.233310969299572E+005  0.159087197409816E+001 
     18.06000000 -0.233310969299101E+005  0.159087202112671E+001 
     18.08000000 -0.233310969298625E+005  0.159087206873066E+001 
     18.10000000 -0.233310969298144E+005  0.159087211689765E+001 
     18.12000000 -0.233310969297656E+005  0.159087216562147E+001 
     18.14000000 -0.233310969297163E+005  0.159087221493308E+001 
     18.16000000 -0.233310969296665E+005  0.159087226479534E+001 
     18.18000000 -0.233310969296160E+005  0.159087231526395E+001 
     18.20000000 -0.233310969295650E+005  0.159087236627393E+001 
     18.22000000 -0.233310969295134E+005  0.159087241789025E+001 
     18.24000000 -0.233310969294612E+005  0.159087247005104E+001 
     18.26000000 -0.233310969294085E+005  0.159087252278723E+001 
     18.28000000 -0.233310969293552E+005  0.159087257607718E+001 
     18.30000000 -0.233310969293013E+005  0.159087262992397E+001 
     18.32000000 -0.233310969292470E+005  0.159087268430285E+001 
     18.34000000 -0.233310969291920E+005  0.159087273922621E+001 
     18.36000000 -0.233310969291366E+005  0.159087279465072E+001 
     18.38000000 -0.233310969290807E+005  0.159087285057021E+001 
     18.40000000 -0.233310969290243E+005  0.159087290696301E+001 
     18.42000000 -0.233310969289674E+005  0.159087296384150E+001 
     18.44000000 -0.233310969289101E+005  0.159087302113144E+001 
     18.46000000 -0.233310969288524E+005  0.159087307883902E+001 
     18.48000000 -0.233310969287943E+005  0.159087313693947E+001 
     18.50000000 -0.233310969287359E+005  0.159087319538641E+001 
     18.52000000 -0.233310969286771E+005  0.159087325416436E+001 
     18.54000000 -0.233310969286180E+005  0.159087331325167E+001 
     18.56000000 -0.233310969285587E+005  0.159087337256790E+001 
     18.58000000 -0.233310969284991E+005  0.159087343212234E+001 
     18.60000000 -0.233310969284394E+005  0.159087349187476E+001 
     18.62000000 -0.233310969283795E+005  0.159087355174165E+001 
     18.64000000 -0.233310969283195E+005  0.159087361171991E+001 
     18.66000000 -0.233310969282595E+005  0.159087367178169E+001 
     18.68000000 -0.233310969281994E+005  0.159087373184348E+001 
     18.70000000 -0.233310969281394E+005  0.159087379189289E+001 
     18.72000000 -0.233310969280794E+005  0.159087385187733E+001 
     18.74000000 -0.233310969280195E+005  0.159087391172875E+001 
     18.76000000 -0.233310969279598E+005  0.159087397143787E+001 
     18.78000000 -0.233310969279003E+005  0.159087403093044E+001 
     18.80000000 -0.233310969278411E+005  0.159087409019717E+001 
     18.82000000 -0.233310969277821E+005  0.159087414916074E+001 
     18.84000000 -0.233310969277235E+005  0.159087420779019E+001 
     18.86000000 -0.233310969276652E+005  0.159087426602986E+001 
     18.88000000 -0.233310969276074E+005  0.159087432386118E+001 
     18.90000000 -0.233310969275501E+005  0.159087438120371E+001 
     18.92000000 -0.233310969274932E+005  0.159087443806983E+001 
     18.94000000 -0.233310969274369E+005  0.159087449439148E+001 
     18.96000000 -0.233310969273811E+005  0.159087455012226E+001 
     18.98000000 -0.233310969273260E+005  0.159087460526835E+001 
     19.00000000 -0.233310969272715E+005  0.159087465974623E+001 
     19.02000000 -0.233310969272177E+005  0.159087471357136E+001 
     19.04000000 -0.233310969271645E+005  0.159087476670663E+001 
     19.06000000 -0.233310969271121E+005  0.159087481913037E+001 
     19.08000000 -0.233310969270604E+005  0.159087487081166E+001 
     19.10000000 -0.233310969270095E+005  0.159087492172883E+001 
     19.12000000 -0.233310969269594E+005  0.159087497188808E+001 
     19.14000000 -0.233310969269100E+005  0.159087502125537E+001 
     19.16000000 -0.233310969268614E+005  0.159087506982761E+001 
     19.18000000 -0.233310969268137E+005  0.159087511760480E+001 
     19.20000000 -0.233310969267667E+005  0.159087516454982E+001 
     19.22000000 -0.233310969267206E+005  0.159087521067195E+001 
     19.24000000 -0.233310969266753E+005  0.159087525596810E+001 
     19.26000000 -0.233310969266308E+005  0.159087530043516E+001 
     19.28000000 -0.233310969265872E+005  0.159087534407006E+001 
     19.30000000 -0.233310969265444E+005  0.159087538688206E+001 
     19.32000000 -0.233310969265024E+005  0.159087542887117E+001 
     19.34000000 -0.233310969264612E+005  0.159087547002811E+001 
     19.36000000 -0.233310969264209E+005  0.159087551035906E+001 
     19.38000000 -0.233310969263814E+005  0.159087554988878E+001 
     19.40000000 -0.233310969263426E+005  0.159087558861417E+001 
     19.42000000 -0.233310969263047E+005  0.159087562657235E+001 
     19.44000000 -0.233310969262675E+005  0.159087566371383E+001 
     19.46000000 -0.233310969262311E+005  0.159087570010975E+001 
     19.48000000 -0.233310969261955E+005  0.159087573575703E+001 
     19.50000000 -0.233310969261606E+005  0.159087577066495E+001 
     19.52000000 -0.233310969261264E+005  0.159087580486444E+001 
     19.54000000 -0.233310969260929E+005  0.159087583837405E+001 
     19.56000000 -0.233310969260601E+005  0.159087587119381E+001 
     19.58000000 -0.233310969260279E+005  0.159087590334844E+001 
     19.60000000 -0.233310969259964E+005  0.159087593487198E+001 
     19.62000000 -0.233310969259655E+005  0.159087596576753E+001 
     19.64000000 -0.233310969259352E+005  0.159087599604745E+001 
     19.66000000 -0.233310969259055E+005  0.159087602573650E+001 
     19.68000000 -0.233310969258764E+005  0.159087605486562E+001 
     19.70000000 -0.233310969258478E+005  0.159087608342552E+001 
     19.72000000 -0.233310969258198E+005  0.159087611145641E+001 
     19.74000000 -0.233310969257923E+005  0.159087613896140E+001 
     19.76000000 -0.233310969257653E+005  0.159087616593738E+001 
     19.78000000 -0.233310969257388E+005  0.159087619243696E+001 
     19.80000000 -0.233310969257128E+005  0.159087621846012E+001 
     19.82000000 -0.233310969256872E+005  0.159087624400687E+001 
     19.84000000 -0.233310969256622E+005  0.159087626908959E+001 
     19.86000000 -0.233310969256375E+005  0.159087629375158E+001 
     19.88000000 -0.233310969256133E+005  0.159087631798047E+001 
     19.90000000 -0.233310969255895E+005  0.159087634178864E+001 
     19.92000000 -0.233310969255660E+005  0.159087636520391E+001 
     19.94000000 -0.233310969255430E+005  0.159087638821703E+001 
     19.96000000 -0.233310969255204E+005  0.159087641086819E+001 
     19.98000000 -0.233310969254981E+005  0.159087643312957E+001 
     20.00000000 -0.233310969254762E+005  0.159087645503209E+001 
     20.02000000 -0.233310969254547E+005  0.159087647660050E+001 
     20.04000000 -0.233310969254334E+005  0.159087649783791E+001 
     20.06000000 -0.233310969254125E+005  0.159087651872883E+001 
     20.08000000 -0.233310969253919E+005  0.159087653931967E+001 
     20.10000000 -0.233310969253717E+005  0.159087655957641E+001 
     20.12000000 -0.233310969253517E+005  0.159087657953616E+001 
     20.14000000 -0.233310969253321E+005  0.159087659918656E+001 
     20.16000000 -0.233310969253127E+005  0.159087661852141E+001 
     20.18000000 -0.233310969252937E+005  0.159087663757475E+001 
     20.20000000 -0.233310969252749E+005  0.159087665632491E+001 
     20.22000000 -0.233310969252565E+005  0.159087667475644E+001 
     20.24000000 -0.233310969252384E+005  0.159087669289717E+001 
     20.26000000 -0.233310969252205E+005  0.159087671073473E+001 
     20.28000000 -0.233310969252030E+005  0.159087672826912E+001 
     20.30000000 -0.233310969251858E+005  0.159087674549416E+001 
     20.32000000 -0.233310969251689E+005  0.159087676240365E+001 
     20.34000000 -0.233310969251522E+005  0.159087677900996E+001 
     20.36000000 -0.233310969251360E+005  0.159087679530074E+001 
     20.38000000 -0.233310969251200E+005  0.159087681126359E+001 
     20.40000000 -0.233310969251043E+005  0.159087682691090E+001 
     20.42000000 -0.233310969250890E+005  0.159087684222720E+001 
     20.44000000 -0.233310969250740E+005  0.159087685724651E+001 
     20.46000000 -0.233310969250593E+005  0.159087687193481E+001 
     20.48000000 -0.233310969250449E+005  0.159087688631375E+001 
     20.50000000 -0.233310969250309E+005  0.159087690037406E+001 
     20.52000000 -0.233310969250172E+005  0.159087691410025E+001 
     20.54000000 -0.233310969250037E+005  0.159087692754494E+001 
     20.56000000 -0.233310969249906E+005  0.159087694064623E+001 
     20.58000000 -0.233310969249778E+005  0.159087695346292E+001 
     20.60000000 -0.233310969249653E+005  0.159087696596715E+001 
     20.62000000 -0.233310969249530E+005  0.159087697820534E+001 
     20.64000000 -0.233310969249411E+005  0.159087699013417E+001 
     20.66000000 -0.233310969249295E+005  0.159087700179386E+001 
     20.68000000 -0.233310969249181E+005  0.159087701319369E+001 
     20.70000000 -0.233310969249069E+005  0.159087702432438E+001 
     20.72000000 -0.233310969248960E+005  0.159087703521377E+001 
     20.74000000 -0.233310969248854E+005  0.159087704585258E+001 
     20.76000000 -0.233310969248750E+005  0.159087705629340E+001 
     20.78000000 -0.233310969248648E+005  0.159087706649601E+001 
     20.80000000 -0.233310969248547E+005  0.159087707651301E+001 
     20.82000000 -0.233310969248449E+005  0.159087708634440E+001 
     20.84000000 -0.233310969248352E+005  0.159087709601492E+001 
     20.86000000 -0.233310969248257E+005  0.159087710551838E+001 
     20.88000000 -0.233310969248164E+005  0.159087711489811E+001 
     20.90000000 -0.233310969248071E+005  0.159087712412934E+001 
     20.92000000 -0.233310969247980E+005  0.159087713328014E+001 
     20.94000000 -0.233310969247889E+005  0.159087714230719E+001 
     20.96000000 -0.233310969247800E+005  0.159087715124763E+001 
     20.98000000 -0.233310969247711E+005  0.159087716012000E+001 
     21.00000000 -0.233310969247623E+005  0.159087716894288E+001 
     21.02000000 -0.233310969247536E+005  0.159087717769152E+001 
     21.04000000 -0.233310969247448E+005  0.159087718642159E+001 
     21.06000000 -0.233310969247362E+005  0.159087719507742E+001 
     21.08000000 -0.233310969247275E+005  0.159087720373634E+001 
     21.10000000 -0.233310969247189E+005  0.159087721237051E+001 
     21.12000000 -0.233310969247103E+005  0.159087722099230E+001 
     21.14000000 -0.233310969247017E+005  0.159087722958935E+001 
     21.16000000 -0.233310969246931E+005  0.159087723817093E+001 
     21.18000000 -0.233310969246845E+005  0.159087724675251E+001 
     21.20000000 -0.233310969246759E+005  0.159087725533719E+001 
     21.22000000 -0.233310969246673E+005  0.159087726391568E+001 
     21.24000000 -0.233310969246588E+005  0.159087727249726E+001 
     21.26000000 -0.233310969246502E+005  0.159087728109431E+001 
     21.28000000 -0.233310969246416E+005  0.159087728969754E+001 
     21.30000000 -0.233310969246329E+005  0.159087729832862E+001 
     21.32000000 -0.233310969246243E+005  0.159087730697826E+001 
     21.34000000 -0.233310969246156E+005  0.159087731565883E+001 
     21.36000000 -0.233310969246069E+005  0.159087732438891E+001 
     21.38000000 -0.233310969245981E+005  0.159087733318085E+001 
     21.40000000 -0.233310969245892E+005  0.159087734203467E+001 
     21.42000000 -0.233310969245803E+005  0.159087735097819E+001 
     21.44000000 -0.233310969245713E+005  0.159087736000216E+001 
     21.46000000 -0.233310969245621E+005  0.159087736914058E+001 
     21.48000000 -0.233310969245529E+005  0.159087737840275E+001 
     21.50000000 -0.233310969245435E+005  0.159087738778866E+001 
     21.52000000 -0.233310969245339E+005  0.159087739733544E+001 
     21.54000000 -0.233310969245242E+005  0.159087740704308E+001 
     21.56000000 -0.233310969245143E+005  0.159087741693943E+001 
     21.58000000 -0.233310969245042E+005  0.159087742702139E+001 
     21.60000000 -0.233310969244940E+005  0.159087743730135E+001 
     21.62000000 -0.233310969244834E+005  0.159087744780404E+001 
     21.64000000 -0.233310969244727E+005  0.159087745854494E+001 
     21.66000000 -0.233310969244617E+005  0.159087746952404E+001 
     21.68000000 -0.233310969244505E+005  0.159087748076300E+001 
     21.70000000 -0.233310969244390E+005  0.159087749226801E+001 
     21.72000000 -0.233310969244272E+005  0.159087750404526E+001 
     21.74000000 -0.233310969244152E+005  0.159087751609783E+001 
     21.76000000 -0.233310969244028E+005  0.159087752842573E+001 
     21.78000000 -0.233310969243902E+005  0.159087754106299E+001 
     21.80000000 -0.233310969243773E+005  0.159087755399414E+001 
     21.82000000 -0.233310969243640E+005  0.159087756723465E+001 
     21.84000000 -0.233310969243505E+005  0.159087758075976E+001 
     21.86000000 -0.233310969243366E+005  0.159087759463136E+001 
     21.88000000 -0.233310969243225E+005  0.159087760879066E+001 
     21.90000000 -0.233310969243080E+005  0.159087762326241E+001 
     21.92000000 -0.233310969242932E+005  0.159087763805280E+001 
     21.94000000 -0.233310969242781E+005  0.159087765314635E+001 
     21.96000000 -0.233310969242627E+005  0.159087766854927E+001 
     21.98000000 -0.233310969242470E+005  0.159087768425845E+001 
     22.00000000 -0.233310969242310E+005  0.159087770025224E+001 
     22.02000000 -0.233310969242147E+005  0.159087771653373E+001 
     22.04000000 -0.233310969241982E+005  0.159087773309674E+001 
     22.06000000 -0.233310969241813E+005  0.159087774993508E+001 
     22.08000000 -0.233310969241642E+005  0.159087776701781E+001 
     22.10000000 -0.233310969241469E+005  0.159087778436349E+001 
     22.12000000 -0.233310969241293E+005  0.159087780194428E+001 
     22.14000000 -0.233310969241115E+005  0.159087781973235E+001 
     22.16000000 -0.233310969240935E+005  0.159087783774005E+001 
     22.18000000 -0.233310969240753E+005  0.159087785593338E+001 
     22.20000000 -0.233310969240569E+005  0.159087787431231E+001 
     22.22000000 -0.233310969240384E+005  0.159087789285830E+001 
     22.24000000 -0.233310969240197E+005  0.159087791156207E+001 
     22.26000000 -0.233310969240009E+005  0.159087793040195E+001 
     22.28000000 -0.233310969239819E+005  0.159087794938413E+001 
     22.30000000 -0.233310969239628E+005  0.159087796849006E+001 
     22.32000000 -0.233310969239436E+005  0.159087798769498E+001 
     22.34000000 -0.233310969239243E+005  0.159087800699889E+001 
     22.36000000 -0.233310969239048E+005  0.159087802641418E+001 
     22.38000000 -0.233310969238853E+005  0.159087804592227E+001 
     22.40000000 -0.233310969238657E+005  0.159087806550461E+001 
     22.42000000 -0.233310969238461E+005  0.159087808516738E+001 
     22.44000000 -0.233310969238263E+005  0.159087810490440E+001 
     22.46000000 -0.233310969238065E+005  0.159087812471875E+001 
     22.48000000 -0.233310969237867E+005  0.159087814460117E+001 
     22.50000000 -0.233310969237667E+005  0.159087816453617E+001 
     22.52000000 -0.233310969237467E+005  0.159087818456089E+001 
     22.54000000 -0.233310969237266E+005  0.159087820464439E+001 
     22.56000000 -0.233310969237065E+005  0.159087822479285E+001 
     22.58000000 -0.233310969236862E+005  0.159087824501866E+001 
     22.60000000 -0.233310969236659E+005  0.159087826530942E+001 
     22.62000000 -0.233310969236456E+005  0.159087828567444E+001 
     22.64000000 -0.233310969236251E+005  0.159087830610751E+001 
     22.66000000 -0.233310969236046E+005  0.159087832660864E+001 
     22.68000000 -0.233310969235841E+005  0.159087834718711E+001 
     22.70000000 -0.233310969235634E+005  0.159087836785838E+001 
     22.72000000 -0.233310969235427E+005  0.159087838859153E+001 
     22.74000000 -0.233310969235218E+005  0.159087840941130E+001 
     22.76000000 -0.233310969235009E+005  0.159087843030532E+001 
     22.78000000 -0.233310969234800E+005  0.159087845129214E+001 
     22.80000000 -0.233310969234589E+005  0.159087847235321E+001 
     22.82000000 -0.233310969234378E+005  0.159087849349471E+001 
     22.84000000 -0.233310969234165E+005  0.159087851472592E+001 
     22.86000000 -0.233310969233952E+005  0.159087853603757E+001 
     22.88000000 -0.233310969233738E+005  0.159087855743274E+001 
     22.90000000 -0.233310969233524E+005  0.159087857888979E+001 
     22.92000000 -0.233310969233308E+005  0.159087860044583E+001 
     22.94000000 -0.233310969233092E+005  0.159087862206992E+001 
     22.96000000 -0.233310969232875E+005  0.159087864377446E+001 
     22.98000000 -0.233310969232657E+005  0.159087866554086E+001 
     23.00000000 -0.233310969232439E+005  0.159087868738151E+001 
     23.02000000 -0.233310969232220E+005  0.159087870929640E+001 
     23.04000000 -0.233310969232000E+005  0.159087873127626E+001 
     23.06000000 -0.233310969231779E+005  0.159087875331799E+001 
     23.08000000 -0.233310969231558E+005  0.159087877543088E+001 
     23.10000000 -0.233310969231337E+005  0.159087879759016E+001 
     23.12000000 -0.233310969231115E+005  0.159087881979895E+001 
     23.14000000 -0.233310969230892E+005  0.159087884207889E+001 
     23.16000000 -0.233310969230669E+005  0.159087886439904E+001 
     23.18000000 -0.233310969230445E+005  0.159087888677488E+001 
     23.20000000 -0.233310969230221E+005  0.159087890920021E+001 
     23.22000000 -0.233310969229996E+005  0.159087893166886E+001 
     23.24000000 -0.233310969229771E+005  0.159087895417772E+001 
     23.26000000 -0.233310969229545E+005  0.159087897674226E+001 
     23.28000000 -0.233310969229319E+005  0.159087899936249E+001 
     23.30000000 -0.233310969229092E+005  0.159087902201366E+001 
     23.32000000 -0.233310969228865E+005  0.159087904473288E+001 
     23.34000000 -0.233310969228637E+005  0.159087906751398E+001 
     23.36000000 -0.233310969228409E+005  0.159087909035695E+001 
     23.38000000 -0.233310969228180E+005  0.159087911326797E+001 
     23.40000000 -0.233310969227950E+005  0.159087913622850E+001 
     23.42000000 -0.233310969227719E+005  0.159087915930658E+001 
     23.44000000 -0.233310969227488E+005  0.159087918246818E+001 
     23.46000000 -0.233310969227255E+005  0.159087920572569E+001 
     23.48000000 -0.233310969227022E+005  0.159087922907291E+001 
     23.50000000 -0.233310969226787E+005  0.159087925254078E+001 
     23.52000000 -0.233310969226551E+005  0.159087927613548E+001 
     23.54000000 -0.233310969226314E+005  0.159087929986012E+001 
     23.56000000 -0.233310969226075E+005  0.159087932371160E+001 
     23.58000000 -0.233310969225836E+005  0.159087934769919E+001 
     23.60000000 -0.233310969225594E+005  0.159087937183527E+001 
     23.62000000 -0.233310969225351E+005  0.159087939610747E+001 
     23.64000000 -0.233310969225107E+005  0.159087942052197E+001 
     23.66000000 -0.233310969224862E+005  0.159087944509116E+001 
     23.68000000 -0.233310969224614E+005  0.159087946980883E+001 
     23.70000000 -0.233310969224366E+005  0.159087949468737E+001 
     23.72000000 -0.233310969224116E+005  0.159087951970203E+001 
     23.74000000 -0.233310969223864E+005  0.159087954487446E+001 
     23.76000000 -0.233310969223611E+005  0.159087957017682E+001 
     23.78000000 -0.233310969223356E+005  0.159087959562458E+001 
     23.80000000 -0.233310969223100E+005  0.159087962120846E+001 
     23.82000000 -0.233310969222844E+005  0.159087964690061E+001 
     23.84000000 -0.233310969222585E+005  0.159087967273816E+001 
     23.86000000 -0.233310969222326E+005  0.159087969867161E+001 
     23.88000000 -0.233310969222065E+005  0.159087972472261E+001 
     23.90000000 -0.233310969221804E+005  0.159087975085096E+001 
     23.92000000 -0.233310969221542E+005  0.159087977709067E+001 
     23.94000000 -0.233310969221279E+005  0.159087980338298E+001 
     23.96000000 -0.233310969221015E+005  0.159087982975262E+001 
     23.98000000 -0.233310969220751E+005  0.159087985615939E+001 
     24.00000000 -0.233310969220486E+005  0.159087988262493E+001 
     24.02000000 -0.233310969220221E+005  0.159087990911523E+001 
     24.04000000 -0.233310969219956E+005  0.159087993560862E+001 
     24.06000000 -0.233310969219691E+005  0.159087996212675E+001 
     24.08000000 -0.233310969219427E+005  0.159087998859848E+001 
     24.10000000 -0.233310969219162E+005  0.159088001504856E+001 
     24.12000000 -0.233310969218898E+005  0.159088004147080E+001 
     24.14000000 -0.233310969218634E+005  0.159088006784663E+001 
     24.16000000 -0.233310969218371E+005  0.159088009415440E+001 
     24.18000000 -0.233310969218109E+005  0.159088012038793E+001 
     24.20000000 -0.233310969217847E+005  0.159088014654102E+001 
     24.22000000 -0.233310969217587E+005  0.159088017258894E+001 
     24.24000000 -0.233310969217327E+005  0.159088019855023E+001 
     24.26000000 -0.233310969217069E+005  0.159088022440015E+001 
     24.28000000 -0.233310969216811E+005  0.159088025015108E+001 
     24.30000000 -0.233310969216555E+005  0.159088027576589E+001 
     24.32000000 -0.233310969216300E+005  0.159088030127552E+001 
     24.34000000 -0.233310969216046E+005  0.159088032667379E+001 
     24.36000000 -0.233310969215793E+005  0.159088035194830E+001 
     24.38000000 -0.233310969215542E+005  0.159088037708980E+001 
     24.40000000 -0.233310969215291E+005  0.159088040212611E+001 
     24.42000000 -0.233310969215042E+005  0.159088042704178E+001 
     24.44000000 -0.233310969214794E+005  0.159088045182751E+001 
     24.46000000 -0.233310969214547E+005  0.159088047653281E+001 
     24.48000000 -0.233310969214301E+005  0.159088050111437E+001 
     24.50000000 -0.233310969214057E+005  0.159088052558456E+001 
     24.52000000 -0.233310969213813E+005  0.159088054996503E+001 
     24.54000000 -0.233310969213570E+005  0.159088057423414E+001 
     24.56000000 -0.233310969213328E+005  0.159088059841353E+001 
     24.58000000 -0.233310969213087E+005  0.159088062253414E+001 
     24.60000000 -0.233310969212847E+005  0.159088064656504E+001 
     24.62000000 -0.233310969212607E+005  0.159088067051242E+001 
     24.64000000 -0.233310969212368E+005  0.159088069441958E+001 
     24.66000000 -0.233310969212130E+005  0.159088071825558E+001 
     24.68000000 -0.233310969211892E+005  0.159088074202972E+001 
     24.70000000 -0.233310969211655E+005  0.159088076577291E+001 
     24.72000000 -0.233310969211418E+005  0.159088078946043E+001 
     24.74000000 -0.233310969211181E+005  0.159088081312319E+001 
     24.76000000 -0.233310969210945E+005  0.159088083676121E+001 
     24.78000000 -0.233310969210709E+005  0.159088086036210E+001 
     24.80000000 -0.233310969210473E+005  0.159088088394753E+001 
     24.82000000 -0.233310969210237E+005  0.159088090751130E+001 
     24.84000000 -0.233310969210002E+005  0.159088093105960E+001 
     24.86000000 -0.233310969209767E+005  0.159088095458316E+001 
     24.88000000 -0.233310969209532E+005  0.159088097808815E+001 
     24.90000000 -0.233310969209297E+005  0.159088100159314E+001 
     24.92000000 -0.233310969209062E+005  0.159088102506720E+001 
     24.94000000 -0.233310969208827E+005  0.159088104854126E+001 
     24.96000000 -0.233310969208593E+005  0.159088107197819E+001 
     24.98000000 -0.233310969208358E+005  0.159088109540584E+001 
     25.00000000 -0.233310969208124E+005  0.159088111881494E+001 
     25.02000000 -0.233310969207891E+005  0.159088114218381E+001 
     25.04000000 -0.233310969207657E+005  0.159088116553413E+001 
     25.06000000 -0.233310969207424E+005  0.159088118885350E+001 
     25.08000000 -0.233310969207191E+005  0.159088121215123E+001 
     25.10000000 -0.233310969206958E+005  0.159088123542730E+001 
     25.12000000 -0.233310969206726E+005  0.159088125866934E+001 
     25.14000000 -0.233310969206494E+005  0.159088128186497E+001 
     25.16000000 -0.233310969206262E+005  0.159088130504514E+001 
     25.18000000 -0.233310969206031E+005  0.159088132817581E+001 
     25.20000000 -0.233310969205800E+005  0.159088135126626E+001 
     25.22000000 -0.233310969205569E+005  0.159088137431959E+001 
     25.24000000 -0.233310969205339E+005  0.159088139732033E+001 
     25.26000000 -0.233310969205110E+005  0.159088142026539E+001 
     25.28000000 -0.233310969204881E+005  0.159088144316404E+001 
     25.30000000 -0.233310969204653E+005  0.159088146597607E+001 
     25.32000000 -0.233310969204425E+005  0.159088148871386E+001 
     25.34000000 -0.233310969204199E+005  0.159088151135884E+001 
     25.36000000 -0.233310969203974E+005  0.159088153389554E+001 
     25.38000000 -0.233310969203749E+005  0.159088155630850E+001 
     25.40000000 -0.233310969203527E+005  0.159088157857606E+001 
     25.42000000 -0.233310969203305E+005  0.159088160070751E+001 
     25.44000000 -0.233310969203086E+005  0.159088162268118E+001 
     25.46000000 -0.233310969202868E+005  0.159088164445377E+001 
     25.48000000 -0.233310969202652E+005  0.159088166603146E+001 
     25.50000000 -0.233310969202439E+005  0.159088168737405E+001 
     25.52000000 -0.233310969202228E+005  0.159088170848461E+001 
     25.54000000 -0.233310969202019E+005  0.159088172934460E+001 
     25.56000000 -0.233310969201813E+005  0.159088174991688E+001 
     25.58000000 -0.233310969201611E+005  0.159088177019837E+001 
     25.60000000 -0.233310969201411E+005  0.159088179017049E+001 
     25.62000000 -0.233310969201214E+005  0.159088180982089E+001 
     25.64000000 -0.233310969201021E+005  0.159088182914337E+001 
     25.66000000 -0.233310969200831E+005  0.159088184810390E+001 
     25.68000000 -0.233310969200645E+005  0.159088186671176E+001 
     25.70000000 -0.233310969200463E+005  0.159088188496077E+001 
     25.72000000 -0.233310969200284E+005  0.159088190282926E+001 
     25.74000000 -0.233310969200109E+005  0.159088192032653E+001 
     25.76000000 -0.233310969199938E+005  0.159088193741854E+001 
     25.78000000 -0.233310969199771E+005  0.159088195412385E+001 
     25.80000000 -0.233310969199608E+005  0.159088197044247E+001 
     25.82000000 -0.233310969199449E+005  0.159088198637748E+001 
     25.84000000 -0.233310969199293E+005  0.159088200191342E+001 
     25.86000000 -0.233310969199142E+005  0.159088201705957E+001 
     25.88000000 -0.233310969198994E+005  0.159088203181902E+001 
     25.90000000 -0.233310969198851E+005  0.159088204619487E+001 
     25.92000000 -0.233310969198711E+005  0.159088206019330E+001 
     25.94000000 -0.233310969198574E+005  0.159088207380813E+001 
     25.96000000 -0.233310969198442E+005  0.159088208706101E+001 
     25.98000000 -0.233310969198313E+005  0.159088209994885E+001 
     26.00000000 -0.233310969198188E+005  0.159088211246546E+001 
     26.02000000 -0.233310969198066E+005  0.159088212463250E+001 
     26.04000000 -0.233310969197948E+005  0.159088213645615E+001 
     26.06000000 -0.233310969197833E+005  0.159088214793022E+001 
     26.08000000 -0.233310969197722E+005  0.159088215906091E+001 
     26.10000000 -0.233310969197614E+005  0.159088216987296E+001 
     26.12000000 -0.233310969197509E+005  0.159088218033853E+001 
     26.14000000 -0.233310969197407E+005  0.159088219051021E+001 
     26.16000000 -0.233310969197309E+005  0.159088220033850E+001 
     26.18000000 -0.233310969197214E+005  0.159088220988837E+001 
     26.20000000 -0.233310969197121E+005  0.159088221910723E+001 
     26.22000000 -0.233310969197032E+005  0.159088222805385E+001 
     26.24000000 -0.233310969196946E+005  0.159088223669111E+001 
     26.26000000 -0.233310969196862E+005  0.159088224506233E+001 
     26.28000000 -0.233310969196781E+005  0.159088225314894E+001 
     26.30000000 -0.233310969196703E+005  0.159088226098187E+001 
     26.32000000 -0.233310969196627E+005  0.159088226856114E+001 
     26.34000000 -0.233310969196554E+005  0.159088227589910E+001 
     26.36000000 -0.233310969196483E+005  0.159088228298958E+001 
     26.38000000 -0.233310969196414E+005  0.159088228985113E+001 
     26.40000000 -0.233310969196348E+005  0.159088229650232E+001 
     26.42000000 -0.233310969196283E+005  0.159088230296480E+001 
     26.44000000 -0.233310969196220E+005  0.159088230920764E+001 
     26.46000000 -0.233310969196160E+005  0.159088231528651E+001 
     26.48000000 -0.233310969196100E+005  0.159088232120762E+001 
     26.50000000 -0.233310969196043E+005  0.159088232696786E+001 
     26.52000000 -0.233310969195987E+005  0.159088233259198E+001 
     26.54000000 -0.233310969195932E+005  0.159088233808617E+001 
     26.56000000 -0.233310969195878E+005  0.159088234348755E+001 
     26.58000000 -0.233310969195824E+005  0.159088234881160E+001 
     26.60000000 -0.233310969195772E+005  0.159088235404902E+001 
     26.62000000 -0.233310969195720E+005  0.159088235922767E+001 
     26.64000000 -0.233310969195669E+005  0.159088236439394E+001 
     26.66000000 -0.233310969195617E+005  0.159088236954165E+001 
     26.68000000 -0.233310969195565E+005  0.159088237470793E+001 
     26.70000000 -0.233310969195514E+005  0.159088237989895E+001 
     26.72000000 -0.233310969195461E+005  0.159088238514875E+001 
     26.74000000 -0.233310969195408E+005  0.159088239047279E+001 
     26.76000000 -0.233310969195353E+005  0.159088239591749E+001 
     26.78000000 -0.233310969195298E+005  0.159088240147355E+001 
     26.80000000 -0.233310969195241E+005  0.159088240718429E+001 
     26.82000000 -0.233310969195182E+005  0.159088241308374E+001 
     26.84000000 -0.233310969195121E+005  0.159088241918737E+001 
     26.86000000 -0.233310969195057E+005  0.159088242550445E+001 
     26.88000000 -0.233310969194992E+005  0.159088243208758E+001 
     26.90000000 -0.233310969194923E+005  0.159088243893057E+001 
     26.92000000 -0.233310969194852E+005  0.159088244607055E+001 
     26.94000000 -0.233310969194777E+005  0.159088245352916E+001 
     26.96000000 -0.233310969194700E+005  0.159088246130332E+001 
     26.98000000 -0.233310969194618E+005  0.159088246943942E+001 
     27.00000000 -0.233310969194533E+005  0.159088247793438E+001 
     27.02000000 -0.233310969194444E+005  0.159088248680985E+001 
     27.04000000 -0.233310969194352E+005  0.159088249606893E+001 
     27.06000000 -0.233310969194255E+005  0.159088250574254E+001 
     27.08000000 -0.233310969194154E+005  0.159088251580594E+001 
     27.10000000 -0.233310969194050E+005  0.159088252630245E+001 
     27.12000000 -0.233310969193940E+005  0.159088253721040E+001 
     27.14000000 -0.233310969193827E+005  0.159088254856073E+001 
     27.16000000 -0.233310969193709E+005  0.159088256032869E+001 
     27.18000000 -0.233310969193587E+005  0.159088257252357E+001 
     27.20000000 -0.233310969193461E+005  0.159088258516702E+001 
     27.22000000 -0.233310969193330E+005  0.159088259822500E+001 
     27.24000000 -0.233310969193195E+005  0.159088261172846E+001 
     27.26000000 -0.233310969193056E+005  0.159088262564337E+001 
     27.28000000 -0.233310969192913E+005  0.159088263998210E+001 
     27.30000000 -0.233310969192765E+005  0.159088265471061E+001 
     27.32000000 -0.233310969192614E+005  0.159088266987223E+001 
     27.34000000 -0.233310969192459E+005  0.159088268540198E+001 
     27.36000000 -0.233310969192299E+005  0.159088270131225E+001 
     27.38000000 -0.233310969192137E+005  0.159088271759993E+001 
     27.40000000 -0.233310969191970E+005  0.159088273421862E+001 
     27.42000000 -0.233310969191801E+005  0.159088275118998E+001 
     27.44000000 -0.233310969191628E+005  0.159088276847069E+001 
     27.46000000 -0.233310969191452E+005  0.159088278604840E+001 
     27.48000000 -0.233310969191273E+005  0.159088280390761E+001 
     27.50000000 -0.233310969191092E+005  0.159088282201431E+001 
     27.52000000 -0.233310969190909E+005  0.159088284038397E+001 
     27.54000000 -0.233310969190723E+005  0.159088285897018E+001 
     27.56000000 -0.233310969190535E+005  0.159088287772344E+001 
     27.58000000 -0.233310969190346E+005  0.159088289667778E+001 
     27.60000000 -0.233310969190155E+005  0.159088291576205E+001 
     27.62000000 -0.233310969189963E+005  0.159088293499172E+001 
     27.64000000 -0.233310969189769E+005  0.159088295434204E+001 
     27.66000000 -0.233310969189575E+005  0.159088297376970E+001 
     27.68000000 -0.233310969189380E+005  0.159088299329326E+001 
     27.70000000 -0.233310969189184E+005  0.159088301286941E+001 
     27.72000000 -0.233310969188988E+005  0.159088303247340E+001 
     27.74000000 -0.233310969188791E+005  0.159088305210833E+001 
     27.76000000 -0.233310969188595E+005  0.159088307175873E+001 
     27.78000000 -0.233310969188398E+005  0.159088309143078E+001 
     27.80000000 -0.233310969188202E+005  0.159088311106571E+001 
     27.82000000 -0.233310969188006E+005  0.159088313068826E+001 
     27.84000000 -0.233310969187810E+005  0.159088315026132E+001 
     27.86000000 -0.233310969187615E+005  0.159088316979416E+001 
     27.88000000 -0.233310969187420E+005  0.159088318927751E+001 
     27.90000000 -0.233310969187226E+005  0.159088320869898E+001 
     27.92000000 -0.233310969187032E+005  0.159088322805858E+001 
     27.94000000 -0.233310969186839E+005  0.159088324733156E+001 
     27.96000000 -0.233310969186647E+005  0.159088326655195E+001 
     27.98000000 -0.233310969186456E+005  0.159088328568572E+001 
     28.00000000 -0.233310969186265E+005  0.159088330471121E+001 
     28.02000000 -0.233310969186076E+005  0.159088332368721E+001 
     28.04000000 -0.233310969185887E+005  0.159088334256112E+001 
     28.06000000 -0.233310969185699E+005  0.159088336135460E+001 
     28.08000000 -0.233310969185512E+005  0.159088338004908E+001 
     28.10000000 -0.233310969185326E+005  0.159088339866622E+001 
     28.12000000 -0.233310969185140E+005  0.159088341720602E+001 
     28.14000000 -0.233310969184956E+005  0.159088343564992E+001 
     28.16000000 -0.233310969184772E+005  0.159088345401958E+001 
     28.18000000 -0.233310969184589E+005  0.159088347232118E+001 
     28.20000000 -0.233310969184407E+005  0.159088349052997E+001 
     28.22000000 -0.233310969184226E+005  0.159088350870164E+001 
     28.24000000 -0.233310969184045E+005  0.159088352677431E+001 
     28.26000000 -0.233310969183865E+005  0.159088354478511E+001 
     28.28000000 -0.233310969183685E+005  0.159088356275879E+001 
     28.30000000 -0.233310969183506E+005  0.159088358065822E+001 
     28.32000000 -0.233310969183328E+005  0.159088359848959E+001 
     28.34000000 -0.233310969183150E+005  0.159088361627766E+001 
     28.36000000 -0.233310969182973E+005  0.159088363400385E+001 
     28.38000000 -0.233310969182795E+005  0.159088365171767E+001 
     28.40000000 -0.233310969182619E+005  0.159088366934487E+001 
     28.42000000 -0.233310969182443E+005  0.159088368693804E+001 
     28.44000000 -0.233310969182268E+005  0.159088370449717E+001 
     28.46000000 -0.233310969182092E+005  0.159088372201300E+001 
     28.48000000 -0.233310969181917E+005  0.159088373950718E+001 
     28.50000000 -0.233310969181743E+005  0.159088375695495E+001 
     28.52000000 -0.233310969181569E+005  0.159088377435322E+001 
     28.54000000 -0.233310969181395E+005  0.159088379173603E+001 
     28.56000000 -0.233310969181222E+005  0.159088380906315E+001 
     28.58000000 -0.233310969181049E+005  0.159088382639646E+001 
     28.60000000 -0.233310969180876E+005  0.159088384367408E+001 
     28.62000000 -0.233310969180704E+005  0.159088386090221E+001 
     28.64000000 -0.233310969180531E+005  0.159088387812105E+001 
     28.66000000 -0.233310969180359E+005  0.159088389530587E+001 
     28.68000000 -0.233310969180188E+005  0.159088391245047E+001 
     28.70000000 -0.233310969180017E+005  0.159088392955176E+001 
     28.72000000 -0.233310969179846E+005  0.159088394661592E+001 
     28.74000000 -0.233310969179676E+005  0.159088396364916E+001 
     28.76000000 -0.233310969179506E+005  0.159088398062670E+001 
     28.78000000 -0.233310969179337E+005  0.159088399759188E+001 
     28.80000000 -0.233310969179168E+005  0.159088401449518E+001 
     28.82000000 -0.233310969178999E+005  0.159088403135826E+001 
     28.84000000 -0.233310969178831E+005  0.159088404819041E+001 
     28.86000000 -0.233310969178663E+005  0.159088406499472E+001 
     28.88000000 -0.233310969178495E+005  0.159088408174953E+001 
     28.90000000 -0.233310969178328E+005  0.159088409847959E+001 
     28.92000000 -0.233310969178161E+005  0.159088411517871E+001 
     28.94000000 -0.233310969177994E+005  0.159088413187165E+001 
     28.96000000 -0.233310969177827E+005  0.159088414856459E+001 
     28.98000000 -0.233310969177660E+005  0.159088416522968E+001 
     29.00000000 -0.233310969177493E+005  0.159088418192881E+001 
     29.02000000 -0.233310969177326E+005  0.159088419862793E+001 
     29.04000000 -0.233310969177159E+005  0.159088421535181E+001 
     29.06000000 -0.233310969176991E+005  0.159088423212208E+001 
     29.08000000 -0.233310969176823E+005  0.159088424894495E+001 
     29.10000000 -0.233310969176654E+005  0.159088426581732E+001 
     29.12000000 -0.233310969176485E+005  0.159088428277011E+001 
     29.14000000 -0.233310969176315E+005  0.159088429979097E+001 
     29.16000000 -0.233310969176144E+005  0.159088431689226E+001 
     29.18000000 -0.233310969175972E+005  0.159088433409873E+001 
     29.20000000 -0.233310969175799E+005  0.159088435139182E+001 
     29.22000000 -0.233310969175624E+005  0.159088436880866E+001 
     29.24000000 -0.233310969175449E+005  0.159088438633377E+001 
     29.26000000 -0.233310969175273E+005  0.159088440398262E+001 
     29.28000000 -0.233310969175095E+005  0.159088442172119E+001 
     29.30000000 -0.233310969174917E+005  0.159088443958350E+001 
     29.32000000 -0.233310969174737E+005  0.159088445756027E+001 
     29.34000000 -0.233310969174556E+005  0.159088447566078E+001 
     29.36000000 -0.233310969174374E+005  0.159088449386339E+001 
     29.38000000 -0.233310969174191E+005  0.159088451218973E+001 
     29.40000000 -0.233310969174006E+005  0.159088453060579E+001 
     29.42000000 -0.233310969173822E+005  0.159088454909610E+001 
     29.44000000 -0.233310969173636E+005  0.159088456768849E+001 
     29.46000000 -0.233310969173449E+005  0.159088458635513E+001 
     29.48000000 -0.233310969173262E+005  0.159088460507127E+001 
     29.50000000 -0.233310969173074E+005  0.159088462384928E+001 
     29.52000000 -0.233310969172886E+005  0.159088464266132E+001 
     29.54000000 -0.233310969172697E+005  0.159088466151048E+001 
     29.56000000 -0.233310969172509E+005  0.159088468035036E+001 
     29.58000000 -0.233310969172321E+005  0.159088469919642E+001 
     29.60000000 -0.233310969172132E+005  0.159088471803940E+001 
     29.62000000 -0.233310969171944E+005  0.159088473685762E+001 
     29.64000000 -0.233310969171756E+005  0.159088475563872E+001 
     29.66000000 -0.233310969171569E+005  0.159088477435795E+001 
     29.68000000 -0.233310969171382E+005  0.159088479301222E+001 
     29.70000000 -0.233310969171197E+005  0.159088481159842E+001 
     29.72000000 -0.233310969171012E+005  0.159088483009182E+001 
     29.74000000 -0.233310969170828E+005  0.159088484849860E+001 
     29.76000000 -0.233310969170645E+005  0.159088486680020E+001 
     29.78000000 -0.233310969170463E+005  0.159088488498424E+001 
     29.80000000 -0.233310969170282E+005  0.159088490305691E+001 
     29.82000000 -0.233310969170103E+005  0.159088492098728E+001 
     29.84000000 -0.233310969169924E+005  0.159088493882484E+001 
     29.86000000 -0.233310969169747E+005  0.159088495651391E+001 
     29.88000000 -0.233310969169572E+005  0.159088497406687E+001 
     29.90000000 -0.233310969169398E+005  0.159088499147751E+001 
     29.92000000 -0.233310969169225E+005  0.159088500875204E+001 
     29.94000000 -0.233310969169054E+005  0.159088502589046E+001 
     29.96000000 -0.233310969168884E+005  0.159088504286800E+001 
     29.98000000 -0.233310969168716E+005  0.159088505969706E+001 
     30.00000000 -0.233310969168549E+005  0.159088507639618E+001 
