# Real time calculation: 
# Eall: Total energy
# Eall0: Initial total energy
# 1:Time[fs] 2:Eall[eV] 3:Eall-Eall0[eV] 
      0.00000000 -0.340326976052399E+004  0.000000000000000E+000 
      0.02000000 -0.340310527882081E+004  0.164481703180955E+000 
      0.04000000 -0.340310527943076E+004  0.164481093234434E+000 
      0.06000000 -0.340310526531905E+004  0.164495204946296E+000 
      0.08000000 -0.340310526360742E+004  0.164496916574121E+000 
      0.10000000 -0.340310526346759E+004  0.164497056402997E+000 
      0.12000000 -0.340310525285738E+004  0.164507666617250E+000 
      0.14000000 -0.340310523843098E+004  0.164522093010402E+000 
      0.16000000 -0.340310522818469E+004  0.164532339307165E+000 
      0.18000000 -0.340310522342544E+004  0.164537098552363E+000 
      0.20000000 -0.340310522479515E+004  0.164535728842447E+000 
      0.22000000 -0.340310522737764E+004  0.164533146350847E+000 
      0.24000000 -0.340310522951586E+004  0.164531008135088E+000 
      0.26000000 -0.340310523151610E+004  0.164529007897474E+000 
      0.28000000 -0.340310523392256E+004  0.164526601434234E+000 
      0.30000000 -0.340310523554047E+004  0.164524983522436E+000 
      0.32000000 -0.340310523507363E+004  0.164525450359343E+000 
      0.34000000 -0.340310523351042E+004  0.164527013574392E+000 
      0.36000000 -0.340310523139014E+004  0.164529133851274E+000 
      0.38000000 -0.340310522947129E+004  0.164531052699215E+000 
      0.40000000 -0.340310522840597E+004  0.164532118027131E+000 
      0.42000000 -0.340310522795462E+004  0.164532569377595E+000 
      0.44000000 -0.340310522760887E+004  0.164532915125352E+000 
      0.46000000 -0.340310522780298E+004  0.164532721017359E+000 
      0.48000000 -0.340310522906167E+004  0.164531462319269E+000 
      0.50000000 -0.340310523062274E+004  0.164529901251549E+000 
      0.52000000 -0.340310523178878E+004  0.164528735218444E+000 
      0.54000000 -0.340310523290981E+004  0.164527614189140E+000 
      0.56000000 -0.340310523443950E+004  0.164526084495311E+000 
      0.58000000 -0.340310523612226E+004  0.164524401735966E+000 
      0.60000000 -0.340310523745474E+004  0.164523069250667E+000 
      0.62000000 -0.340310523885596E+004  0.164521668035383E+000 
      0.64000000 -0.340310524047611E+004  0.164520047881129E+000 
      0.66000000 -0.340310524218673E+004  0.164518337260649E+000 
      0.68000000 -0.340310524382418E+004  0.164516699811757E+000 
      0.70000000 -0.340310524550736E+004  0.164515016631299E+000 
      0.72000000 -0.340310524704962E+004  0.164513474369816E+000 
      0.74000000 -0.340310524865121E+004  0.164511872780887E+000 
      0.76000000 -0.340310525005507E+004  0.164510468920982E+000 
      0.78000000 -0.340310525056819E+004  0.164509955800306E+000 
      0.80000000 -0.340310525115678E+004  0.164509367215703E+000 
      0.82000000 -0.340310525238754E+004  0.164508136449900E+000 
      0.84000000 -0.340310525395929E+004  0.164506564700834E+000 
      0.86000000 -0.340310525529865E+004  0.164505225348569E+000 
      0.88000000 -0.340310525641095E+004  0.164504113040057E+000 
      0.90000000 -0.340310525764922E+004  0.164502874774264E+000 
      0.92000000 -0.340310525911220E+004  0.164501411797276E+000 
      0.94000000 -0.340310526040961E+004  0.164500114386945E+000 
      0.96000000 -0.340310526160941E+004  0.164498914584747E+000 
      0.98000000 -0.340310526281689E+004  0.164497707100426E+000 
      1.00000000 -0.340310526410367E+004  0.164496420328131E+000 
      1.02000000 -0.340310526519570E+004  0.164495328298011E+000 
      1.04000000 -0.340310526614683E+004  0.164494377165212E+000 
      1.06000000 -0.340310526717284E+004  0.164493351154331E+000 
      1.08000000 -0.340310526791491E+004  0.164492609080779E+000 
      1.10000000 -0.340310526892334E+004  0.164491600651466E+000 
      1.12000000 -0.340310527033978E+004  0.164490184218493E+000 
      1.14000000 -0.340310527170388E+004  0.164488820110270E+000 
      1.16000000 -0.340310527296584E+004  0.164487558158510E+000 
      1.18000000 -0.340310527425125E+004  0.164486272741588E+000 
      1.20000000 -0.340310527572552E+004  0.164484798476526E+000 
      1.22000000 -0.340310527713475E+004  0.164483389248493E+000 
      1.24000000 -0.340310527850473E+004  0.164482019266728E+000 
      1.26000000 -0.340310527986026E+004  0.164480663735446E+000 
      1.28000000 -0.340310528119475E+004  0.164479329248989E+000 
      1.30000000 -0.340310528255557E+004  0.164477968425757E+000 
      1.32000000 -0.340310528391935E+004  0.164476604641200E+000 
      1.34000000 -0.340310528527667E+004  0.164475247322217E+000 
      1.36000000 -0.340310528662015E+004  0.164473903839254E+000 
      1.38000000 -0.340310528794956E+004  0.164472574434383E+000 
      1.40000000 -0.340310528922934E+004  0.164471294655890E+000 
      1.42000000 -0.340310529050463E+004  0.164470019365790E+000 
      1.44000000 -0.340310529177190E+004  0.164468752093853E+000 
      1.46000000 -0.340310529295606E+004  0.164467567930070E+000 
      1.48000000 -0.340310529417128E+004  0.164466352718382E+000 
      1.50000000 -0.340310529546237E+004  0.164465061627454E+000 
      1.52000000 -0.340310529669727E+004  0.164463826719739E+000 
      1.54000000 -0.340310529794978E+004  0.164462574214215E+000 
      1.56000000 -0.340310529920997E+004  0.164461314020381E+000 
      1.58000000 -0.340310530030718E+004  0.164460216818575E+000 
      1.60000000 -0.340310530124429E+004  0.164459279707024E+000 
      1.62000000 -0.340310530231700E+004  0.164458206993195E+000 
      1.64000000 -0.340310530354054E+004  0.164456983455146E+000 
      1.66000000 -0.340310530475730E+004  0.164455766698217E+000 
      1.68000000 -0.340310530594773E+004  0.164454576268782E+000 
      1.70000000 -0.340310530712309E+004  0.164453400907770E+000 
      1.72000000 -0.340310530836399E+004  0.164452160005865E+000 
      1.74000000 -0.340310530963620E+004  0.164450887790006E+000 
      1.76000000 -0.340310531089587E+004  0.164449628119372E+000 
      1.78000000 -0.340310531202865E+004  0.164448495348786E+000 
      1.80000000 -0.340310531288207E+004  0.164447641921568E+000 
      1.82000000 -0.340310531370824E+004  0.164446815749917E+000 
      1.84000000 -0.340310531457234E+004  0.164445951658754E+000 
      1.86000000 -0.340310531532935E+004  0.164445194648642E+000 
      1.88000000 -0.340310531599313E+004  0.164444530866159E+000 
      1.90000000 -0.340310531676769E+004  0.164443756302708E+000 
      1.92000000 -0.340310531769537E+004  0.164442828625017E+000 
      1.94000000 -0.340310531876173E+004  0.164441762263074E+000 
      1.96000000 -0.340310531984778E+004  0.164440676213611E+000 
      1.98000000 -0.340310532086422E+004  0.164439659770001E+000 
      2.00000000 -0.340310532178695E+004  0.164438737046287E+000 
      2.02000000 -0.340310532278368E+004  0.164437740310692E+000 
      2.04000000 -0.340310532381661E+004  0.164436707387988E+000 
      2.06000000 -0.340310532482487E+004  0.164435699124955E+000 
      2.08000000 -0.340310532570525E+004  0.164434818741086E+000 
      2.10000000 -0.340310532616996E+004  0.164434354033332E+000 
      2.12000000 -0.340310532649082E+004  0.164434033171077E+000 
      2.14000000 -0.340310532724619E+004  0.164433277805201E+000 
      2.16000000 -0.340310532818593E+004  0.164432338067976E+000 
      2.18000000 -0.340310532903445E+004  0.164431489547943E+000 
      2.20000000 -0.340310532980279E+004  0.164430721206447E+000 
      2.22000000 -0.340310533067072E+004  0.164429853269969E+000 
      2.24000000 -0.340310533169992E+004  0.164428824075025E+000 
      2.26000000 -0.340310533260238E+004  0.164427921609981E+000 
      2.28000000 -0.340310533334354E+004  0.164427180459088E+000 
      2.30000000 -0.340310533416282E+004  0.164426361172578E+000 
      2.32000000 -0.340310533516929E+004  0.164425354700725E+000 
      2.34000000 -0.340310533617592E+004  0.164424348075740E+000 
      2.36000000 -0.340310533719485E+004  0.164423329142576E+000 
      2.38000000 -0.340310533827519E+004  0.164422248808882E+000 
      2.40000000 -0.340310533937457E+004  0.164421149423011E+000 
      2.42000000 -0.340310534038378E+004  0.164420140215277E+000 
      2.44000000 -0.340310534127599E+004  0.164419248004279E+000 
      2.46000000 -0.340310534211875E+004  0.164418405244098E+000 
      2.48000000 -0.340310534304335E+004  0.164417480645676E+000 
      2.50000000 -0.340310534409191E+004  0.164416432084944E+000 
      2.52000000 -0.340310534512271E+004  0.164415401287141E+000 
      2.54000000 -0.340310534606352E+004  0.164414460471418E+000 
      2.56000000 -0.340310534697147E+004  0.164413552528038E+000 
      2.58000000 -0.340310534791162E+004  0.164412612375501E+000 
      2.60000000 -0.340310534890125E+004  0.164411622740050E+000 
      2.62000000 -0.340310534978123E+004  0.164410742761826E+000 
      2.64000000 -0.340310535059552E+004  0.164409928471055E+000 
      2.66000000 -0.340310535147976E+004  0.164409044234910E+000 
      2.68000000 -0.340310535249157E+004  0.164408032421998E+000 
      2.70000000 -0.340310535360288E+004  0.164406921116191E+000 
      2.72000000 -0.340310535467722E+004  0.164405846770114E+000 
      2.74000000 -0.340310535565104E+004  0.164404872950959E+000 
      2.76000000 -0.340310535658914E+004  0.164403934854877E+000 
      2.78000000 -0.340310535756865E+004  0.164402955340835E+000 
      2.80000000 -0.340310535850203E+004  0.164402021963617E+000 
      2.82000000 -0.340310535947077E+004  0.164401053220247E+000 
      2.84000000 -0.340310536042624E+004  0.164400097755667E+000 
      2.86000000 -0.340310536136375E+004  0.164399160248912E+000 
      2.88000000 -0.340310536244724E+004  0.164398076753582E+000 
      2.90000000 -0.340310536353239E+004  0.164396991600096E+000 
      2.92000000 -0.340310536458879E+004  0.164395935200629E+000 
      2.94000000 -0.340310536565097E+004  0.164394873023521E+000 
      2.96000000 -0.340310536665273E+004  0.164393871260865E+000 
      2.98000000 -0.340310536761242E+004  0.164392911570073E+000 
      3.00000000 -0.340310536861981E+004  0.164391904180588E+000 
      3.02000000 -0.340310536960371E+004  0.164390920280242E+000 
      3.04000000 -0.340310537060328E+004  0.164389920711318E+000 
      3.06000000 -0.340310537157451E+004  0.164388949489221E+000 
      3.08000000 -0.340310537257293E+004  0.164387951060666E+000 
      3.10000000 -0.340310537357699E+004  0.164386947001030E+000 
      3.12000000 -0.340310537453216E+004  0.164385991839234E+000 
      3.14000000 -0.340310537547668E+004  0.164385047316247E+000 
      3.16000000 -0.340310537646688E+004  0.164384057109258E+000 
      3.18000000 -0.340310537737411E+004  0.164383149880107E+000 
      3.20000000 -0.340310537814047E+004  0.164382383525074E+000 
      3.22000000 -0.340310537897345E+004  0.164381550540595E+000 
      3.24000000 -0.340310537988149E+004  0.164380642500540E+000 
      3.26000000 -0.340310538058873E+004  0.164379935265684E+000 
      3.28000000 -0.340310538129985E+004  0.164379224142203E+000 
      3.30000000 -0.340310538219349E+004  0.164378330500425E+000 
      3.32000000 -0.340310538315892E+004  0.164377365071823E+000 
      3.34000000 -0.340310538412986E+004  0.164376394134721E+000 
      3.36000000 -0.340310538507776E+004  0.164375446229295E+000 
      3.38000000 -0.340310538592984E+004  0.164374594154356E+000 
      3.40000000 -0.340310538678366E+004  0.164373740333480E+000 
      3.42000000 -0.340310538775171E+004  0.164372772279978E+000 
      3.44000000 -0.340310538871726E+004  0.164371806736140E+000 
      3.46000000 -0.340310538965470E+004  0.164370869295510E+000 
      3.48000000 -0.340310539060066E+004  0.164369923333623E+000 
      3.50000000 -0.340310539157250E+004  0.164368951498224E+000 
      3.52000000 -0.340310539253710E+004  0.164367986896380E+000 
      3.54000000 -0.340310539349458E+004  0.164367029414015E+000 
      3.56000000 -0.340310539444807E+004  0.164366075928938E+000 
      3.58000000 -0.340310539532230E+004  0.164365201691618E+000 
      3.60000000 -0.340310539614135E+004  0.164364382645633E+000 
      3.62000000 -0.340310539698364E+004  0.164363540352969E+000 
      3.64000000 -0.340310539784599E+004  0.164362678000009E+000 
      3.66000000 -0.340310539868388E+004  0.164361840113758E+000 
      3.68000000 -0.340310539941024E+004  0.164361113752480E+000 
      3.70000000 -0.340310540009878E+004  0.164360425211332E+000 
      3.72000000 -0.340310540068474E+004  0.164359839255495E+000 
      3.74000000 -0.340310540131340E+004  0.164359210593611E+000 
      3.76000000 -0.340310540211074E+004  0.164358413254864E+000 
      3.78000000 -0.340310540303390E+004  0.164357490096502E+000 
      3.80000000 -0.340310540392701E+004  0.164356596983726E+000 
      3.82000000 -0.340310540479589E+004  0.164355728104481E+000 
      3.84000000 -0.340310540562079E+004  0.164354903199263E+000 
      3.86000000 -0.340310540638915E+004  0.164354134842299E+000 
      3.88000000 -0.340310540722914E+004  0.164353294850096E+000 
      3.90000000 -0.340310540812426E+004  0.164352399732683E+000 
      3.92000000 -0.340310540900165E+004  0.164351522348809E+000 
      3.94000000 -0.340310540984700E+004  0.164350676994278E+000 
      3.96000000 -0.340310541071932E+004  0.164349804672269E+000 
      3.98000000 -0.340310541160876E+004  0.164348915231955E+000 
      4.00000000 -0.340310541246715E+004  0.164348056840706E+000 
      4.02000000 -0.340310541331739E+004  0.164347206606445E+000 
      4.04000000 -0.340310541415992E+004  0.164346364070935E+000 
      4.06000000 -0.340310541501159E+004  0.164345512400481E+000 
      4.08000000 -0.340310541583880E+004  0.164344685194029E+000 
      4.10000000 -0.340310541666015E+004  0.164343863843330E+000 
      4.12000000 -0.340310541750186E+004  0.164343022132258E+000 
      4.14000000 -0.340310541832394E+004  0.164342200055342E+000 
      4.16000000 -0.340310541919919E+004  0.164341324809130E+000 
      4.18000000 -0.340310542005064E+004  0.164340473353679E+000 
      4.20000000 -0.340310542083822E+004  0.164339685775553E+000 
      4.22000000 -0.340310542162543E+004  0.164338898561308E+000 
      4.24000000 -0.340310542241746E+004  0.164338106531525E+000 
      4.26000000 -0.340310542322891E+004  0.164337295084137E+000 
      4.28000000 -0.340310542399869E+004  0.164336525305676E+000 
      4.30000000 -0.340310542474370E+004  0.164335780296706E+000 
      4.32000000 -0.340310542549585E+004  0.164335028148536E+000 
      4.34000000 -0.340310542635417E+004  0.164334169819932E+000 
      4.36000000 -0.340310542725814E+004  0.164333265855277E+000 
      4.38000000 -0.340310542807695E+004  0.164332447046338E+000 
      4.40000000 -0.340310542890352E+004  0.164331620476002E+000 
      4.42000000 -0.340310542972993E+004  0.164330794059572E+000 
      4.44000000 -0.340310543046641E+004  0.164330057585006E+000 
      4.46000000 -0.340310543111497E+004  0.164329409029105E+000 
      4.48000000 -0.340310543174884E+004  0.164328775152998E+000 
      4.50000000 -0.340310543251327E+004  0.164328010728744E+000 
      4.52000000 -0.340310543339402E+004  0.164327129974419E+000 
      4.54000000 -0.340310543421935E+004  0.164326304643833E+000 
      4.56000000 -0.340310543503571E+004  0.164325488286940E+000 
      4.58000000 -0.340310543579772E+004  0.164324726273355E+000 
      4.60000000 -0.340310543661822E+004  0.164323905770295E+000 
      4.62000000 -0.340310543748530E+004  0.164323038689578E+000 
      4.64000000 -0.340310543832928E+004  0.164322194715555E+000 
      4.66000000 -0.340310543917831E+004  0.164321345686629E+000 
      4.68000000 -0.340310543999181E+004  0.164320532185879E+000 
      4.70000000 -0.340310544081438E+004  0.164319709617858E+000 
      4.72000000 -0.340310544165815E+004  0.164318865841824E+000 
      4.74000000 -0.340310544247917E+004  0.164318044820591E+000 
      4.76000000 -0.340310544328091E+004  0.164317243081619E+000 
      4.78000000 -0.340310544408300E+004  0.164316440997713E+000 
      4.80000000 -0.340310544490183E+004  0.164315622168278E+000 
      4.82000000 -0.340310544561479E+004  0.164314909200252E+000 
      4.84000000 -0.340310544627634E+004  0.164314247653651E+000 
      4.86000000 -0.340310544703876E+004  0.164313485232487E+000 
      4.88000000 -0.340310544773374E+004  0.164312790257474E+000 
      4.90000000 -0.340310544826106E+004  0.164312262929549E+000 
      4.92000000 -0.340310544865264E+004  0.164311871351620E+000 
      4.94000000 -0.340310544903689E+004  0.164311487108559E+000 
      4.96000000 -0.340310544950155E+004  0.164311022441022E+000 
      4.98000000 -0.340310544999745E+004  0.164310526546153E+000 
      5.00000000 -0.340310545066918E+004  0.164309854816272E+000 
      5.02000000 -0.340310545143826E+004  0.164309085733865E+000 
      5.04000000 -0.340310545216591E+004  0.164308358089139E+000 
      5.06000000 -0.340310545288112E+004  0.164307642870923E+000 
      5.08000000 -0.340310545365937E+004  0.164306864628823E+000 
      5.10000000 -0.340310545446798E+004  0.164306056018631E+000 
      5.12000000 -0.340310545525423E+004  0.164305269761848E+000 
      5.14000000 -0.340310545601133E+004  0.164304512660862E+000 
      5.16000000 -0.340310545680640E+004  0.164303717591641E+000 
      5.18000000 -0.340310545762958E+004  0.164302894411865E+000 
      5.20000000 -0.340310545845445E+004  0.164302069540676E+000 
      5.22000000 -0.340310545924709E+004  0.164301276906872E+000 
      5.24000000 -0.340310546000508E+004  0.164300518913776E+000 
      5.26000000 -0.340310546074523E+004  0.164299778764428E+000 
      5.28000000 -0.340310546149291E+004  0.164299031085702E+000 
      5.30000000 -0.340310546231165E+004  0.164298212345981E+000 
      5.32000000 -0.340310546310844E+004  0.164297415552864E+000 
      5.34000000 -0.340310546389235E+004  0.164296631639853E+000 
      5.36000000 -0.340310546456464E+004  0.164295959356222E+000 
      5.38000000 -0.340310546514804E+004  0.164295375950652E+000 
      5.40000000 -0.340310546566354E+004  0.164294860454496E+000 
      5.42000000 -0.340310546601666E+004  0.164294507339387E+000 
      5.44000000 -0.340310546620550E+004  0.164294318498208E+000 
      5.46000000 -0.340310546656242E+004  0.164293961578001E+000 
      5.48000000 -0.340310546713989E+004  0.164293384105137E+000 
      5.50000000 -0.340310546780770E+004  0.164292716290564E+000 
      5.52000000 -0.340310546842714E+004  0.164292096849857E+000 
      5.54000000 -0.340310546901063E+004  0.164291513359600E+000 
      5.56000000 -0.340310546959178E+004  0.164290932209634E+000 
      5.58000000 -0.340310547022071E+004  0.164290303282089E+000 
      5.60000000 -0.340310547087008E+004  0.164289653919152E+000 
      5.62000000 -0.340310547155887E+004  0.164288965128971E+000 
      5.64000000 -0.340310547231391E+004  0.164288210079800E+000 
      5.66000000 -0.340310547309262E+004  0.164287431372117E+000 
      5.68000000 -0.340310547387837E+004  0.164286645622680E+000 
      5.70000000 -0.340310547463873E+004  0.164285885259518E+000 
      5.72000000 -0.340310547532333E+004  0.164285200669254E+000 
      5.74000000 -0.340310547595369E+004  0.164284570303969E+000 
      5.76000000 -0.340310547645754E+004  0.164284066451648E+000 
      5.78000000 -0.340310547679157E+004  0.164283732421971E+000 
      5.80000000 -0.340310547709471E+004  0.164283429280495E+000 
      5.82000000 -0.340310547747926E+004  0.164283044731557E+000 
      5.84000000 -0.340310547796425E+004  0.164282559741931E+000 
      5.86000000 -0.340310547827643E+004  0.164282247566438E+000 
      5.88000000 -0.340310547840360E+004  0.164282120392609E+000 
      5.90000000 -0.340310547872258E+004  0.164281801413955E+000 
      5.92000000 -0.340310547917693E+004  0.164281347063495E+000 
      5.94000000 -0.340310547975688E+004  0.164280767115770E+000 
      5.96000000 -0.340310548040633E+004  0.164280117660026E+000 
      5.98000000 -0.340310548113034E+004  0.164279393656439E+000 
      6.00000000 -0.340310548185464E+004  0.164278669350456E+000 
      6.02000000 -0.340310548258536E+004  0.164277938639222E+000 
      6.04000000 -0.340310548336520E+004  0.164277158790783E+000 
      6.06000000 -0.340310548407450E+004  0.164276449495992E+000 
      6.08000000 -0.340310548473671E+004  0.164275787280405E+000 
      6.10000000 -0.340310548542834E+004  0.164275095651868E+000 
      6.12000000 -0.340310548613073E+004  0.164274393265033E+000 
      6.14000000 -0.340310548673756E+004  0.164273786432583E+000 
      6.16000000 -0.340310548723098E+004  0.164273293014895E+000 
      6.18000000 -0.340310548770500E+004  0.164272818989676E+000 
      6.20000000 -0.340310548820062E+004  0.164272323375548E+000 
      6.22000000 -0.340310548882041E+004  0.164271703587974E+000 
      6.24000000 -0.340310548951158E+004  0.164271012416513E+000 
      6.26000000 -0.340310549023481E+004  0.164270289185161E+000 
      6.28000000 -0.340310549097207E+004  0.164269551927533E+000 
      6.30000000 -0.340310549169746E+004  0.164268826531064E+000 
      6.32000000 -0.340310549238692E+004  0.164268137076925E+000 
      6.34000000 -0.340310549308287E+004  0.164267441125502E+000 
      6.36000000 -0.340310549382391E+004  0.164266700085591E+000 
      6.38000000 -0.340310549459046E+004  0.164265933535662E+000 
      6.40000000 -0.340310549532901E+004  0.164265194980280E+000 
      6.42000000 -0.340310549594270E+004  0.164264581295945E+000 
      6.44000000 -0.340310549646175E+004  0.164264062244883E+000 
      6.46000000 -0.340310549698116E+004  0.164263542833033E+000 
      6.48000000 -0.340310549750008E+004  0.164263023916928E+000 
      6.50000000 -0.340310549805486E+004  0.164262469130806E+000 
      6.52000000 -0.340310549871443E+004  0.164261809562547E+000 
      6.54000000 -0.340310549933174E+004  0.164261192252155E+000 
      6.56000000 -0.340310549990943E+004  0.164260614563127E+000 
      6.58000000 -0.340310550059524E+004  0.164259928750900E+000 
      6.60000000 -0.340310550127870E+004  0.164259245291725E+000 
      6.62000000 -0.340310550193918E+004  0.164258584814342E+000 
      6.64000000 -0.340310550264909E+004  0.164257874908956E+000 
      6.66000000 -0.340310550338665E+004  0.164257137344678E+000 
      6.68000000 -0.340310550413876E+004  0.164256385232470E+000 
      6.70000000 -0.340310550487349E+004  0.164255650505388E+000 
      6.72000000 -0.340310550561452E+004  0.164254909476691E+000 
      6.74000000 -0.340310550631484E+004  0.164254209158685E+000 
      6.76000000 -0.340310550696918E+004  0.164253554810836E+000 
      6.78000000 -0.340310550764772E+004  0.164252876271608E+000 
      6.80000000 -0.340310550837810E+004  0.164252145896414E+000 
      6.82000000 -0.340310550909945E+004  0.164251424541702E+000 
      6.84000000 -0.340310550980645E+004  0.164250717544278E+000 
      6.86000000 -0.340310551052310E+004  0.164250000895283E+000 
      6.88000000 -0.340310551122116E+004  0.164249302830947E+000 
      6.90000000 -0.340310551194594E+004  0.164248578053967E+000 
      6.92000000 -0.340310551270524E+004  0.164247818753448E+000 
      6.94000000 -0.340310551336852E+004  0.164247155479085E+000 
      6.96000000 -0.340310551408360E+004  0.164246440392732E+000 
      6.98000000 -0.340310551480228E+004  0.164245721714737E+000 
      7.00000000 -0.340310551545930E+004  0.164245064695586E+000 
      7.02000000 -0.340310551611181E+004  0.164244412183775E+000 
      7.04000000 -0.340310551672590E+004  0.164243798089541E+000 
      7.06000000 -0.340310551724299E+004  0.164243281002513E+000 
      7.08000000 -0.340310551784478E+004  0.164242679217233E+000 
      7.10000000 -0.340310551855320E+004  0.164241970798311E+000 
      7.12000000 -0.340310551927751E+004  0.164241246487300E+000 
      7.14000000 -0.340310551998123E+004  0.164240542762493E+000 
      7.16000000 -0.340310552069851E+004  0.164239825484342E+000 
      7.18000000 -0.340310552141216E+004  0.164239111834955E+000 
      7.20000000 -0.340310552212410E+004  0.164238399894770E+000 
      7.22000000 -0.340310552280581E+004  0.164237718182692E+000 
      7.24000000 -0.340310552346856E+004  0.164237055434623E+000 
      7.26000000 -0.340310552404701E+004  0.164236476986509E+000 
      7.28000000 -0.340310552457966E+004  0.164235944337633E+000 
      7.30000000 -0.340310552512479E+004  0.164235399203856E+000 
      7.32000000 -0.340310552572664E+004  0.164234797351290E+000 
      7.34000000 -0.340310552632983E+004  0.164234194162686E+000 
      7.36000000 -0.340310552687559E+004  0.164233648408260E+000 
      7.38000000 -0.340310552744476E+004  0.164233079230048E+000 
      7.40000000 -0.340310552807029E+004  0.164232453705437E+000 
      7.42000000 -0.340310552872313E+004  0.164231800861839E+000 
      7.44000000 -0.340310552939141E+004  0.164231132586710E+000 
      7.46000000 -0.340310553007398E+004  0.164230450013845E+000 
      7.48000000 -0.340310553072438E+004  0.164229799617266E+000 
      7.50000000 -0.340310553132131E+004  0.164229202684260E+000 
      7.52000000 -0.340310553193233E+004  0.164228591663108E+000 
      7.54000000 -0.340310553258095E+004  0.164227943040696E+000 
      7.56000000 -0.340310553327117E+004  0.164227252827470E+000 
      7.58000000 -0.340310553398179E+004  0.164226542207082E+000 
      7.60000000 -0.340310553467895E+004  0.164225845042977E+000 
      7.62000000 -0.340310553535164E+004  0.164225172350220E+000 
      7.64000000 -0.340310553603632E+004  0.164224487677977E+000 
      7.66000000 -0.340310553666198E+004  0.164223862011061E+000 
      7.68000000 -0.340310553717524E+004  0.164223348751174E+000 
      7.70000000 -0.340310553762103E+004  0.164222902962186E+000 
      7.72000000 -0.340310553805215E+004  0.164222471848351E+000 
      7.74000000 -0.340310553861397E+004  0.164221910023183E+000 
      7.76000000 -0.340310553923932E+004  0.164221284676065E+000 
      7.78000000 -0.340310553980178E+004  0.164220722219034E+000 
      7.80000000 -0.340310554035288E+004  0.164220171118522E+000 
      7.82000000 -0.340310554091515E+004  0.164219608841691E+000 
      7.84000000 -0.340310554151211E+004  0.164219011883550E+000 
      7.86000000 -0.340310554214983E+004  0.164218374163288E+000 
      7.88000000 -0.340310554281299E+004  0.164217711006867E+000 
      7.90000000 -0.340310554343757E+004  0.164217086427730E+000 
      7.92000000 -0.340310554408260E+004  0.164216441393866E+000 
      7.94000000 -0.340310554473072E+004  0.164215793270293E+000 
      7.96000000 -0.340310554525191E+004  0.164215272081570E+000 
      7.98000000 -0.340310554577553E+004  0.164214748460522E+000 
      8.00000000 -0.340310554636831E+004  0.164214155684897E+000 
      8.02000000 -0.340310554675673E+004  0.164213767263188E+000 
      8.04000000 -0.340310554689351E+004  0.164213630480325E+000 
      8.06000000 -0.340310554711815E+004  0.164213405841441E+000 
      8.08000000 -0.340310554762060E+004  0.164212903395536E+000 
      8.10000000 -0.340310554820351E+004  0.164212320484939E+000 
      8.12000000 -0.340310554875723E+004  0.164211766765714E+000 
      8.14000000 -0.340310554932479E+004  0.164211199203508E+000 
      8.16000000 -0.340310554989830E+004  0.164210625696223E+000 
      8.18000000 -0.340310555052272E+004  0.164210001275631E+000 
      8.20000000 -0.340310555117849E+004  0.164209345503964E+000 
      8.22000000 -0.340310555175673E+004  0.164208767266600E+000 
      8.24000000 -0.340310555233186E+004  0.164208192137507E+000 
      8.26000000 -0.340310555297722E+004  0.164207546773404E+000 
      8.28000000 -0.340310555363753E+004  0.164206886465007E+000 
      8.30000000 -0.340310555425851E+004  0.164206265485246E+000 
      8.32000000 -0.340310555485164E+004  0.164205672356179E+000 
      8.34000000 -0.340310555552754E+004  0.164204996449584E+000 
      8.36000000 -0.340310555608350E+004  0.164204440492930E+000 
      8.38000000 -0.340310555648212E+004  0.164204041874794E+000 
      8.40000000 -0.340310555679523E+004  0.164203728759240E+000 
      8.42000000 -0.340310555704689E+004  0.164203477101061E+000 
      8.44000000 -0.340310555735072E+004  0.164203173275130E+000 
      8.46000000 -0.340310555764082E+004  0.164202883173851E+000 
      8.48000000 -0.340310555788230E+004  0.164202641697791E+000 
      8.50000000 -0.340310555826935E+004  0.164202254645764E+000 
      8.52000000 -0.340310555865609E+004  0.164201867905414E+000 
      8.54000000 -0.340310555909365E+004  0.164201430340699E+000 
      8.56000000 -0.340310555956837E+004  0.164200955626000E+000 
      8.58000000 -0.340310556017217E+004  0.164200351819841E+000 
      8.60000000 -0.340310556084153E+004  0.164199682465053E+000 
      8.62000000 -0.340310556149770E+004  0.164199026297022E+000 
      8.64000000 -0.340310556214259E+004  0.164198381407009E+000 
      8.66000000 -0.340310556279456E+004  0.164197729436574E+000 
      8.68000000 -0.340310556340018E+004  0.164197123810619E+000 
      8.70000000 -0.340310556390081E+004  0.164196623188764E+000 
      8.72000000 -0.340310556431161E+004  0.164196212381551E+000 
      8.74000000 -0.340310556476927E+004  0.164195754728312E+000 
      8.76000000 -0.340310556521416E+004  0.164195309833754E+000 
      8.78000000 -0.340310556574511E+004  0.164194778886731E+000 
      8.80000000 -0.340310556632356E+004  0.164194200429724E+000 
      8.82000000 -0.340310556692349E+004  0.164193600500202E+000 
      8.84000000 -0.340310556756326E+004  0.164192960732379E+000 
      8.86000000 -0.340310556817136E+004  0.164192352637363E+000 
      8.88000000 -0.340310556881672E+004  0.164191707269780E+000 
      8.90000000 -0.340310556943739E+004  0.164191086604790E+000 
      8.92000000 -0.340310557007323E+004  0.164190450761942E+000 
      8.94000000 -0.340310557068177E+004  0.164189842221837E+000 
      8.96000000 -0.340310557130415E+004  0.164189219846100E+000 
      8.98000000 -0.340310557188448E+004  0.164188639511678E+000 
      9.00000000 -0.340310557248778E+004  0.164188036214799E+000 
      9.02000000 -0.340310557310257E+004  0.164187421428764E+000 
      9.04000000 -0.340310557370675E+004  0.164186817248283E+000 
      9.06000000 -0.340310557434008E+004  0.164186183911231E+000 
      9.08000000 -0.340310557495293E+004  0.164185571068349E+000 
      9.10000000 -0.340310557553251E+004  0.164184991481026E+000 
      9.12000000 -0.340310557617250E+004  0.164184351497812E+000 
      9.14000000 -0.340310557681413E+004  0.164183709864562E+000 
      9.16000000 -0.340310557746442E+004  0.164183059571618E+000 
      9.18000000 -0.340310557811103E+004  0.164182412964671E+000 
      9.20000000 -0.340310557875965E+004  0.164181764339552E+000 
      9.22000000 -0.340310557937804E+004  0.164181145954141E+000 
      9.24000000 -0.340310557996741E+004  0.164180556588410E+000 
      9.26000000 -0.340310558052955E+004  0.164179994448857E+000 
      9.28000000 -0.340310558112070E+004  0.164179403293105E+000 
      9.30000000 -0.340310558174095E+004  0.164178783047295E+000 
      9.32000000 -0.340310558229561E+004  0.164178228381049E+000 
      9.34000000 -0.340310558287264E+004  0.164177651355980E+000 
      9.36000000 -0.340310558346859E+004  0.164177055404412E+000 
      9.38000000 -0.340310558407965E+004  0.164176444346136E+000 
      9.40000000 -0.340310558470352E+004  0.164175820476975E+000 
      9.42000000 -0.340310558530474E+004  0.164175219257046E+000 
      9.44000000 -0.340310558584132E+004  0.164174682675460E+000 
      9.46000000 -0.340310558635663E+004  0.164174167364146E+000 
      9.48000000 -0.340310558694828E+004  0.164173575715355E+000 
      9.50000000 -0.340310558758604E+004  0.164172937952942E+000 
      9.52000000 -0.340310558821616E+004  0.164172307830890E+000 
      9.54000000 -0.340310558882043E+004  0.164171703559534E+000 
      9.56000000 -0.340310558941766E+004  0.164171106336892E+000 
      9.58000000 -0.340310559001553E+004  0.164170508464600E+000 
      9.60000000 -0.340310559057831E+004  0.164169945686996E+000 
      9.62000000 -0.340310559115596E+004  0.164169368030065E+000 
      9.64000000 -0.340310559176345E+004  0.164168760544484E+000 
      9.66000000 -0.340310559238128E+004  0.164168142715917E+000 
      9.68000000 -0.340310559297652E+004  0.164167547473550E+000 
      9.70000000 -0.340310559354236E+004  0.164166981632147E+000 
      9.72000000 -0.340310559412590E+004  0.164166398091233E+000 
      9.74000000 -0.340310559465622E+004  0.164165867778006E+000 
      9.76000000 -0.340310559511882E+004  0.164165405170404E+000 
      9.78000000 -0.340310559560396E+004  0.164164920031126E+000 
      9.80000000 -0.340310559616366E+004  0.164164360332018E+000 
      9.82000000 -0.340310559675568E+004  0.164163768311225E+000 
      9.84000000 -0.340310559733756E+004  0.164163186436589E+000 
      9.86000000 -0.340310559793268E+004  0.164162591310618E+000 
      9.88000000 -0.340310559849994E+004  0.164162024049650E+000 
      9.90000000 -0.340310559902469E+004  0.164161499301380E+000 
      9.92000000 -0.340310559954822E+004  0.164160975773527E+000 
      9.94000000 -0.340310560006531E+004  0.164160458681472E+000 
      9.96000000 -0.340310560064964E+004  0.164159874357110E+000 
      9.98000000 -0.340310560124962E+004  0.164159274375772E+000 
     10.00000000 -0.340310560180705E+004  0.164158716946575E+000 
     10.02000000 -0.340310560237387E+004  0.164158150125281E+000 
     10.04000000 -0.340310560297479E+004  0.164157549201949E+000 
     10.06000000 -0.340310560353759E+004  0.164156986400757E+000 
     10.08000000 -0.340310560404848E+004  0.164156475511710E+000 
     10.10000000 -0.340310560454574E+004  0.164155978256827E+000 
     10.12000000 -0.340310560506432E+004  0.164155459670575E+000 
     10.14000000 -0.340310560563704E+004  0.164154886958338E+000 
     10.16000000 -0.340310560622254E+004  0.164154301452617E+000 
     10.18000000 -0.340310560680038E+004  0.164153723612777E+000 
     10.20000000 -0.340310560739676E+004  0.164153127231588E+000 
     10.22000000 -0.340310560798553E+004  0.164152538467557E+000 
     10.24000000 -0.340310560856881E+004  0.164151955181477E+000 
     10.26000000 -0.340310560915732E+004  0.164151366676533E+000 
     10.28000000 -0.340310560976039E+004  0.164150763607419E+000 
     10.30000000 -0.340310561036693E+004  0.164150157067312E+000 
     10.32000000 -0.340310561094650E+004  0.164149577491203E+000 
     10.34000000 -0.340310561152262E+004  0.164149001377192E+000 
     10.36000000 -0.340310561205991E+004  0.164148464084084E+000 
     10.38000000 -0.340310561256174E+004  0.164147962251095E+000 
     10.40000000 -0.340310561312653E+004  0.164147397461894E+000 
     10.42000000 -0.340310561371324E+004  0.164146810752384E+000 
     10.44000000 -0.340310561424397E+004  0.164146280025779E+000 
     10.46000000 -0.340310561471830E+004  0.164145805690816E+000 
     10.48000000 -0.340310561522149E+004  0.164145302507480E+000 
     10.50000000 -0.340310561579369E+004  0.164144730303750E+000 
     10.52000000 -0.340310561639091E+004  0.164144133086909E+000 
     10.54000000 -0.340310561698097E+004  0.164143543028990E+000 
     10.56000000 -0.340310561754087E+004  0.164142983121065E+000 
     10.58000000 -0.340310561812772E+004  0.164142396274665E+000 
     10.60000000 -0.340310561871278E+004  0.164141811214419E+000 
     10.62000000 -0.340310561929931E+004  0.164141224686270E+000 
     10.64000000 -0.340310561987251E+004  0.164140651487955E+000 
     10.66000000 -0.340310562042259E+004  0.164140101406003E+000 
     10.68000000 -0.340310562098301E+004  0.164139540981451E+000 
     10.70000000 -0.340310562150005E+004  0.164139023948948E+000 
     10.72000000 -0.340310562202279E+004  0.164138501202609E+000 
     10.74000000 -0.340310562258947E+004  0.164137934524780E+000 
     10.76000000 -0.340310562318251E+004  0.164137341489293E+000 
     10.78000000 -0.340310562381099E+004  0.164136713006836E+000 
     10.80000000 -0.340310562436460E+004  0.164136159390860E+000 
     10.82000000 -0.340310562485871E+004  0.164135665284850E+000 
     10.84000000 -0.340310562543148E+004  0.164135092511516E+000 
     10.86000000 -0.340310562599349E+004  0.164134530505373E+000 
     10.88000000 -0.340310562654313E+004  0.164133980861548E+000 
     10.90000000 -0.340310562708613E+004  0.164133437864272E+000 
     10.92000000 -0.340310562757454E+004  0.164132949458951E+000 
     10.94000000 -0.340310562795888E+004  0.164132565116510E+000 
     10.96000000 -0.340310562839921E+004  0.164132124785751E+000 
     10.98000000 -0.340310562895670E+004  0.164131567293136E+000 
     11.00000000 -0.340310562946127E+004  0.164131062720011E+000 
     11.02000000 -0.340310562988306E+004  0.164130640935243E+000 
     11.04000000 -0.340310563033825E+004  0.164130185745263E+000 
     11.06000000 -0.340310563084200E+004  0.164129681995030E+000 
     11.08000000 -0.340310563141002E+004  0.164129113973428E+000 
     11.10000000 -0.340310563198771E+004  0.164128536285174E+000 
     11.12000000 -0.340310563257205E+004  0.164127951942637E+000 
     11.14000000 -0.340310563307487E+004  0.164127449128984E+000 
     11.16000000 -0.340310563354720E+004  0.164126976792085E+000 
     11.18000000 -0.340310563404231E+004  0.164126481683370E+000 
     11.20000000 -0.340310563461233E+004  0.164125911664092E+000 
     11.22000000 -0.340310563517286E+004  0.164125351135519E+000 
     11.24000000 -0.340310563571446E+004  0.164124809531899E+000 
     11.26000000 -0.340310563628914E+004  0.164124234856788E+000 
     11.28000000 -0.340310563687442E+004  0.164123649573804E+000 
     11.30000000 -0.340310563746520E+004  0.164123058798562E+000 
     11.32000000 -0.340310563806324E+004  0.164122460754575E+000 
     11.34000000 -0.340310563861720E+004  0.164121906798305E+000 
     11.36000000 -0.340310563915334E+004  0.164121370650207E+000 
     11.38000000 -0.340310563971699E+004  0.164120807006789E+000 
     11.40000000 -0.340310564021387E+004  0.164120310129323E+000 
     11.42000000 -0.340310564069221E+004  0.164119831786245E+000 
     11.44000000 -0.340310564125222E+004  0.164119271777779E+000 
     11.46000000 -0.340310564179382E+004  0.164118730170292E+000 
     11.48000000 -0.340310564221323E+004  0.164118310761777E+000 
     11.50000000 -0.340310564255322E+004  0.164117970777740E+000 
     11.52000000 -0.340310564297146E+004  0.164117552537049E+000 
     11.54000000 -0.340310564351113E+004  0.164117012861887E+000 
     11.56000000 -0.340310564406832E+004  0.164116455670123E+000 
     11.58000000 -0.340310564463495E+004  0.164115889043724E+000 
     11.60000000 -0.340310564518298E+004  0.164115341012813E+000 
     11.62000000 -0.340310564575588E+004  0.164114768117282E+000 
     11.64000000 -0.340310564633271E+004  0.164114191286722E+000 
     11.66000000 -0.340310564688471E+004  0.164113639283658E+000 
     11.68000000 -0.340310564742396E+004  0.164113100036957E+000 
     11.70000000 -0.340310564794072E+004  0.164112583273595E+000 
     11.72000000 -0.340310564837223E+004  0.164112151765329E+000 
     11.74000000 -0.340310564878334E+004  0.164111740650305E+000 
     11.76000000 -0.340310564924316E+004  0.164111280834656E+000 
     11.78000000 -0.340310564980763E+004  0.164110716359839E+000 
     11.80000000 -0.340310565036615E+004  0.164110157847891E+000 
     11.82000000 -0.340310565091222E+004  0.164109611777147E+000 
     11.84000000 -0.340310565147803E+004  0.164109045961652E+000 
     11.86000000 -0.340310565204413E+004  0.164108479868122E+000 
     11.88000000 -0.340310565259377E+004  0.164107930225844E+000 
     11.90000000 -0.340310565310527E+004  0.164107418722722E+000 
     11.92000000 -0.340310565366670E+004  0.164106857293531E+000 
     11.94000000 -0.340310565420777E+004  0.164106316228194E+000 
     11.96000000 -0.340310565466755E+004  0.164105856448120E+000 
     11.98000000 -0.340310565512678E+004  0.164105397219091E+000 
     12.00000000 -0.340310565560441E+004  0.164104919582895E+000 
