# Real time calculation: 
# Eall: Total energy
# Eall0: Initial total energy
# 1:Time[fs] 2:Eall[eV] 3:Eall-Eall0[eV] 
      0.00000000 -0.340326976052399E+004  0.000000000000000E+000 
      0.02000000 -0.340326976052418E+004 -0.185227881942041E-009 
      0.04000000 -0.340326976052436E+004 -0.370455763884081E-009 
      0.06000000 -0.340326976052455E+004 -0.555296948786577E-009 
      0.08000000 -0.340326976052473E+004 -0.740138133689072E-009 
      0.10000000 -0.340326976052492E+004 -0.923432530433388E-009 
      0.12000000 -0.340326976052510E+004 -0.110750032125679E-008 
      0.14000000 -0.340326976052529E+004 -0.129079471800111E-008 
      0.16000000 -0.340326976052547E+004 -0.147486250882451E-008 
      0.18000000 -0.340326976052565E+004 -0.165815690556883E-008 
      0.20000000 -0.340326976052583E+004 -0.184029121119451E-008 
      0.22000000 -0.340326976052602E+004 -0.202358560793883E-008 
      0.24000000 -0.340326976052620E+004 -0.220571991356451E-008 
      0.26000000 -0.340326976052638E+004 -0.238862761326928E-008 
      0.28000000 -0.340326976052657E+004 -0.257192201001359E-008 
      0.30000000 -0.340326976052675E+004 -0.275444301267882E-008 
      0.32000000 -0.340326976052693E+004 -0.293657731830450E-008 
      0.34000000 -0.340326976052711E+004 -0.311987171504882E-008 
      0.36000000 -0.340326976052730E+004 -0.330200602067450E-008 
      0.38000000 -0.340326976052748E+004 -0.348414032630018E-008 
      0.40000000 -0.340326976052766E+004 -0.366782142008404E-008 
      0.42000000 -0.340326976052784E+004 -0.384918233163063E-008 
      0.44000000 -0.340326976052803E+004 -0.403170333429586E-008 
      0.46000000 -0.340326976052821E+004 -0.421383763992154E-008 
      0.48000000 -0.340326976052839E+004 -0.439635864258676E-008 
      0.50000000 -0.340326976052857E+004 -0.457926634229153E-008 
      0.52000000 -0.340326976052876E+004 -0.476178734495676E-008 
      0.54000000 -0.340326976052894E+004 -0.494430834762198E-008 
      0.56000000 -0.340326976052912E+004 -0.512644265324767E-008 
      0.58000000 -0.340326976052930E+004 -0.530857695887335E-008 
      0.60000000 -0.340326976052949E+004 -0.549109796153857E-008 
      0.62000000 -0.340326976052967E+004 -0.567361896420380E-008 
      0.64000000 -0.340326976052985E+004 -0.585536657278993E-008 
      0.66000000 -0.340326976053003E+004 -0.603788757545516E-008 
      0.68000000 -0.340326976053022E+004 -0.622079527515993E-008 
      0.70000000 -0.340326976053040E+004 -0.640292958078561E-008 
      0.72000000 -0.340326976053058E+004 -0.658506388641129E-008 
      0.74000000 -0.340326976053076E+004 -0.676719819203697E-008 
      0.76000000 -0.340326976053094E+004 -0.694971919470220E-008 
      0.78000000 -0.340326976053113E+004 -0.713185350032788E-008 
      0.80000000 -0.340326976053131E+004 -0.731398780595356E-008 
      0.82000000 -0.340326976053149E+004 -0.749650880861879E-008 
      0.84000000 -0.340326976053167E+004 -0.767825641720492E-008 
      0.86000000 -0.340326976053186E+004 -0.786155081394924E-008 
      0.88000000 -0.340326976053204E+004 -0.804368511957492E-008 
      0.90000000 -0.340326976053222E+004 -0.822659281927969E-008 
      0.92000000 -0.340326976053240E+004 -0.840834042786582E-008 
      0.94000000 -0.340326976053259E+004 -0.859163482461014E-008 
      0.96000000 -0.340326976053277E+004 -0.877260903911719E-008 
      0.98000000 -0.340326976053295E+004 -0.895590343586150E-008 
      1.00000000 -0.340326976053313E+004 -0.913842443852673E-008 
      1.02000000 -0.340326976053331E+004 -0.932017204711286E-008 
      1.04000000 -0.340326976053350E+004 -0.950230635273854E-008 
      1.06000000 -0.340326976053368E+004 -0.968482735540377E-008 
      1.08000000 -0.340326976053386E+004 -0.986657496398990E-008 
      1.10000000 -0.340326976053404E+004 -0.100494826636947E-007 
      1.12000000 -0.340326976053423E+004 -0.102320036663599E-007 
      1.14000000 -0.340326976053441E+004 -0.104137512749460E-007 
      1.16000000 -0.340326976053459E+004 -0.105966589746508E-007 
      1.18000000 -0.340326976053477E+004 -0.107784065832369E-007 
      1.20000000 -0.340326976053496E+004 -0.109613142829417E-007 
      1.22000000 -0.340326976053514E+004 -0.111430618915278E-007 
      1.24000000 -0.340326976053532E+004 -0.113255828941931E-007 
      1.26000000 -0.340326976053550E+004 -0.115084905938978E-007 
      1.28000000 -0.340326976053568E+004 -0.116906248995235E-007 
      1.30000000 -0.340326976053587E+004 -0.118727592051492E-007 
      1.32000000 -0.340326976053605E+004 -0.120548935107749E-007 
      1.34000000 -0.340326976053623E+004 -0.122378012104797E-007 
      1.36000000 -0.340326976053641E+004 -0.124191621220263E-007 
      1.38000000 -0.340326976053660E+004 -0.126028432158101E-007 
      1.40000000 -0.340326976053678E+004 -0.127849775214358E-007 
      1.42000000 -0.340326976053696E+004 -0.129659517359428E-007 
      1.44000000 -0.340326976053714E+004 -0.131484727386081E-007 
      1.46000000 -0.340326976053733E+004 -0.133306070442337E-007 
      1.48000000 -0.340326976053751E+004 -0.135127413498594E-007 
      1.50000000 -0.340326976053769E+004 -0.136944889584456E-007 
      1.52000000 -0.340326976053787E+004 -0.138754631729526E-007 
      1.54000000 -0.340326976053805E+004 -0.140572107815387E-007 
      1.56000000 -0.340326976053823E+004 -0.142381849960458E-007 
      1.58000000 -0.340326976053841E+004 -0.144176124223947E-007 
      1.60000000 -0.340326976053859E+004 -0.145981999398622E-007 
      1.62000000 -0.340326976053877E+004 -0.147768539721319E-007 
      1.64000000 -0.340326976053895E+004 -0.149543479132831E-007 
      1.66000000 -0.340326976053913E+004 -0.151326152485133E-007 
      1.68000000 -0.340326976053930E+004 -0.153101091896644E-007 
      1.70000000 -0.340326976053948E+004 -0.154856696456179E-007 
      1.72000000 -0.340326976053965E+004 -0.156600700104526E-007 
      1.74000000 -0.340326976053983E+004 -0.158321501930502E-007 
      1.76000000 -0.340326976054000E+004 -0.160038436786081E-007 
      1.78000000 -0.340326976054017E+004 -0.161747637700870E-007 
      1.80000000 -0.340326976054034E+004 -0.163422035882100E-007 
      1.82000000 -0.340326976054050E+004 -0.165073232240957E-007 
      1.84000000 -0.340326976054067E+004 -0.166712827688627E-007 
      1.86000000 -0.340326976054083E+004 -0.168333088284321E-007 
      1.88000000 -0.340326976054099E+004 -0.169930147057642E-007 
      1.90000000 -0.340326976054114E+004 -0.171504004008590E-007 
      1.92000000 -0.340326976054130E+004 -0.173062393077956E-007 
      1.94000000 -0.340326976054145E+004 -0.174585979413763E-007 
      1.96000000 -0.340326976054161E+004 -0.176109565749570E-007 
      1.98000000 -0.340326976054175E+004 -0.177602216322214E-007 
      2.00000000 -0.340326976054190E+004 -0.179087132954066E-007 
      2.02000000 -0.340326976054205E+004 -0.180564315645128E-007 
      2.04000000 -0.340326976054220E+004 -0.182033764395399E-007 
      2.06000000 -0.340326976054234E+004 -0.183503213145670E-007 
      2.08000000 -0.340326976054249E+004 -0.184972661895941E-007 
      2.10000000 -0.340326976054264E+004 -0.186457578527794E-007 
      2.12000000 -0.340326976054279E+004 -0.187969563952414E-007 
      2.14000000 -0.340326976054294E+004 -0.189504751199408E-007 
      2.16000000 -0.340326976054310E+004 -0.191074741179960E-007 
      2.18000000 -0.340326976054326E+004 -0.192679533894072E-007 
      2.20000000 -0.340326976054343E+004 -0.194330730252929E-007 
      2.22000000 -0.340326976054360E+004 -0.196036064197322E-007 
      2.24000000 -0.340326976054377E+004 -0.197791668756857E-007 
      2.26000000 -0.340326976054395E+004 -0.199589809990741E-007 
      2.28000000 -0.340326976054414E+004 -0.201430487898975E-007 
      2.30000000 -0.340326976054433E+004 -0.203321436422350E-007 
      2.32000000 -0.340326976054452E+004 -0.205235586768097E-007 
      2.34000000 -0.340326976054471E+004 -0.207157471054636E-007 
      2.36000000 -0.340326976054490E+004 -0.209036818666824E-007 
      2.38000000 -0.340326976054508E+004 -0.210865895663872E-007 
      2.40000000 -0.340326976054525E+004 -0.212598298401033E-007 
      2.42000000 -0.340326976054541E+004 -0.214176022322377E-007 
      2.44000000 -0.340326976054555E+004 -0.215533328931180E-007 
      2.46000000 -0.340326976054566E+004 -0.216608346701115E-007 
      2.48000000 -0.340326976054573E+004 -0.217308268342691E-007 
      2.50000000 -0.340326976054575E+004 -0.217536419596023E-007 
      2.52000000 -0.340326976054571E+004 -0.217196126201223E-007 
      2.54000000 -0.340326976054561E+004 -0.216163645105638E-007 
      2.56000000 -0.340326976054542E+004 -0.214299765375031E-007 
      2.58000000 -0.340326976054514E+004 -0.211469143045562E-007 
      2.60000000 -0.340326976054475E+004 -0.207528700212599E-007 
      2.62000000 -0.340326976054423E+004 -0.202327625030719E-007 
      2.64000000 -0.340326976054357E+004 -0.195707371713709E-007 
      2.66000000 -0.340326976054274E+004 -0.187501660534565E-007 
      2.68000000 -0.340326976054175E+004 -0.177551945707073E-007 
      2.70000000 -0.340326976054056E+004 -0.165695814474624E-007 
      2.72000000 -0.340326976053917E+004 -0.151778588021401E-007 
      2.74000000 -0.340326976053756E+004 -0.135668789353957E-007 
      2.76000000 -0.340326976053572E+004 -0.117254276330826E-007 
      2.78000000 -0.340326976053364E+004 -0.964267737809337E-008 
      2.80000000 -0.340326976053130E+004 -0.731012083555811E-008 
      2.82000000 -0.340326976052872E+004 -0.472273094396272E-008 
      2.84000000 -0.340326976052588E+004 -0.188166779442582E-008 
      2.86000000 -0.340326976052278E+004  0.121461540121075E-008 
      2.88000000 -0.340326976051944E+004  0.455529112583974E-008 
      2.90000000 -0.340326976051586E+004  0.813223874163072E-008 
      2.92000000 -0.340326976051207E+004  0.119272834877250E-007 
      2.94000000 -0.340326976050807E+004  0.159210905121455E-007 
      2.96000000 -0.340326976050391E+004  0.200842708398866E-007 
      2.98000000 -0.340326976049961E+004  0.243851153137058E-007 
      3.00000000 -0.340326976049520E+004  0.287892078970835E-007 
      3.02000000 -0.340326976049074E+004  0.332497582482347E-007 
      3.04000000 -0.340326976048627E+004  0.377230696016909E-007 
      3.06000000 -0.340326976048184E+004  0.421557777659949E-007 
      3.08000000 -0.340326976047750E+004  0.464960653378476E-007 
      3.10000000 -0.340326976047331E+004  0.506832208820406E-007 
      3.12000000 -0.340326976046933E+004  0.546596265396815E-007 
      3.14000000 -0.340326976046563E+004  0.583657309666805E-007 
      3.16000000 -0.340326976046225E+004  0.617423695159872E-007 
      3.18000000 -0.340326976045926E+004  0.647346312079861E-007 
      3.20000000 -0.340326976045671E+004  0.672860582749038E-007 
      3.22000000 -0.340326976045464E+004  0.693521805571926E-007 
      3.24000000 -0.340326976045310E+004  0.708916214716211E-007 
      3.26000000 -0.340326976045212E+004  0.718730585579863E-007 
      3.28000000 -0.340326976045172E+004  0.722759968731921E-007 
      3.30000000 -0.340326976045190E+004  0.720927024764478E-007 
      3.32000000 -0.340326976045267E+004  0.713274290351883E-007 
      3.34000000 -0.340326976045399E+004  0.700037650688259E-007 
      3.36000000 -0.340326976045584E+004  0.681592201901964E-007 
      3.38000000 -0.340326976045814E+004  0.658529590463502E-007 
      3.40000000 -0.340326976046083E+004  0.631596141659195E-007 
      3.42000000 -0.340326976046382E+004  0.601781799910278E-007 
      3.44000000 -0.340326976046697E+004  0.570262124216967E-007 
      3.46000000 -0.340326976047015E+004  0.538398288158461E-007 
      3.48000000 -0.340326976047322E+004  0.507775749596895E-007 
      3.50000000 -0.340326976047598E+004  0.480184915825362E-007 
      3.52000000 -0.340326976047824E+004  0.457547671130399E-007 
      3.54000000 -0.340326976047979E+004  0.441994716199901E-007 
      3.56000000 -0.340326976048042E+004  0.435768893863226E-007 
      3.58000000 -0.340326976047987E+004  0.441232923031997E-007 
      3.60000000 -0.340326976047791E+004  0.460834595966531E-007 
      3.62000000 -0.340326976047429E+004  0.497041039779127E-007 
      3.64000000 -0.340326976046876E+004  0.552346450374849E-007 
      3.66000000 -0.340326976046107E+004  0.629194753043620E-007 
      3.68000000 -0.340326976045100E+004  0.729917730933899E-007 
      3.70000000 -0.340326976043832E+004  0.856758226875044E-007 
      3.72000000 -0.340326976042282E+004  0.101173479941348E-006 
      3.74000000 -0.340326976040433E+004  0.119663398887191E-006 
      3.76000000 -0.340326976038270E+004  0.141295617976376E-006 
      3.78000000 -0.340326976035781E+004  0.166185372926688E-006 
      3.80000000 -0.340326976032958E+004  0.194410776540115E-006 
      3.82000000 -0.340326976029799E+004  0.226006244853176E-006 
      3.84000000 -0.340326976026304E+004  0.260957856772448E-006 
      3.86000000 -0.340326976022479E+004  0.299206060953841E-006 
      3.88000000 -0.340326976018336E+004  0.340631368012136E-006 
      3.90000000 -0.340326976013893E+004  0.385068271614406E-006 
      3.92000000 -0.340326976009171E+004  0.432287847113243E-006 
      3.94000000 -0.340326976004198E+004  0.482010899246093E-006 
      3.96000000 -0.340326975999009E+004  0.533899454800395E-006 
      3.98000000 -0.340326975993643E+004  0.587568363524763E-006 
      4.00000000 -0.340326975988142E+004  0.642577564188193E-006 
      4.02000000 -0.340326975982555E+004  0.698445232279413E-006 
      4.04000000 -0.340326975976935E+004  0.754644686430562E-006 
      4.06000000 -0.340326975971337E+004  0.810621403086934E-006 
      4.08000000 -0.340326975965821E+004  0.865789149536577E-006 
      4.10000000 -0.340326975960445E+004  0.919546225185961E-006 
      4.12000000 -0.340326975955272E+004  0.971277781742208E-006 
      4.14000000 -0.340326975950362E+004  0.102037399797396E-005 
      4.16000000 -0.340326975945777E+004  0.106622891962024E-005 
      4.18000000 -0.340326975941573E+004  0.110826443460693E-005 
      4.20000000 -0.340326975937807E+004  0.114592756616750E-005 
      4.22000000 -0.340326975934528E+004  0.117871058108900E-005 
      4.24000000 -0.340326975931783E+004  0.120615911034998E-005 
      4.26000000 -0.340326975929611E+004  0.122788142984938E-005 
      4.28000000 -0.340326975928044E+004  0.124355619434734E-005 
      4.30000000 -0.340326975927105E+004  0.125294635855861E-005 
      4.32000000 -0.340326975926809E+004  0.125590613769928E-005 
      4.34000000 -0.340326975927162E+004  0.125237791391047E-005 
      4.36000000 -0.340326975928158E+004  0.124241659817180E-005 
      4.38000000 -0.340326975929782E+004  0.122617377572275E-005 
      4.40000000 -0.340326975932008E+004  0.120391085376207E-005 
      4.42000000 -0.340326975934800E+004  0.117599828805363E-005 
      4.44000000 -0.340326975938108E+004  0.114291364944128E-005 
      4.46000000 -0.340326975941876E+004  0.110523350321098E-005 
      4.48000000 -0.340326975946036E+004  0.106363572927305E-005 
      4.50000000 -0.340326975950511E+004  0.101888792125098E-005 
      4.52000000 -0.340326975955216E+004  0.971837719055469E-006 
      4.54000000 -0.340326975960059E+004  0.923406621731738E-006 
      4.56000000 -0.340326975964942E+004  0.874571812698723E-006 
      4.58000000 -0.340326975969764E+004  0.826355332231940E-006 
      4.60000000 -0.340326975974419E+004  0.779808222884872E-006 
      4.62000000 -0.340326975978800E+004  0.735996608395546E-006 
      4.64000000 -0.340326975982801E+004  0.695980038652314E-006 
      4.66000000 -0.340326975986319E+004  0.660801048873789E-006 
      4.68000000 -0.340326975989254E+004  0.631457704119038E-006 
      4.70000000 -0.340326975991510E+004  0.608894705255668E-006 
      4.72000000 -0.340326975993001E+004  0.593982120622655E-006 
      4.74000000 -0.340326975993650E+004  0.587499144754684E-006 
      4.76000000 -0.340326975993387E+004  0.590120177288720E-006 
      4.78000000 -0.340326975992160E+004  0.602398968385391E-006 
      4.80000000 -0.340326975989924E+004  0.624756244423723E-006 
      4.82000000 -0.340326975986652E+004  0.657469653878109E-006 
      4.84000000 -0.340326975982333E+004  0.700663713195282E-006 
      4.86000000 -0.340326975976969E+004  0.754307486612079E-006 
      4.88000000 -0.340326975970579E+004  0.818206465517609E-006 
      4.90000000 -0.340326975963199E+004  0.892002568453252E-006 
      4.92000000 -0.340326975954882E+004  0.975177234688979E-006 
      4.94000000 -0.340326975945694E+004  0.106705335770855E-005 
      4.96000000 -0.340326975935719E+004  0.116680495263549E-005 
      4.98000000 -0.340326975925053E+004  0.127346373008278E-005 
      5.00000000 -0.340326975913806E+004  0.138593340394332E-005 
      5.02000000 -0.340326975902099E+004  0.150300399918036E-005 
      5.04000000 -0.340326975890063E+004  0.162336499952689E-005 
      5.06000000 -0.340326975877836E+004  0.174563125618726E-005 
      5.08000000 -0.340326975865564E+004  0.186835381535429E-005 
      5.10000000 -0.340326975853395E+004  0.199004737369909E-005 
      5.12000000 -0.340326975841478E+004  0.210921193340527E-005 
      5.14000000 -0.340326975829964E+004  0.222435484390018E-005 
      5.16000000 -0.340326975818998E+004  0.233401245688914E-005 
      5.18000000 -0.340326975808722E+004  0.243677603505710E-005 
      5.20000000 -0.340326975799269E+004  0.253130915343538E-005 
      5.22000000 -0.340326975790762E+004  0.261637670167968E-005 
      5.24000000 -0.340326975783314E+004  0.269085339140493E-005 
      5.26000000 -0.340326975777024E+004  0.275375546534251E-005 
      5.28000000 -0.340326975771975E+004  0.280424417761366E-005 
      5.30000000 -0.340326975768235E+004  0.284164512858141E-005 
      5.32000000 -0.340326975765853E+004  0.286546218594402E-005 
      5.34000000 -0.340326975764861E+004  0.287538096500835E-005 
      5.36000000 -0.340326975765272E+004  0.287127424244838E-005 
      5.38000000 -0.340326975767079E+004  0.285320775676084E-005 
      5.40000000 -0.340326975770256E+004  0.282143750138591E-005 
      5.42000000 -0.340326975774759E+004  0.277640740452497E-005 
      5.44000000 -0.340326975780526E+004  0.271873540804724E-005 
      5.46000000 -0.340326975787478E+004  0.264921578767192E-005 
      5.48000000 -0.340326975795520E+004  0.256879363096368E-005 
      5.50000000 -0.340326975804543E+004  0.247856251715033E-005 
      5.52000000 -0.340326975814426E+004  0.237973435475382E-005 
      5.54000000 -0.340326975825036E+004  0.227363164764940E-005 
      5.56000000 -0.340326975836234E+004  0.216165810609060E-005 
      5.58000000 -0.340326975847871E+004  0.204528163203954E-005 
      5.60000000 -0.340326975859799E+004  0.192600725037413E-005 
      5.62000000 -0.340326975871864E+004  0.180535854743018E-005 
      5.64000000 -0.340326975883914E+004  0.168485253569382E-005 
      5.66000000 -0.340326975895803E+004  0.156596910473539E-005 
      5.68000000 -0.340326975907385E+004  0.145014444735976E-005 
      5.70000000 -0.340326975918526E+004  0.133873354999350E-005 
      5.72000000 -0.340326975929100E+004  0.123299704498552E-005 
      5.74000000 -0.340326975938991E+004  0.113408883630183E-005 
      5.76000000 -0.340326975948096E+004  0.104303173761201E-005 
      5.78000000 -0.340326975956329E+004  0.960703164498811E-006 
      5.80000000 -0.340326975963616E+004  0.887835521155115E-006 
      5.82000000 -0.340326975969900E+004  0.824994545349781E-006 
      5.84000000 -0.340326975975142E+004  0.772578921730579E-006 
      5.86000000 -0.340326975979317E+004  0.730821828612355E-006 
      5.88000000 -0.340326975982421E+004  0.699783204036238E-006 
      5.90000000 -0.340326975984463E+004  0.679360186589710E-006 
      5.92000000 -0.340326975985471E+004  0.669284795224366E-006 
      5.94000000 -0.340326975985485E+004  0.669141330622695E-006 
      5.96000000 -0.340326975984563E+004  0.678367148592159E-006 
      5.98000000 -0.340326975982772E+004  0.696273155008289E-006 
      6.00000000 -0.340326975980194E+004  0.722053473240673E-006 
      6.02000000 -0.340326975976919E+004  0.754804005610855E-006 
      6.04000000 -0.340326975973046E+004  0.793535581091679E-006 
      6.06000000 -0.340326975968679E+004  0.837200637403018E-006 
      6.08000000 -0.340326975963929E+004  0.884702501740722E-006 
      6.10000000 -0.340326975958908E+004  0.934918592598992E-006 
      6.12000000 -0.340326975953727E+004  0.986720141319397E-006 
      6.14000000 -0.340326975948501E+004  0.103898920676061E-005 
      6.16000000 -0.340326975943336E+004  0.109063801015040E-005 
      6.18000000 -0.340326975938337E+004  0.114062130939086E-005 
      6.20000000 -0.340326975933604E+004  0.118795728069860E-005 
      6.22000000 -0.340326975929226E+004  0.123173911951588E-005 
      6.24000000 -0.340326975925285E+004  0.127114354784551E-005 
      6.26000000 -0.340326975921855E+004  0.130544898901171E-005 
      6.28000000 -0.340326975918996E+004  0.133403634105415E-005 
      6.30000000 -0.340326975916760E+004  0.135639864415399E-005 
      6.32000000 -0.340326975915185E+004  0.137214572099834E-005 
      6.34000000 -0.340326975914299E+004  0.138100417678024E-005 
      6.36000000 -0.340326975914118E+004  0.138281778589570E-005 
      6.38000000 -0.340326975914645E+004  0.137754710524671E-005 
      6.40000000 -0.340326975915873E+004  0.136526174030036E-005 
      6.42000000 -0.340326975917785E+004  0.134614111848302E-005 
      6.44000000 -0.340326975920354E+004  0.132045902129868E-005 
      6.46000000 -0.340326975923541E+004  0.128858203754083E-005 
      6.48000000 -0.340326975927304E+004  0.125095602889607E-005 
      6.50000000 -0.340326975931590E+004  0.120809375563882E-005 
      6.52000000 -0.340326975936343E+004  0.116056907617579E-005 
      6.54000000 -0.340326975941499E+004  0.110900225255839E-005 
      6.56000000 -0.340326975946995E+004  0.105404177572194E-005 
      6.58000000 -0.340326975952763E+004  0.996365525576767E-006 
      6.60000000 -0.340326975958734E+004  0.936653702215430E-006 
      6.62000000 -0.340326975964840E+004  0.875591532792003E-006 
      6.64000000 -0.340326975971015E+004  0.813844909608581E-006 
      6.66000000 -0.340326975977193E+004  0.752061163509362E-006 
      6.68000000 -0.340326975983314E+004  0.690853595999066E-006 
      6.70000000 -0.340326975989320E+004  0.630794518696218E-006 
      6.72000000 -0.340326975995158E+004  0.572410226271639E-006 
      6.74000000 -0.340326976000782E+004  0.516174809295812E-006 
      6.76000000 -0.340326976006149E+004  0.462499713418812E-006 
      6.78000000 -0.340326976011225E+004  0.411741086614060E-006 
      6.80000000 -0.340326976015980E+004  0.364190111752334E-006 
      6.82000000 -0.340326976020392E+004  0.320070299722490E-006 
      6.84000000 -0.340326976024445E+004  0.279546383463375E-006 
      6.86000000 -0.340326976028128E+004  0.242718517508231E-006 
      6.88000000 -0.340326976031437E+004  0.209626918349170E-006 
      6.90000000 -0.340326976034374E+004  0.180256891498690E-006 
      6.92000000 -0.340326976036945E+004  0.154540378277831E-006 
      6.94000000 -0.340326976039163E+004  0.132360596180650E-006 
      6.96000000 -0.340326976041043E+004  0.113562479694290E-006 
      6.98000000 -0.340326976042604E+004  0.979522936019386E-007 
      7.00000000 -0.340326976043869E+004  0.853034334384226E-007 
      7.02000000 -0.340326976044862E+004  0.753695731895519E-007 
      7.04000000 -0.340326976045611E+004  0.678842785950799E-007 
      7.06000000 -0.340326976046143E+004  0.625671943013366E-007 
      7.08000000 -0.340326976046486E+004  0.591340979842563E-007 
      7.10000000 -0.340326976046669E+004  0.572999939256945E-007 
      7.12000000 -0.340326976046721E+004  0.567802731045461E-007 
      7.14000000 -0.340326976046669E+004  0.573046342901691E-007 
      7.16000000 -0.340326976046538E+004  0.586105101927124E-007 
      7.18000000 -0.340326976046354E+004  0.604554417683815E-007 
      7.20000000 -0.340326976046138E+004  0.626132112490424E-007 
      7.22000000 -0.340326976045911E+004  0.648811893859737E-007 
      7.24000000 -0.340326976045692E+004  0.670791753587473E-007 
      7.26000000 -0.340326976045494E+004  0.690517169574662E-007 
      7.28000000 -0.340326976045333E+004  0.706669504916455E-007 
      7.30000000 -0.340326976045217E+004  0.718204677606082E-007 
      7.32000000 -0.340326976045156E+004  0.724295155978915E-007 
      7.34000000 -0.340326976045156E+004  0.724376362357219E-007 
      7.36000000 -0.340326976045219E+004  0.718065466671845E-007 
      7.38000000 -0.340326976045347E+004  0.705242592840534E-007 
      7.40000000 -0.340326976045540E+004  0.685923208744867E-007 
      7.42000000 -0.340326976045796E+004  0.660327731697386E-007 
      7.44000000 -0.340326976046111E+004  0.628792588122494E-007 
      7.46000000 -0.340326976046482E+004  0.591781814467645E-007 
      7.48000000 -0.340326976046901E+004  0.549875456292156E-007 
      7.50000000 -0.340326976047362E+004  0.503707696740882E-007 
      7.52000000 -0.340326976047860E+004  0.453978457455399E-007 
      7.54000000 -0.340326976048385E+004  0.401399260988470E-007 
      7.56000000 -0.340326976048932E+004  0.346720299596811E-007 
      7.58000000 -0.340326976049493E+004  0.290668563714767E-007 
      7.60000000 -0.340326976050060E+004  0.233951708924707E-007 
      7.62000000 -0.340326976050627E+004  0.177230987164251E-007 
      7.64000000 -0.340326976051188E+004  0.121136714607857E-007 
      7.66000000 -0.340326976051737E+004  0.662373359036579E-008 
      7.68000000 -0.340326976052269E+004  0.130316902326655E-008 
      7.70000000 -0.340326976052780E+004 -0.380509886912250E-008 
      7.72000000 -0.340326976053266E+004 -0.866394717100505E-008 
      7.74000000 -0.340326976053724E+004 -0.132459203925734E-007 
      7.76000000 -0.340326976054152E+004 -0.175297501966526E-007 
      7.78000000 -0.340326976054549E+004 -0.214980352164631E-007 
      7.80000000 -0.340326976054914E+004 -0.251449749964117E-007 
      7.82000000 -0.340326976055246E+004 -0.284678626572216E-007 
      7.84000000 -0.340326976055546E+004 -0.314694050781696E-007 
      7.86000000 -0.340326976055815E+004 -0.341577228970863E-007 
      7.88000000 -0.340326976056054E+004 -0.365440303281183E-007 
      7.90000000 -0.340326976056264E+004 -0.386465021321243E-007 
      7.92000000 -0.340326976056448E+004 -0.404809928877256E-007 
      7.94000000 -0.340326976056606E+004 -0.420687709320973E-007 
      7.96000000 -0.340326976056743E+004 -0.434322646935328E-007 
      7.98000000 -0.340326976056859E+004 -0.445919691151282E-007 
      8.00000000 -0.340326976056957E+004 -0.455722461103747E-007 
      8.02000000 -0.340326976057039E+004 -0.463943640164473E-007 
      8.04000000 -0.340326976057107E+004 -0.470803645646001E-007 
      8.06000000 -0.340326976057164E+004 -0.476491959097707E-007 
      8.08000000 -0.340326976057212E+004 -0.481232864802529E-007 
      8.10000000 -0.340326976057251E+004 -0.485173307635492E-007 
      8.12000000 -0.340326976057284E+004 -0.488475700353206E-007 
      8.14000000 -0.340326976057312E+004 -0.491286987830698E-007 
      8.16000000 -0.340326976057337E+004 -0.493738647061413E-007 
      8.18000000 -0.340326976057358E+004 -0.495904150482865E-007 
      8.20000000 -0.340326976057378E+004 -0.497895640236521E-007 
      8.22000000 -0.340326976057397E+004 -0.499759519967128E-007 
      8.24000000 -0.340326976057415E+004 -0.501576996052989E-007 
      8.26000000 -0.340326976057433E+004 -0.503355802434896E-007 
      8.28000000 -0.340326976057451E+004 -0.505153943668780E-007 
      8.30000000 -0.340326976057469E+004 -0.506959818843455E-007 
      8.32000000 -0.340326976057487E+004 -0.508792762810899E-007 
      8.34000000 -0.340326976057506E+004 -0.510660509511901E-007 
      8.36000000 -0.340326976057525E+004 -0.512551458035276E-007 
      8.38000000 -0.340326976057544E+004 -0.514446273529046E-007 
      8.40000000 -0.340326976057563E+004 -0.516348822963607E-007 
      8.42000000 -0.340326976057582E+004 -0.518239771486982E-007 
      8.44000000 -0.340326976057601E+004 -0.520119119099171E-007 
      8.46000000 -0.340326976057619E+004 -0.521963663977800E-007 
      8.48000000 -0.340326976057637E+004 -0.523754071270893E-007 
      8.50000000 -0.340326976057654E+004 -0.525505808860032E-007 
      8.52000000 -0.340326976057671E+004 -0.527184074011657E-007 
      8.54000000 -0.340326976057688E+004 -0.528812068548142E-007 
      8.56000000 -0.340326976057703E+004 -0.530385925499090E-007 
      8.58000000 -0.340326976057718E+004 -0.531886310012524E-007 
      8.60000000 -0.340326976057733E+004 -0.533328689970027E-007 
      8.62000000 -0.340326976057747E+004 -0.534716932341993E-007 
      8.64000000 -0.340326976057760E+004 -0.536062638039610E-007 
      8.66000000 -0.340326976057773E+004 -0.537369674033272E-007 
      8.68000000 -0.340326976057786E+004 -0.538645774263770E-007 
      8.70000000 -0.340326976057798E+004 -0.539902539642291E-007 
      8.72000000 -0.340326976057811E+004 -0.541143837139231E-007 
      8.74000000 -0.340326976057823E+004 -0.542389001606566E-007 
      8.76000000 -0.340326976057836E+004 -0.543641900014691E-007 
      8.78000000 -0.340326976057848E+004 -0.544902532363608E-007 
      8.80000000 -0.340326976057861E+004 -0.546186366534897E-007 
      8.82000000 -0.340326976057875E+004 -0.547508870410141E-007 
      8.84000000 -0.340326976057888E+004 -0.548854576107757E-007 
      8.86000000 -0.340326976057902E+004 -0.550246685450119E-007 
      8.88000000 -0.340326976057916E+004 -0.551673597526040E-007 
      8.90000000 -0.340326976057931E+004 -0.553146913246707E-007 
      8.92000000 -0.340326976057946E+004 -0.554670499582514E-007 
      8.94000000 -0.340326976057962E+004 -0.556225021681485E-007 
      8.96000000 -0.340326976057978E+004 -0.557829814395596E-007 
      8.98000000 -0.340326976057994E+004 -0.559473276813662E-007 
      9.00000000 -0.340326976058011E+004 -0.561167009846869E-007 
      9.02000000 -0.340326976058028E+004 -0.562880077732054E-007 
      9.04000000 -0.340326976058046E+004 -0.564616347439610E-007 
      9.06000000 -0.340326976058063E+004 -0.566395153821517E-007 
      9.08000000 -0.340326976058081E+004 -0.568185561114611E-007 
      9.10000000 -0.340326976058099E+004 -0.570006904170867E-007 
      9.12000000 -0.340326976058118E+004 -0.571847582079101E-007 
      9.14000000 -0.340326976058136E+004 -0.573688259987335E-007 
      9.16000000 -0.340326976058155E+004 -0.575536671836360E-007 
      9.18000000 -0.340326976058173E+004 -0.577396684596572E-007 
      9.20000000 -0.340326976058192E+004 -0.579264431297574E-007 
      9.22000000 -0.340326976058211E+004 -0.581136044968972E-007 
      9.24000000 -0.340326976058229E+004 -0.582999924699578E-007 
      9.26000000 -0.340326976058248E+004 -0.584871538370976E-007 
      9.28000000 -0.340326976058267E+004 -0.586727684160792E-007 
      9.30000000 -0.340326976058285E+004 -0.588591563891399E-007 
      9.32000000 -0.340326976058304E+004 -0.590439975740424E-007 
      9.34000000 -0.340326976058322E+004 -0.592288387589448E-007 
      9.36000000 -0.340326976058341E+004 -0.594136799438473E-007 
      9.38000000 -0.340326976058359E+004 -0.595981344317103E-007 
      9.40000000 -0.340326976058378E+004 -0.597810421314151E-007 
      9.42000000 -0.340326976058396E+004 -0.599643365281594E-007 
      9.44000000 -0.340326976058414E+004 -0.601484043189828E-007 
      9.46000000 -0.340326976058433E+004 -0.603305386246085E-007 
      9.48000000 -0.340326976058451E+004 -0.605134463243132E-007 
      9.50000000 -0.340326976058469E+004 -0.606951939328994E-007 
      9.52000000 -0.340326976058487E+004 -0.608777149355646E-007 
      9.54000000 -0.340326976058505E+004 -0.610594625441507E-007 
      9.56000000 -0.340326976058524E+004 -0.612419835468160E-007 
      9.58000000 -0.340326976058542E+004 -0.614233444583625E-007 
      9.60000000 -0.340326976058560E+004 -0.616062521580673E-007 
      9.62000000 -0.340326976058578E+004 -0.617868396755348E-007 
      9.64000000 -0.340326976058596E+004 -0.619689739811605E-007 
      9.66000000 -0.340326976058615E+004 -0.621514949838257E-007 
      9.68000000 -0.340326976058633E+004 -0.623332425924119E-007 
      9.70000000 -0.340326976058651E+004 -0.625161502921166E-007 
      9.72000000 -0.340326976058669E+004 -0.626978979007028E-007 
      9.74000000 -0.340326976058687E+004 -0.628800322063285E-007 
      9.76000000 -0.340326976058706E+004 -0.630625532089937E-007 
      9.78000000 -0.340326976058724E+004 -0.632450742116589E-007 
      9.80000000 -0.340326976058742E+004 -0.634268218202450E-007 
      9.82000000 -0.340326976058760E+004 -0.636097295199498E-007 
      9.84000000 -0.340326976058779E+004 -0.637922505226150E-007 
      9.86000000 -0.340326976058797E+004 -0.639743848282407E-007 
      9.88000000 -0.340326976058815E+004 -0.641561324368269E-007 
      9.90000000 -0.340326976058833E+004 -0.643386534394921E-007 
      9.92000000 -0.340326976058852E+004 -0.645215611391969E-007 
      9.94000000 -0.340326976058870E+004 -0.647033087477830E-007 
      9.96000000 -0.340326976058888E+004 -0.648866031445273E-007 
      9.98000000 -0.340326976058906E+004 -0.650695108442321E-007 
     10.00000000 -0.340326976058924E+004 -0.652504850587391E-007 
     10.02000000 -0.340326976058943E+004 -0.654330060614043E-007 
     10.04000000 -0.340326976058961E+004 -0.656155270640696E-007 
     10.06000000 -0.340326976058979E+004 -0.657984347637743E-007 
     10.08000000 -0.340326976058997E+004 -0.659794089782814E-007 
     10.10000000 -0.340326976059016E+004 -0.661627033750257E-007 
     10.12000000 -0.340326976059034E+004 -0.663448376806514E-007 
     10.14000000 -0.340326976059052E+004 -0.665273586833166E-007 
     10.16000000 -0.340326976059070E+004 -0.667094929889423E-007 
     10.18000000 -0.340326976059089E+004 -0.668924006886471E-007 
     10.20000000 -0.340326976059107E+004 -0.670741482972332E-007 
     10.22000000 -0.340326976059125E+004 -0.672562826028589E-007 
     10.24000000 -0.340326976059143E+004 -0.674384169084846E-007 
     10.26000000 -0.340326976059162E+004 -0.676224846993080E-007 
     10.28000000 -0.340326976059180E+004 -0.678046190049336E-007 
     10.30000000 -0.340326976059198E+004 -0.679867533105593E-007 
     10.32000000 -0.340326976059216E+004 -0.681692743132245E-007 
     10.34000000 -0.340326976059235E+004 -0.683517953158898E-007 
     10.36000000 -0.340326976059253E+004 -0.685339296215155E-007 
     10.38000000 -0.340326976059271E+004 -0.687160639271411E-007 
     10.40000000 -0.340326976059289E+004 -0.688978115357273E-007 
     10.42000000 -0.340326976059307E+004 -0.690803325383925E-007 
     10.44000000 -0.340326976059326E+004 -0.692628535410577E-007 
     10.46000000 -0.340326976059344E+004 -0.694446011496439E-007 
     10.48000000 -0.340326976059362E+004 -0.696275088493486E-007 
     10.50000000 -0.340326976059380E+004 -0.698100298520139E-007 
     10.52000000 -0.340326976059399E+004 -0.699917774606000E-007 
     10.54000000 -0.340326976059417E+004 -0.701739117662257E-007 
     10.56000000 -0.340326976059435E+004 -0.703560460718513E-007 
     10.58000000 -0.340326976059453E+004 -0.705385670745166E-007 
     10.60000000 -0.340326976059472E+004 -0.707207013801423E-007 
     10.62000000 -0.340326976059490E+004 -0.709032223828075E-007 
     10.64000000 -0.340326976059508E+004 -0.710857433854727E-007 
     10.66000000 -0.340326976059526E+004 -0.712682643881379E-007 
     10.68000000 -0.340326976059544E+004 -0.714503986937636E-007 
     10.70000000 -0.340326976059563E+004 -0.716325329993893E-007 
     10.72000000 -0.340326976059581E+004 -0.718146673050150E-007 
     10.74000000 -0.340326976059599E+004 -0.719975750047197E-007 
     10.76000000 -0.340326976059617E+004 -0.721800960073850E-007 
     10.78000000 -0.340326976059636E+004 -0.723622303130107E-007 
     10.80000000 -0.340326976059654E+004 -0.725439779215968E-007 
     10.82000000 -0.340326976059672E+004 -0.727264989242620E-007 
     10.84000000 -0.340326976059690E+004 -0.729094066239668E-007 
     10.86000000 -0.340326976059709E+004 -0.730911542325529E-007 
     10.88000000 -0.340326976059727E+004 -0.732736752352181E-007 
     10.90000000 -0.340326976059745E+004 -0.734558095408438E-007 
     10.92000000 -0.340326976059763E+004 -0.736387172405486E-007 
     10.94000000 -0.340326976059781E+004 -0.738204648491347E-007 
     10.96000000 -0.340326976059800E+004 -0.740033725488395E-007 
     10.98000000 -0.340326976059818E+004 -0.741855068544652E-007 
     11.00000000 -0.340326976059836E+004 -0.743680278571304E-007 
     11.02000000 -0.340326976059854E+004 -0.745505488597956E-007 
     11.04000000 -0.340326976059873E+004 -0.747330698624609E-007 
     11.06000000 -0.340326976059891E+004 -0.749152041680865E-007 
     11.08000000 -0.340326976059909E+004 -0.750965650796331E-007 
     11.10000000 -0.340326976059927E+004 -0.752794727793379E-007 
     11.12000000 -0.340326976059946E+004 -0.754612203879241E-007 
     11.14000000 -0.340326976059964E+004 -0.756449014817079E-007 
     11.16000000 -0.340326976059982E+004 -0.758266490902940E-007 
     11.18000000 -0.340326976060000E+004 -0.760095567899988E-007 
     11.20000000 -0.340326976060019E+004 -0.761913043985849E-007 
     11.22000000 -0.340326976060037E+004 -0.763742120982897E-007 
     11.24000000 -0.340326976060055E+004 -0.765563464039154E-007 
     11.26000000 -0.340326976060073E+004 -0.767380940125015E-007 
     11.28000000 -0.340326976060091E+004 -0.769202283181272E-007 
     11.30000000 -0.340326976060110E+004 -0.771023626237529E-007 
     11.32000000 -0.340326976060128E+004 -0.772860437175368E-007 
     11.34000000 -0.340326976060146E+004 -0.774677913261229E-007 
     11.36000000 -0.340326976060164E+004 -0.776495389347090E-007 
     11.38000000 -0.340326976060183E+004 -0.778328333314533E-007 
     11.40000000 -0.340326976060201E+004 -0.780149676370790E-007 
     11.42000000 -0.340326976060219E+004 -0.781971019427047E-007 
     11.44000000 -0.340326976060237E+004 -0.783796229453699E-007 
     11.46000000 -0.340326976060256E+004 -0.785617572509956E-007 
     11.48000000 -0.340326976060274E+004 -0.787446649507004E-007 
     11.50000000 -0.340326976060292E+004 -0.789260258622470E-007 
     11.52000000 -0.340326976060310E+004 -0.791089335619517E-007 
     11.54000000 -0.340326976060328E+004 -0.792906811705379E-007 
     11.56000000 -0.340326976060347E+004 -0.794728154761636E-007 
     11.58000000 -0.340326976060365E+004 -0.796549497817892E-007 
     11.60000000 -0.340326976060383E+004 -0.798386308755731E-007 
     11.62000000 -0.340326976060401E+004 -0.800199917871197E-007 
     11.64000000 -0.340326976060420E+004 -0.802025127897849E-007 
     11.66000000 -0.340326976060438E+004 -0.803850337924501E-007 
     11.68000000 -0.340326976060456E+004 -0.805675547951154E-007 
     11.70000000 -0.340326976060474E+004 -0.807496891007411E-007 
     11.72000000 -0.340326976060493E+004 -0.809325968004458E-007 
     11.74000000 -0.340326976060511E+004 -0.811143444090320E-007 
     11.76000000 -0.340326976060529E+004 -0.812960920176181E-007 
     11.78000000 -0.340326976060547E+004 -0.814793864143624E-007 
     11.80000000 -0.340326976060566E+004 -0.816619074170276E-007 
     11.82000000 -0.340326976060584E+004 -0.818436550256138E-007 
     11.84000000 -0.340326976060602E+004 -0.820261760282790E-007 
     11.86000000 -0.340326976060620E+004 -0.822086970309442E-007 
     11.88000000 -0.340326976060639E+004 -0.823912180336094E-007 
     11.90000000 -0.340326976060657E+004 -0.825729656421956E-007 
     11.92000000 -0.340326976060675E+004 -0.827550999478213E-007 
     11.94000000 -0.340326976060693E+004 -0.829372342534469E-007 
     11.96000000 -0.340326976060712E+004 -0.831209153472308E-007 
     11.98000000 -0.340326976060730E+004 -0.833026629558169E-007 
     12.00000000 -0.340326976060748E+004 -0.834851839584822E-007 
     12.02000000 -0.340326976060766E+004 -0.836669315670683E-007 
     12.04000000 -0.340326976060784E+004 -0.838494525697335E-007 
     12.06000000 -0.340326976060803E+004 -0.840315868753592E-007 
     12.08000000 -0.340326976060821E+004 -0.842144945750640E-007 
     12.10000000 -0.340326976060839E+004 -0.843974022747688E-007 
     12.12000000 -0.340326976060857E+004 -0.845787631863153E-007 
     12.14000000 -0.340326976060876E+004 -0.847624442800992E-007 
     12.16000000 -0.340326976060894E+004 -0.849434184946062E-007 
     12.18000000 -0.340326976060912E+004 -0.851263261943110E-007 
     12.20000000 -0.340326976060930E+004 -0.853080738028972E-007 
     12.22000000 -0.340326976060949E+004 -0.854909815026019E-007 
     12.24000000 -0.340326976060967E+004 -0.856735025052672E-007 
     12.26000000 -0.340326976060985E+004 -0.858548634168137E-007 
     12.28000000 -0.340326976061003E+004 -0.860381578135581E-007 
     12.30000000 -0.340326976061021E+004 -0.862199054221442E-007 
     12.32000000 -0.340326976061040E+004 -0.864028131218490E-007 
     12.34000000 -0.340326976061058E+004 -0.865845607304351E-007 
     12.36000000 -0.340326976061076E+004 -0.867674684301399E-007 
     12.38000000 -0.340326976061094E+004 -0.869496027357656E-007 
     12.40000000 -0.340326976061113E+004 -0.871317370413912E-007 
     12.42000000 -0.340326976061131E+004 -0.873146447410960E-007 
     12.44000000 -0.340326976061149E+004 -0.874960056526426E-007 
     12.46000000 -0.340326976061167E+004 -0.876789133523474E-007 
     12.48000000 -0.340326976061186E+004 -0.878618210520521E-007 
     12.50000000 -0.340326976061204E+004 -0.880439553576778E-007 
     12.52000000 -0.340326976061222E+004 -0.882257029662640E-007 
     12.54000000 -0.340326976061240E+004 -0.884082239689292E-007 
     12.56000000 -0.340326976061258E+004 -0.885899715775153E-007 
     12.58000000 -0.340326976061277E+004 -0.887736526712992E-007 
     12.60000000 -0.340326976061295E+004 -0.889554002798853E-007 
     12.62000000 -0.340326976061313E+004 -0.891379212825505E-007 
     12.64000000 -0.340326976061331E+004 -0.893204422852158E-007 
     12.66000000 -0.340326976061350E+004 -0.895025765908414E-007 
     12.68000000 -0.340326976061368E+004 -0.896843241994276E-007 
     12.70000000 -0.340326976061386E+004 -0.898672318991324E-007 
     12.72000000 -0.340326976061404E+004 -0.900497529017976E-007 
     12.74000000 -0.340326976061423E+004 -0.902318872074233E-007 
     12.76000000 -0.340326976061441E+004 -0.904140215130489E-007 
     12.78000000 -0.340326976061459E+004 -0.905961558186746E-007 
     12.80000000 -0.340326976061477E+004 -0.907794502154189E-007 
     12.82000000 -0.340326976061496E+004 -0.909619712180842E-007 
     12.84000000 -0.340326976061514E+004 -0.911441055237098E-007 
     12.86000000 -0.340326976061532E+004 -0.913262398293355E-007 
     12.88000000 -0.340326976061550E+004 -0.915079874379217E-007 
     12.90000000 -0.340326976061568E+004 -0.916905084405869E-007 
     12.92000000 -0.340326976061587E+004 -0.918726427462126E-007 
     12.94000000 -0.340326976061605E+004 -0.920547770518382E-007 
     12.96000000 -0.340326976061623E+004 -0.922372980545035E-007 
     12.98000000 -0.340326976061641E+004 -0.924205924512478E-007 
     13.00000000 -0.340326976061660E+004 -0.926023400598339E-007 
     13.02000000 -0.340326976061678E+004 -0.927852477595387E-007 
     13.04000000 -0.340326976061696E+004 -0.929666086710853E-007 
     13.06000000 -0.340326976061714E+004 -0.931483562796714E-007 
     13.08000000 -0.340326976061733E+004 -0.933312639793762E-007 
     13.10000000 -0.340326976061751E+004 -0.935137849820414E-007 
     13.12000000 -0.340326976061769E+004 -0.936959192876671E-007 
     13.14000000 -0.340326976061787E+004 -0.938784402903323E-007 
     13.16000000 -0.340326976061805E+004 -0.940605745959580E-007 
     13.18000000 -0.340326976061824E+004 -0.942434822956628E-007 
     13.20000000 -0.340326976061842E+004 -0.944260032983280E-007 
     13.22000000 -0.340326976061860E+004 -0.946077509069141E-007 
     13.24000000 -0.340326976061878E+004 -0.947902719095794E-007 
     13.26000000 -0.340326976061897E+004 -0.949720195181655E-007 
     13.28000000 -0.340326976061915E+004 -0.951553139149098E-007 
     13.30000000 -0.340326976061933E+004 -0.953370615234960E-007 
     13.32000000 -0.340326976061951E+004 -0.955199692232007E-007 
     13.34000000 -0.340326976061970E+004 -0.957021035288264E-007 
     13.36000000 -0.340326976061988E+004 -0.958842378344521E-007 
     13.38000000 -0.340326976062006E+004 -0.960663721400778E-007 
     13.40000000 -0.340326976062024E+004 -0.962488931427430E-007 
     13.42000000 -0.340326976062043E+004 -0.964321875394873E-007 
     13.44000000 -0.340326976062061E+004 -0.966135484510339E-007 
     13.46000000 -0.340326976062079E+004 -0.967964561507387E-007 
     13.48000000 -0.340326976062097E+004 -0.969785904563644E-007 
     13.50000000 -0.340326976062116E+004 -0.971607247619900E-007 
     13.52000000 -0.340326976062134E+004 -0.973432457646552E-007 
     13.54000000 -0.340326976062152E+004 -0.975253800702809E-007 
     13.56000000 -0.340326976062170E+004 -0.977079010729462E-007 
     13.58000000 -0.340326976062189E+004 -0.978908087726509E-007 
     13.60000000 -0.340326976062207E+004 -0.980725563812371E-007 
     13.62000000 -0.340326976062225E+004 -0.982550773839023E-007 
     13.64000000 -0.340326976062243E+004 -0.984372116895280E-007 
     13.66000000 -0.340326976062261E+004 -0.986193459951537E-007 
     13.68000000 -0.340326976062280E+004 -0.988022536948584E-007 
     13.70000000 -0.340326976062298E+004 -0.989843880004841E-007 
     13.72000000 -0.340326976062316E+004 -0.991665223061098E-007 
     13.74000000 -0.340326976062334E+004 -0.993486566117355E-007 
     13.76000000 -0.340326976062353E+004 -0.995311776144007E-007 
     13.78000000 -0.340326976062371E+004 -0.997136986170659E-007 
     13.80000000 -0.340326976062389E+004 -0.998962196197311E-007 
     13.82000000 -0.340326976062407E+004 -0.100078740622396E-006 
     13.84000000 -0.340326976062426E+004 -0.100261261625062E-006 
     13.86000000 -0.340326976062444E+004 -0.100443009233648E-006 
     13.88000000 -0.340326976062462E+004 -0.100625916933353E-006 
     13.90000000 -0.340326976062480E+004 -0.100808051238978E-006 
     13.92000000 -0.340326976062498E+004 -0.100990572241643E-006 
     13.94000000 -0.340326976062517E+004 -0.101173093244309E-006 
     13.96000000 -0.340326976062535E+004 -0.101354840852895E-006 
     13.98000000 -0.340326976062553E+004 -0.101536975158520E-006 
     14.00000000 -0.340326976062571E+004 -0.101720269555265E-006 
     14.02000000 -0.340326976062590E+004 -0.101902017163851E-006 
     14.04000000 -0.340326976062608E+004 -0.102084151469477E-006 
     14.06000000 -0.340326976062626E+004 -0.102267059169181E-006 
     14.08000000 -0.340326976062644E+004 -0.102448420080728E-006 
     14.10000000 -0.340326976062663E+004 -0.102631714477472E-006 
     14.12000000 -0.340326976062681E+004 -0.102813462086058E-006 
     14.14000000 -0.340326976062699E+004 -0.102995209694645E-006 
     14.16000000 -0.340326976062717E+004 -0.103178504091389E-006 
     14.18000000 -0.340326976062735E+004 -0.103359865002935E-006 
     14.20000000 -0.340326976062754E+004 -0.103542772702640E-006 
     14.22000000 -0.340326976062772E+004 -0.103724520311226E-006 
     14.24000000 -0.340326976062790E+004 -0.103907814707971E-006 
     14.26000000 -0.340326976062808E+004 -0.104090335710636E-006 
     14.28000000 -0.340326976062827E+004 -0.104271696622182E-006 
     14.30000000 -0.340326976062845E+004 -0.104454604321887E-006 
     14.32000000 -0.340326976062863E+004 -0.104636351930473E-006 
     14.34000000 -0.340326976062881E+004 -0.104819646327218E-006 
     14.36000000 -0.340326976062900E+004 -0.105001393935804E-006 
     14.38000000 -0.340326976062918E+004 -0.105183528241430E-006 
     14.40000000 -0.340326976062936E+004 -0.105365662547055E-006 
     14.42000000 -0.340326976062954E+004 -0.105548570246760E-006 
     14.44000000 -0.340326976062973E+004 -0.105731091249425E-006 
     14.46000000 -0.340326976062991E+004 -0.105913612252090E-006 
     14.48000000 -0.340326976063009E+004 -0.106095746557716E-006 
     14.50000000 -0.340326976063027E+004 -0.106278267560381E-006 
     14.52000000 -0.340326976063046E+004 -0.106460788563047E-006 
     14.54000000 -0.340326976063064E+004 -0.106643309565712E-006 
     14.56000000 -0.340326976063082E+004 -0.106825057174298E-006 
     14.58000000 -0.340326976063100E+004 -0.107007191479924E-006 
     14.60000000 -0.340326976063118E+004 -0.107188939088510E-006 
     14.62000000 -0.340326976063137E+004 -0.107372620182294E-006 
     14.64000000 -0.340326976063155E+004 -0.107553594396801E-006 
     14.66000000 -0.340326976063173E+004 -0.107736888793545E-006 
     14.68000000 -0.340326976063191E+004 -0.107919409796210E-006 
     14.70000000 -0.340326976063210E+004 -0.108101930798875E-006 
     14.72000000 -0.340326976063228E+004 -0.108283291710422E-006 
     14.74000000 -0.340326976063246E+004 -0.108466199410127E-006 
     14.76000000 -0.340326976063264E+004 -0.108648333715752E-006 
     14.78000000 -0.340326976063282E+004 -0.108830468021378E-006 
     14.80000000 -0.340326976063301E+004 -0.109013375721083E-006 
     14.82000000 -0.340326976063319E+004 -0.109195896723748E-006 
     14.84000000 -0.340326976063337E+004 -0.109377644332334E-006 
     14.86000000 -0.340326976063355E+004 -0.109559778637960E-006 
     14.88000000 -0.340326976063374E+004 -0.109742299640625E-006 
     14.90000000 -0.340326976063392E+004 -0.109924820643290E-006 
     14.92000000 -0.340326976063410E+004 -0.110107341645956E-006 
     14.94000000 -0.340326976063428E+004 -0.110290249345660E-006 
     14.96000000 -0.340326976063447E+004 -0.110471610257207E-006 
     14.98000000 -0.340326976063465E+004 -0.110654517956912E-006 
     15.00000000 -0.340326976063483E+004 -0.110837038959577E-006 
     15.02000000 -0.340326976063501E+004 -0.111018786568163E-006 
     15.04000000 -0.340326976063520E+004 -0.111201694267868E-006 
     15.06000000 -0.340326976063538E+004 -0.111383828573494E-006 
     15.08000000 -0.340326976063556E+004 -0.111566349576159E-006 
     15.10000000 -0.340326976063574E+004 -0.111749257275864E-006 
     15.12000000 -0.340326976063592E+004 -0.111930618187410E-006 
     15.14000000 -0.340326976063611E+004 -0.112113525887115E-006 
     15.16000000 -0.340326976063629E+004 -0.112295660192741E-006 
     15.18000000 -0.340326976063647E+004 -0.112477407801327E-006 
     15.20000000 -0.340326976063666E+004 -0.112660702198071E-006 
     15.22000000 -0.340326976063684E+004 -0.112842836503697E-006 
     15.24000000 -0.340326976063702E+004 -0.113024970809322E-006 
     15.26000000 -0.340326976063720E+004 -0.113207105114948E-006 
     15.28000000 -0.340326976063738E+004 -0.113389626117613E-006 
     15.30000000 -0.340326976063757E+004 -0.113572147120279E-006 
     15.32000000 -0.340326976063775E+004 -0.113753508031825E-006 
     15.34000000 -0.340326976063793E+004 -0.113936802428569E-006 
     15.36000000 -0.340326976063811E+004 -0.114118163340116E-006 
     15.38000000 -0.340326976063830E+004 -0.114301457736860E-006 
     15.40000000 -0.340326976063848E+004 -0.114483978739526E-006 
     15.42000000 -0.340326976063866E+004 -0.114666113045151E-006 
     15.44000000 -0.340326976063884E+004 -0.114848247350777E-006 
     15.46000000 -0.340326976063903E+004 -0.115030768353442E-006 
     15.48000000 -0.340326976063921E+004 -0.115212515962028E-006 
     15.50000000 -0.340326976063939E+004 -0.115395423661733E-006 
     15.52000000 -0.340326976063957E+004 -0.115576784573280E-006 
     15.54000000 -0.340326976063975E+004 -0.115759692272984E-006 
     15.56000000 -0.340326976063994E+004 -0.115942599972689E-006 
     15.58000000 -0.340326976064012E+004 -0.116124347581275E-006 
     15.60000000 -0.340326976064030E+004 -0.116307641978020E-006 
     15.62000000 -0.340326976064048E+004 -0.116489389586606E-006 
     15.64000000 -0.340326976064067E+004 -0.116671910589271E-006 
     15.66000000 -0.340326976064085E+004 -0.116853658197857E-006 
     15.68000000 -0.340326976064103E+004 -0.117036952594601E-006 
     15.70000000 -0.340326976064121E+004 -0.117218700203188E-006 
     15.72000000 -0.340326976064140E+004 -0.117401221205853E-006 
     15.74000000 -0.340326976064158E+004 -0.117582968814439E-006 
     15.76000000 -0.340326976064176E+004 -0.117765489817104E-006 
     15.78000000 -0.340326976064194E+004 -0.117947624122730E-006 
     15.80000000 -0.340326976064212E+004 -0.118130145125395E-006 
     15.82000000 -0.340326976064231E+004 -0.118313052825100E-006 
     15.84000000 -0.340326976064249E+004 -0.118494800433686E-006 
     15.86000000 -0.340326976064267E+004 -0.118677321436351E-006 
     15.88000000 -0.340326976064285E+004 -0.118860229136056E-006 
     15.90000000 -0.340326976064304E+004 -0.119042363441682E-006 
     15.92000000 -0.340326976064322E+004 -0.119224884444347E-006 
     15.94000000 -0.340326976064340E+004 -0.119406632052933E-006 
     15.96000000 -0.340326976064358E+004 -0.119589926449677E-006 
     15.98000000 -0.340326976064377E+004 -0.119771674058264E-006 
     16.00000000 -0.340326976064395E+004 -0.119954581757968E-006 
     16.02000000 -0.340326976064413E+004 -0.120135942669515E-006 
     16.04000000 -0.340326976064431E+004 -0.120318850369220E-006 
     16.06000000 -0.340326976064450E+004 -0.120501371371885E-006 
     16.08000000 -0.340326976064468E+004 -0.120682732283431E-006 
     16.10000000 -0.340326976064486E+004 -0.120865639983136E-006 
     16.12000000 -0.340326976064504E+004 -0.121047774288762E-006 
     16.14000000 -0.340326976064522E+004 -0.121230295291427E-006 
     16.16000000 -0.340326976064541E+004 -0.121413202991132E-006 
     16.18000000 -0.340326976064559E+004 -0.121595337296758E-006 
     16.20000000 -0.340326976064577E+004 -0.121777471602383E-006 
     16.22000000 -0.340326976064595E+004 -0.121959605908009E-006 
     16.24000000 -0.340326976064614E+004 -0.122142126910674E-006 
     16.26000000 -0.340326976064632E+004 -0.122324261216300E-006 
     16.28000000 -0.340326976064650E+004 -0.122507168916005E-006 
     16.30000000 -0.340326976064668E+004 -0.122689303221630E-006 
     16.32000000 -0.340326976064687E+004 -0.122870664133177E-006 
     16.34000000 -0.340326976064705E+004 -0.123053958529921E-006 
     16.36000000 -0.340326976064723E+004 -0.123236479532586E-006 
     16.38000000 -0.340326976064741E+004 -0.123418613838212E-006 
     16.40000000 -0.340326976064759E+004 -0.123600361446798E-006 
     16.42000000 -0.340326976064778E+004 -0.123783269146503E-006 
     16.44000000 -0.340326976064796E+004 -0.123964630058050E-006 
     16.46000000 -0.340326976064814E+004 -0.124148311151833E-006 
     16.48000000 -0.340326976064832E+004 -0.124330058760420E-006 
     16.50000000 -0.340326976064851E+004 -0.124512193066045E-006 
     16.52000000 -0.340326976064869E+004 -0.124695874159829E-006 
     16.54000000 -0.340326976064887E+004 -0.124877621768415E-006 
     16.56000000 -0.340326976064905E+004 -0.125059756074041E-006 
     16.58000000 -0.340326976064924E+004 -0.125241890379667E-006 
     16.60000000 -0.340326976064942E+004 -0.125424411382332E-006 
     16.62000000 -0.340326976064960E+004 -0.125606158990918E-006 
     16.64000000 -0.340326976064978E+004 -0.125789453387662E-006 
     16.66000000 -0.340326976064997E+004 -0.125971200996248E-006 
     16.68000000 -0.340326976065015E+004 -0.126153721998914E-006 
     16.70000000 -0.340326976065033E+004 -0.126336629698618E-006 
     16.72000000 -0.340326976065051E+004 -0.126517990610165E-006 
     16.74000000 -0.340326976065070E+004 -0.126701285006909E-006 
     16.76000000 -0.340326976065088E+004 -0.126883032615496E-006 
     16.78000000 -0.340326976065106E+004 -0.127065553618161E-006 
     16.80000000 -0.340326976065124E+004 -0.127248074620826E-006 
     16.82000000 -0.340326976065142E+004 -0.127430595623491E-006 
     16.84000000 -0.340326976065161E+004 -0.127612343232077E-006 
     16.86000000 -0.340326976065179E+004 -0.127794864234743E-006 
     16.88000000 -0.340326976065197E+004 -0.127977385237408E-006 
     16.90000000 -0.340326976065215E+004 -0.128159906240073E-006 
     16.92000000 -0.340326976065234E+004 -0.128342427242738E-006 
     16.94000000 -0.340326976065252E+004 -0.128523788154285E-006 
     16.96000000 -0.340326976065270E+004 -0.128706695853990E-006 
     16.98000000 -0.340326976065288E+004 -0.128889216856655E-006 
     17.00000000 -0.340326976065307E+004 -0.129070964465241E-006 
     17.02000000 -0.340326976065325E+004 -0.129253485467906E-006 
     17.04000000 -0.340326976065343E+004 -0.129436006470571E-006 
     17.06000000 -0.340326976065361E+004 -0.129618527473237E-006 
     17.08000000 -0.340326976065379E+004 -0.129800275081823E-006 
     17.10000000 -0.340326976065398E+004 -0.129982796084488E-006 
     17.12000000 -0.340326976065416E+004 -0.130166090481232E-006 
     17.14000000 -0.340326976065434E+004 -0.130347451392779E-006 
     17.16000000 -0.340326976065452E+004 -0.130530359092484E-006 
     17.18000000 -0.340326976065471E+004 -0.130712106701070E-006 
     17.20000000 -0.340326976065489E+004 -0.130894627703735E-006 
     17.22000000 -0.340326976065507E+004 -0.131077148706400E-006 
     17.24000000 -0.340326976065525E+004 -0.131259669709065E-006 
     17.26000000 -0.340326976065544E+004 -0.131441804014691E-006 
     17.28000000 -0.340326976065562E+004 -0.131623164926238E-006 
     17.30000000 -0.340326976065580E+004 -0.131806846020022E-006 
     17.32000000 -0.340326976065598E+004 -0.131988593628608E-006 
     17.34000000 -0.340326976065617E+004 -0.132171501328313E-006 
     17.36000000 -0.340326976065635E+004 -0.132353248936899E-006 
     17.38000000 -0.340326976065653E+004 -0.132535383242524E-006 
     17.40000000 -0.340326976065671E+004 -0.132717517548150E-006 
     17.42000000 -0.340326976065689E+004 -0.132900425247855E-006 
     17.44000000 -0.340326976065708E+004 -0.133082559553480E-006 
     17.46000000 -0.340326976065726E+004 -0.133264693859106E-006 
     17.48000000 -0.340326976065744E+004 -0.133447601558811E-006 
     17.50000000 -0.340326976065762E+004 -0.133629349167397E-006 
     17.52000000 -0.340326976065781E+004 -0.133811870170062E-006 
     17.54000000 -0.340326976065799E+004 -0.133994391172727E-006 
     17.56000000 -0.340326976065817E+004 -0.134176912175393E-006 
     17.58000000 -0.340326976065835E+004 -0.134359046481018E-006 
     17.60000000 -0.340326976065854E+004 -0.134541567483684E-006 
     17.62000000 -0.340326976065872E+004 -0.134723315092270E-006 
     17.64000000 -0.340326976065890E+004 -0.134905836094935E-006 
     17.66000000 -0.340326976065908E+004 -0.135088743794640E-006 
     17.68000000 -0.340326976065926E+004 -0.135270491403226E-006 
     17.70000000 -0.340326976065945E+004 -0.135453785799970E-006 
     17.72000000 -0.340326976065963E+004 -0.135636306802635E-006 
     17.74000000 -0.340326976065981E+004 -0.135817667714182E-006 
     17.76000000 -0.340326976066000E+004 -0.136000962110926E-006 
     17.78000000 -0.340326976066018E+004 -0.136182709719512E-006 
     17.80000000 -0.340326976066036E+004 -0.136365617419217E-006 
     17.82000000 -0.340326976066054E+004 -0.136546591633724E-006 
     17.84000000 -0.340326976066072E+004 -0.136729886030469E-006 
     17.86000000 -0.340326976066091E+004 -0.136912407033134E-006 
     17.88000000 -0.340326976066109E+004 -0.137094154641720E-006 
     17.90000000 -0.340326976066127E+004 -0.137275902250306E-006 
     17.92000000 -0.340326976066145E+004 -0.137458809950011E-006 
     17.94000000 -0.340326976066164E+004 -0.137641717649716E-006 
     17.96000000 -0.340326976066182E+004 -0.137823465258302E-006 
     17.98000000 -0.340326976066200E+004 -0.138005986260967E-006 
     18.00000000 -0.340326976066218E+004 -0.138188120566593E-006 
