# Real time calculation: 
# Eall: Total energy
# Eall0: Initial total energy
# 1:Time[fs] 2:Eall[eV] 3:Eall-Eall0[eV] 
      0.00000000 -0.233373731255419E+005  0.000000000000000E+000 
      0.02000000 -0.233373731255501E+005 -0.821653869625152E-008 
      0.04000000 -0.233373731255482E+005 -0.630470853274119E-008 
      0.06000000 -0.233373731255340E+005  0.786387099618651E-008 
      0.08000000 -0.233373731254814E+005  0.604639491032515E-007 
      0.10000000 -0.233373731253382E+005  0.203699626127025E-006 
      0.12000000 -0.233373731250143E+005  0.527603253602524E-006 
      0.14000000 -0.233373731243698E+005  0.117208182043712E-005 
      0.16000000 -0.233373731232021E+005  0.233973363958921E-005 
      0.18000000 -0.233373731212334E+005  0.430841136148897E-005 
      0.20000000 -0.233373731180982E+005  0.744370764805116E-005 
      0.22000000 -0.233373731133311E+005  0.122107107626773E-004 
      0.24000000 -0.233373731063569E+005  0.191850084212130E-004 
      0.26000000 -0.233373730964797E+005  0.290621696033575E-004 
      0.28000000 -0.233373730828760E+005  0.426658620969179E-004 
      0.30000000 -0.233373730645878E+005  0.609541046155445E-004 
      0.32000000 -0.233373730405183E+005  0.850235792441158E-004 
      0.34000000 -0.233373730094297E+005  0.116112183639199E-003 
      0.36000000 -0.233373729699425E+005  0.155599389883905E-003 
      0.38000000 -0.233373729205372E+005  0.205004676044692E-003 
      0.40000000 -0.233373728595575E+005  0.265984373817101E-003 
      0.42000000 -0.233373727852154E+005  0.340326434194632E-003 
      0.44000000 -0.233373726955978E+005  0.429944098011595E-003 
      0.46000000 -0.233373725886739E+005  0.536868007323506E-003 
      0.48000000 -0.233373724623045E+005  0.663237370153128E-003 
      0.50000000 -0.233373723142519E+005  0.811289943490357E-003 
      0.52000000 -0.233373721421905E+005  0.983351341892476E-003 
      0.54000000 -0.233373719437185E+005  0.118182331901706E-002 
      0.56000000 -0.233373717163705E+005  0.140917136547454E-002 
      0.58000000 -0.233373714576298E+005  0.166791202207172E-002 
      0.60000000 -0.233373711649422E+005  0.196059966405373E-002 
      0.62000000 -0.233373708357280E+005  0.228981386693840E-002 
      0.64000000 -0.233373704673954E+005  0.265814645989935E-002 
      0.66000000 -0.233373700573523E+005  0.306818960621641E-002 
      0.68000000 -0.233373696030175E+005  0.352252436013689E-002 
      0.70000000 -0.233373691018313E+005  0.402371054469384E-002 
      0.72000000 -0.233373685512638E+005  0.457427806803730E-002 
      0.74000000 -0.233373679488223E+005  0.517671956690989E-002 
      0.76000000 -0.233373672920574E+005  0.583348443295088E-002 
      0.78000000 -0.233373665785677E+005  0.654697413211525E-002 
      0.80000000 -0.233373658060031E+005  0.731953880173973E-002 
      0.82000000 -0.233373649720668E+005  0.815347502935505E-002 
      0.84000000 -0.233373640745168E+005  0.905102501123311E-002 
      0.86000000 -0.233373631111648E+005  0.100143770318913E-001 
      0.88000000 -0.233373620798747E+005  0.110456671439047E-001 
      0.90000000 -0.233373609785596E+005  0.121469822583883E-001 
      0.92000000 -0.233373598051773E+005  0.133203645904666E-001 
      0.94000000 -0.233373585577245E+005  0.145678174009512E-001 
      0.96000000 -0.233373572342301E+005  0.158913117372435E-001 
      0.98000000 -0.233373558327477E+005  0.172927941115910E-001 
      1.00000000 -0.233373543513471E+005  0.187741947825914E-001 
      1.02000000 -0.233373527881053E+005  0.203374365192940E-001 
      1.04000000 -0.233373511410977E+005  0.219844441356022E-001 
      1.06000000 -0.233373494083880E+005  0.237171538390608E-001 
      1.08000000 -0.233373475880195E+005  0.255375223414386E-001 
      1.10000000 -0.233373456780063E+005  0.274475355238352E-001 
      1.12000000 -0.233373436763255E+005  0.294492163809857E-001 
      1.14000000 -0.233373415809095E+005  0.315446323808780E-001 
      1.16000000 -0.233373393896400E+005  0.337359018375203E-001 
      1.18000000 -0.233373371003425E+005  0.360251993896651E-001 
      1.20000000 -0.233373347107810E+005  0.384147608453491E-001 
      1.22000000 -0.233373322186549E+005  0.409068869127467E-001 
      1.24000000 -0.233373296215958E+005  0.435039460246050E-001 
      1.26000000 -0.233373269171660E+005  0.462083758262540E-001 
      1.28000000 -0.233373241028583E+005  0.490226835839586E-001 
      1.30000000 -0.233373211760963E+005  0.519494455631101E-001 
      1.32000000 -0.233373181342364E+005  0.549913054938118E-001 
      1.34000000 -0.233373149745697E+005  0.581509721640773E-001 
      1.36000000 -0.233373116943261E+005  0.614312157168190E-001 
      1.38000000 -0.233373082906791E+005  0.648348627929336E-001 
      1.40000000 -0.233373047607511E+005  0.683647907339401E-001 
      1.42000000 -0.233373011016211E+005  0.720239207853927E-001 
      1.44000000 -0.233372973103317E+005  0.758152101773251E-001 
      1.46000000 -0.233372933838986E+005  0.797416433106519E-001 
      1.48000000 -0.233372893193198E+005  0.838062220557130E-001 
      1.50000000 -0.233372851135866E+005  0.880119552557697E-001 
      1.52000000 -0.233372807636945E+005  0.923618473178945E-001 
      1.54000000 -0.233372762666554E+005  0.968588864573816E-001 
      1.56000000 -0.233372716195092E+005  0.101506032623518E+000 
      1.58000000 -0.233372668193363E+005  0.106306205527445E+000 
      1.60000000 -0.233372618632690E+005  0.111262272905126E+000 
      1.62000000 -0.233372567485029E+005  0.116377038919533E+000 
      1.64000000 -0.233372514723094E+005  0.121653232466924E+000 
      1.66000000 -0.233372460320459E+005  0.127093495913138E+000 
      1.68000000 -0.233372404251676E+005  0.132700374247507E+000 
      1.70000000 -0.233372346492372E+005  0.138476304660606E+000 
      1.72000000 -0.233372287019348E+005  0.144423607068626E+000 
      1.74000000 -0.233372225810669E+005  0.150544475008975E+000 
      1.76000000 -0.233372162845742E+005  0.156840967655765E+000 
      1.78000000 -0.233372098105391E+005  0.163315002788105E+000 
      1.80000000 -0.233372031571907E+005  0.169968351141238E+000 
      1.82000000 -0.233371963229098E+005  0.176802632050778E+000 
      1.84000000 -0.233371893062315E+005  0.183819310349861E+000 
      1.86000000 -0.233371821058472E+005  0.191019694646018E+000 
      1.88000000 -0.233371747206049E+005  0.198404936962319E+000 
      1.90000000 -0.233371671495084E+005  0.205976033467462E+000 
      1.92000000 -0.233371593917152E+005  0.213733826690770E+000 
      1.94000000 -0.233371514465333E+005  0.221679008591017E+000 
      1.96000000 -0.233371433134167E+005  0.229812125150396E+000 
      1.98000000 -0.233371349919603E+005  0.238133581537688E+000 
      2.00000000 -0.233371264818937E+005  0.246643648196431E+000 
      2.02000000 -0.233371177830740E+005  0.255342467879703E+000 
      2.04000000 -0.233371088954786E+005  0.264230063257230E+000 
      2.06000000 -0.233370998191968E+005  0.273306345104086E+000 
      2.08000000 -0.233370905544212E+005  0.282571120702839E+000 
      2.10000000 -0.233370811014394E+005  0.292024102443700E+000 
      2.12000000 -0.233370714606254E+005  0.301664916443222E+000 
      2.14000000 -0.233370616324303E+005  0.311493111571358E+000 
      2.16000000 -0.233370516173736E+005  0.321508168274341E+000 
      2.18000000 -0.233370414160350E+005  0.331709506899494E+000 
      2.20000000 -0.233370310290463E+005  0.342096495574575E+000 
      2.22000000 -0.233370204570847E+005  0.352668457149757E+000 
      2.24000000 -0.233370097008661E+005  0.363424675765294E+000 
      2.26000000 -0.233369987611394E+005  0.374364402497295E+000 
      2.28000000 -0.233369876386820E+005  0.385486859837225E+000 
      2.30000000 -0.233369763342967E+005  0.396791245150520E+000 
      2.32000000 -0.233369648488088E+005  0.408276733049366E+000 
      2.34000000 -0.233369531830656E+005  0.419942476215582E+000 
      2.36000000 -0.233369413379369E+005  0.431787604970622E+000 
      2.38000000 -0.233369293143165E+005  0.443811225363736E+000 
      2.40000000 -0.233369171131264E+005  0.456012415465872E+000 
      2.42000000 -0.233369047353215E+005  0.468390220364267E+000 
      2.44000000 -0.233368921818959E+005  0.480943645978389E+000 
      2.46000000 -0.233368794538897E+005  0.493671652151979E+000 
      2.48000000 -0.233368665523976E+005  0.506573144257087E+000 
      2.50000000 -0.233368534785775E+005  0.519646964392847E+000 
      2.52000000 -0.233368402336608E+005  0.532891881083865E+000 
      2.54000000 -0.233368268189635E+005  0.546306578381555E+000 
      2.56000000 -0.233368132358976E+005  0.559889644232289E+000 
      2.58000000 -0.233367994859840E+005  0.573639557852510E+000 
      2.60000000 -0.233367855708646E+005  0.587554677215220E+000 
      2.62000000 -0.233367714923159E+005  0.601633225917746E+000 
      2.64000000 -0.233367572522614E+005  0.615873280494983E+000 
      2.66000000 -0.233367428527836E+005  0.630272758267830E+000 
      2.68000000 -0.233367282961366E+005  0.644829405219458E+000 
      2.70000000 -0.233367135847568E+005  0.659540785056432E+000 
      2.72000000 -0.233366987212732E+005  0.674404268678169E+000 
      2.74000000 -0.233366837085165E+005  0.689417025326223E+000 
      2.76000000 -0.233366685495270E+005  0.704576014828686E+000 
      2.78000000 -0.233366532475604E+005  0.719877981477999E+000 
      2.80000000 -0.233366378060929E+005  0.735319449003896E+000 
      2.82000000 -0.233366222288243E+005  0.750896717594283E+000 
      2.84000000 -0.233366065196796E+005  0.766605862261834E+000 
      2.86000000 -0.233365906828091E+005  0.782442732751183E+000 
      2.88000000 -0.233365747225868E+005  0.798402955067152E+000 
      2.90000000 -0.233365586436070E+005  0.814481934865306E+000 
      2.92000000 -0.233365424506793E+005  0.830674862584203E+000 
      2.94000000 -0.233365261488215E+005  0.846976720328594E+000 
      2.96000000 -0.233365097432512E+005  0.863382290695401E+000 
      2.98000000 -0.233364932393749E+005  0.879886166954677E+000 
      3.00000000 -0.233364766427771E+005  0.896482764768070E+000 
      3.02000000 -0.233364599592065E+005  0.913166335361272E+000 
      3.04000000 -0.233364431945622E+005  0.929930979640010E+000 
      3.06000000 -0.233364263548785E+005  0.946770663388783E+000 
      3.08000000 -0.233364094463088E+005  0.963679233032635E+000 
      3.10000000 -0.233363924751099E+005  0.980650431992895E+000 
      3.12000000 -0.233363754476256E+005  0.997677916244769E+000 
      3.14000000 -0.233363583702821E+005  0.101475525979916E+001 
      3.16000000 -0.233363412495687E+005  0.103187597311253E+001 
      3.18000000 -0.233363240919965E+005  0.104903354538848E+001 
      3.20000000 -0.233363069040516E+005  0.106622149022966E+001 
      3.22000000 -0.233362896921496E+005  0.108343339229505E+001 
      3.24000000 -0.233362724625872E+005  0.110066295468430E+001 
      3.26000000 -0.233362552214938E+005  0.111790404805445E+001 
      3.28000000 -0.233362379747800E+005  0.113515076186499E+001 
      3.30000000 -0.233362207280828E+005  0.115239745903208E+001 
      3.32000000 -0.233362034867058E+005  0.116963883608318E+001 
      3.34000000 -0.233361862555514E+005  0.118686999044228E+001 
      3.36000000 -0.233361690390442E+005  0.120408649764249E+001 
      3.38000000 -0.233361518410403E+005  0.122128450160901E+001 
      3.40000000 -0.233361346647207E+005  0.123846082114925E+001 
      3.42000000 -0.233361175124656E+005  0.125561307626357E+001 
      3.44000000 -0.233361003857044E+005  0.127273983744439E+001 
      3.46000000 -0.233360832847420E+005  0.128984079987546E+001 
      3.48000000 -0.233360662085580E+005  0.130691698384917E+001 
      3.50000000 -0.233360491545820E+005  0.132397095984902E+001 
      3.52000000 -0.233360321184466E+005  0.134100709529943E+001 
      3.54000000 -0.233360150937260E+005  0.135803181587706E+001 
      3.56000000 -0.233359980716701E+005  0.137505387180892E+001 
      3.58000000 -0.233359810409478E+005  0.139208459406691E+001 
      3.60000000 -0.233359639874174E+005  0.140913812442162E+001 
      3.62000000 -0.233359468939446E+005  0.142623159728895E+001 
      3.64000000 -0.233359297402915E+005  0.144338525034710E+001 
      3.66000000 -0.233359125031042E+005  0.146062243761002E+001 
      3.68000000 -0.233358951560232E+005  0.147796951864336E+001 
      3.70000000 -0.233358776699450E+005  0.149545559686956E+001 
      3.72000000 -0.233358600134586E+005  0.151311208328388E+001 
      3.74000000 -0.233358421534772E+005  0.153097206467498E+001 
      3.76000000 -0.233358240560792E+005  0.154906946262378E+001 
      3.78000000 -0.233358056875661E+005  0.156743797575100E+001 
      3.80000000 -0.233357870157337E+005  0.158610980820465E+001 
      3.82000000 -0.233357680113434E+005  0.160511419841702E+001 
      3.84000000 -0.233357486497677E+005  0.162447577413263E+001 
      3.86000000 -0.233357289127676E+005  0.164421277422051E+001 
      3.88000000 -0.233357087903502E+005  0.166433519163441E+001 
      3.90000000 -0.233356882826361E+005  0.168484290571248E+001 
      3.92000000 -0.233356674016565E+005  0.170572388533224E+001 
      3.94000000 -0.233356461729853E+005  0.172695255654485E+001 
      3.96000000 -0.233356246371039E+005  0.174848843792122E+001 
      3.98000000 -0.233356028503885E+005  0.177027515337637E+001 
      4.00000000 -0.233355808856065E+005  0.179223993531631E+001 
      4.02000000 -0.233355588318119E+005  0.181429372995885E+001 
      4.04000000 -0.233355367935315E+005  0.183633201034400E+001 
      4.06000000 -0.233355148891505E+005  0.185823639131386E+001 
      4.08000000 -0.233354932484172E+005  0.187987712461494E+001 
      4.10000000 -0.233354720090121E+005  0.190111652975160E+001 
      4.12000000 -0.233354513121517E+005  0.192181339014055E+001 
      4.14000000 -0.233354312972301E+005  0.194182831179755E+001 
      4.16000000 -0.233354120955355E+005  0.196103000639401E+001 
      4.18000000 -0.233353938231198E+005  0.197930242208958E+001 
      4.20000000 -0.233353765729379E+005  0.199655260395075E+001 
      4.22000000 -0.233353604064180E+005  0.201271912386587E+001 
      4.24000000 -0.233353453446623E+005  0.202778087959495E+001 
      4.26000000 -0.233353313595190E+005  0.204176602285882E+001 
      4.28000000 -0.233353183648002E+005  0.205476074166812E+001 
      4.30000000 -0.233353062079494E+005  0.206691759242877E+001 
      4.32000000 -0.233352946624869E+005  0.207846305491935E+001 
      4.34000000 -0.233352834215732E+005  0.208970396865296E+001 
      4.36000000 -0.233352720930367E+005  0.210103250518245E+001 
      4.38000000 -0.233352601962043E+005  0.211292933751574E+001 
      4.40000000 -0.233352471608565E+005  0.212596468534246E+001 
      4.42000000 -0.233352323285959E+005  0.214079694600579E+001 
      4.44000000 -0.233352149568783E+005  0.215816866356010E+001 
      4.46000000 -0.233351942258990E+005  0.217889964285994E+001 
      4.48000000 -0.233351692484596E+005  0.220387708231061E+001 
      4.50000000 -0.233351390828660E+005  0.223404267589158E+001 
      4.52000000 -0.233351027488218E+005  0.227037672007836E+001 
      4.54000000 -0.233350592461876E+005  0.231387935425027E+001 
      4.56000000 -0.233350075763813E+005  0.236554916052364E+001 
      4.58000000 -0.233349467660930E+005  0.242635944881026E+001 
      4.60000000 -0.233348758928903E+005  0.249723265156159E+001 
      4.62000000 -0.233347941121932E+005  0.257901334862781E+001 
      4.64000000 -0.233347006850103E+005  0.267244053152092E+001 
      4.66000000 -0.233345950057484E+005  0.277811979349081E+001 
      4.68000000 -0.233344766293440E+005  0.289649619786483E+001 
      4.70000000 -0.233343452969171E+005  0.302782862480440E+001 
      4.72000000 -0.233342009591178E+005  0.317216642409385E+001 
      4.74000000 -0.233340437963332E+005  0.332932920868561E+001 
      4.76000000 -0.233338742349373E+005  0.349889060458323E+001 
      4.78000000 -0.233336929588142E+005  0.368016672761288E+001 
      4.80000000 -0.233335009154554E+005  0.387221008650112E+001 
      4.82000000 -0.233332993160273E+005  0.407380951459654E+001 
      4.84000000 -0.233330896289334E+005  0.428349660851163E+001 
      4.86000000 -0.233328735665373E+005  0.449955900455507E+001 
      4.88000000 -0.233326530648843E+005  0.472006065757617E+001 
      4.90000000 -0.233324302564414E+005  0.494286910050447E+001 
      4.92000000 -0.233322074360740E+005  0.516568946783613E+001 
      4.94000000 -0.233319870206766E+005  0.538610486522410E+001 
      4.96000000 -0.233317715030754E+005  0.560162246649681E+001 
      4.98000000 -0.233315634010154E+005  0.580972452642850E+001 
      5.00000000 -0.233313652022206E+005  0.600792332125626E+001 
      5.02000000 -0.233311793066700E+005  0.619381887187523E+001 
      5.04000000 -0.233310079673642E+005  0.636515817766727E+001 
      5.06000000 -0.233308532309473E+005  0.651989459456460E+001 
      5.08000000 -0.233307168796055E+005  0.665624593631086E+001 
      5.10000000 -0.233306003756821E+005  0.677274985975411E+001 
      5.12000000 -0.233305048104185E+005  0.686831512340171E+001 
      5.14000000 -0.233304308581701E+005  0.694226737180223E+001 
      5.16000000 -0.233303787373393E+005  0.699438820257293E+001 
      5.18000000 -0.233303481791302E+005  0.702494641166279E+001 
      5.20000000 -0.233303384050678E+005  0.703472047401899E+001 
      5.22000000 -0.233303481140391E+005  0.702501150276680E+001 
      5.24000000 -0.233303754794146E+005  0.699764612729969E+001 
      5.26000000 -0.233304181566060E+005  0.695496893582406E+001 
      5.28000000 -0.233304733012122E+005  0.689982432962225E+001 
      5.30000000 -0.233305375977073E+005  0.683552783453747E+001 
      5.32000000 -0.233306072984419E+005  0.676582709992620E+001 
      5.34000000 -0.233306782725537E+005  0.669485298814929E+001 
      5.36000000 -0.233307460642252E+005  0.662706131663363E+001 
      5.38000000 -0.233308059595812E+005  0.656716596066399E+001 
      5.40000000 -0.233308530613804E+005  0.652006416145155E+001 
      5.42000000 -0.233308823705283E+005  0.649075501352250E+001 
      5.44000000 -0.233308888733096E+005  0.648425223228197E+001 
      5.46000000 -0.233308676331112E+005  0.650549243068584E+001 
      5.48000000 -0.233308138852759E+005  0.655924026592485E+001 
      5.50000000 -0.233307231335876E+005  0.664999195423792E+001 
      5.52000000 -0.233305912467499E+005  0.678187879200847E+001 
      5.54000000 -0.233304145530793E+005  0.695857246252568E+001 
      5.56000000 -0.233301899315011E+005  0.718319404075419E+001 
      5.58000000 -0.233299148968139E+005  0.745822872800429E+001 
      5.60000000 -0.233295876771019E+005  0.778544843997649E+001 
      5.62000000 -0.233292072811186E+005  0.816584442326182E+001 
      5.64000000 -0.233287735534663E+005  0.859957207551497E+001 
      5.66000000 -0.233282872154651E+005  0.908591007678676E+001 
      5.68000000 -0.233277498897478E+005  0.962323579407350E+001 
      5.70000000 -0.233271641068535E+005  0.102090186883800E+002 
      5.72000000 -0.233265332924142E+005  0.108398331276350E+002 
      5.74000000 -0.233258617339544E+005  0.115113915874628E+002 
      5.76000000 -0.233251545268306E+005  0.122185987112873E+002 
      5.78000000 -0.233244174994348E+005  0.129556261070330E+002 
      5.80000000 -0.233236571184384E+005  0.137160071034982E+002 
      5.82000000 -0.233228803755514E+005  0.144927499904216E+002 
      5.84000000 -0.233220946579904E+005  0.152784675515006E+002 
      5.86000000 -0.233213076055341E+005  0.160655200077315E+002 
      5.88000000 -0.233205269576984E+005  0.168461678434358E+002 
      5.90000000 -0.233197603951078E+005  0.176127304340948E+002 
      5.92000000 -0.233190153795719E+005  0.183577459699427E+002 
      5.94000000 -0.233182989976392E+005  0.190741279026322E+002 
      5.96000000 -0.233176178124850E+005  0.197553130568421E+002 
      5.98000000 -0.233169777288644E+005  0.203953966774250E+002 
      6.00000000 -0.233163838755175E+005  0.209892500243449E+002 
      6.02000000 -0.233158405088593E+005  0.215326166825948E+002 
      6.04000000 -0.233153509410274E+005  0.220221845144130E+002 
      6.06000000 -0.233149174944349E+005  0.224556311069299E+002 
      6.08000000 -0.233145414839115E+005  0.228316416303472E+002 
      6.10000000 -0.233142232263826E+005  0.231498991592547E+002 
      6.12000000 -0.233139620768733E+005  0.234110486686050E+002 
      6.14000000 -0.233137564885156E+005  0.236166370262192E+002 
      6.16000000 -0.233136040932462E+005  0.237690322956321E+002 
      6.18000000 -0.233135017990581E+005  0.238713264837920E+002 
      6.20000000 -0.233134458990901E+005  0.239272264517527E+002 
      6.22000000 -0.233134321875233E+005  0.239409380185733E+002 
      6.24000000 -0.233134560772341E+005  0.239170483077140E+002 
      6.26000000 -0.233135127144429E+005  0.238604110990014E+002 
      6.28000000 -0.233135970861519E+005  0.237760393899854E+002 
      6.30000000 -0.233137041169762E+005  0.236690085656799E+002 
      6.32000000 -0.233138287529546E+005  0.235443725872472E+002 
      6.34000000 -0.233139660310246E+005  0.234070945172661E+002 
      6.36000000 -0.233141111339679E+005  0.232619915739428E+002 
      6.38000000 -0.233142594317004E+005  0.231136938415038E+002 
      6.40000000 -0.233144065107074E+005  0.229666148344678E+002 
      6.42000000 -0.233145481941508E+005  0.228249313910483E+002 
      6.44000000 -0.233146805556367E+005  0.226925699051799E+002 
      6.46000000 -0.233147999298111E+005  0.225731957307347E+002 
      6.48000000 -0.233149029228337E+005  0.224702027081119E+002 
      6.50000000 -0.233149864253848E+005  0.223867001570573E+002 
      6.52000000 -0.233150476302329E+005  0.223254953089553E+002 
      6.54000000 -0.233150840555852E+005  0.222890699567034E+002 
      6.56000000 -0.233150935745296E+005  0.222795510122249E+002 
      6.58000000 -0.233150744499439E+005  0.222986755979838E+002 
      6.60000000 -0.233150253733584E+005  0.223477521834135E+002 
      6.62000000 -0.233149455055028E+005  0.224276200391004E+002 
      6.64000000 -0.233148345156839E+005  0.225386098579644E+002 
      6.66000000 -0.233146926167973E+005  0.226805087445815E+002 
      6.68000000 -0.233145205926661E+005  0.228525328757587E+002 
      6.70000000 -0.233143198145599E+005  0.230533109819562E+002 
      6.72000000 -0.233140922441337E+005  0.232808814081951E+002 
      6.74000000 -0.233138404206299E+005  0.235327049120003E+002 
      6.76000000 -0.233135674309468E+005  0.238056945950688E+002 
      6.78000000 -0.233132768620490E+005  0.240962634928127E+002 
      6.80000000 -0.233129727361165E+005  0.244003894254011E+002 
      6.82000000 -0.233126594297399E+005  0.247136958019244E+002 
      6.84000000 -0.233123415793222E+005  0.250315462197060E+002 
      6.86000000 -0.233120239755739E+005  0.253491499679256E+002 
      6.88000000 -0.233117114505794E+005  0.256616749624496E+002 
      6.90000000 -0.233114087613055E+005  0.259643642363807E+002 
      6.92000000 -0.233111204736343E+005  0.262526519075985E+002 
      6.94000000 -0.233108508510002E+005  0.265222745416537E+002 
      6.96000000 -0.233106037515241E+005  0.267693740178084E+002 
      6.98000000 -0.233103825371680E+005  0.269905883738972E+002 
      7.00000000 -0.233101899979182E+005  0.271831276236985E+002 
      7.02000000 -0.233100282933659E+005  0.273448321759184E+002 
      7.04000000 -0.233098989133366E+005  0.274742122052577E+002 
      7.06000000 -0.233098026584510E+005  0.275704670908156E+002 
      7.08000000 -0.233097396407295E+005  0.276334848123435E+002 
      7.10000000 -0.233097093036015E+005  0.276638219403445E+002 
      7.12000000 -0.233097104599955E+005  0.276626655464084E+002 
      7.14000000 -0.233097413465787E+005  0.276317789632011E+002 
      7.16000000 -0.233097996917227E+005  0.275734338191867E+002 
      7.18000000 -0.233098827943921E+005  0.274903311497711E+002 
      7.20000000 -0.233099876109108E+005  0.273855146310588E+002 
      7.22000000 -0.233101108464472E+005  0.272622790946339E+002 
      7.24000000 -0.233102490480768E+005  0.271240774650630E+002 
      7.26000000 -0.233103986964160E+005  0.269744291259065E+002 
      7.28000000 -0.233105562930637E+005  0.268168324781196E+002 
      7.30000000 -0.233107184414205E+005  0.266546841213485E+002 
      7.32000000 -0.233108819188525E+005  0.264912066893336E+002 
      7.34000000 -0.233110437386203E+005  0.263293869215908E+002 
      7.36000000 -0.233112012004634E+005  0.261719250784986E+002 
      7.38000000 -0.233113519292144E+005  0.260211963274516E+002 
      7.40000000 -0.233114939012758E+005  0.258792242660268E+002 
      7.42000000 -0.233116254592251E+005  0.257476663167118E+002 
      7.44000000 -0.233117453151947E+005  0.256278103471567E+002 
      7.46000000 -0.233118525439931E+005  0.255205815487697E+002 
      7.48000000 -0.233119465671886E+005  0.254265583532160E+002 
      7.50000000 -0.233120271295558E+005  0.253459959860730E+002 
      7.52000000 -0.233120942693926E+005  0.252788561492280E+002 
      7.54000000 -0.233121482842575E+005  0.252248412843235E+002 
      7.56000000 -0.233121896936487E+005  0.251834318931895E+002 
      7.58000000 -0.233122192000721E+005  0.251539254697858E+002 
      7.60000000 -0.233122376498230E+005  0.251354757188372E+002 
      7.62000000 -0.233122459946513E+005  0.251271308905334E+002 
      7.64000000 -0.233122452553068E+005  0.251278702350349E+002 
      7.66000000 -0.233122364877744E+005  0.251366377674596E+002 
      7.68000000 -0.233122207528208E+005  0.251523727210114E+002 
      7.70000000 -0.233121990892929E+005  0.251740362489305E+002 
      7.72000000 -0.233121724914352E+005  0.252006341066812E+002 
      7.74000000 -0.233121418903417E+005  0.252312352001479E+002 
      7.76000000 -0.233121081395206E+005  0.252649860212522E+002 
      7.78000000 -0.233120720044340E+005  0.253011211078848E+002 
      7.80000000 -0.233120341557840E+005  0.253389697578482E+002 
      7.82000000 -0.233119951662409E+005  0.253779593009164E+002 
      7.84000000 -0.233119555102568E+005  0.254176152850654E+002 
      7.86000000 -0.233119155665723E+005  0.254575589695938E+002 
      7.88000000 -0.233118756230055E+005  0.254975025363466E+002 
      7.90000000 -0.233118358831048E+005  0.255372424370541E+002 
      7.92000000 -0.233117964742538E+005  0.255766512880532E+002 
      7.94000000 -0.233117574568322E+005  0.256156687096732E+002 
      7.96000000 -0.233117188340574E+005  0.256542914844555E+002 
      7.98000000 -0.233116805621617E+005  0.256925633801910E+002 
      8.00000000 -0.233116425605906E+005  0.257305649513022E+002 
      8.02000000 -0.233116047219475E+005  0.257684035944092E+002 
      8.04000000 -0.233115669214453E+005  0.258062040966097E+002 
      8.06000000 -0.233115290256671E+005  0.258440998747489E+002 
      8.08000000 -0.233114909004788E+005  0.258822250630506E+002 
      8.10000000 -0.233114524179735E+005  0.259207075683479E+002 
      8.12000000 -0.233114134623684E+005  0.259596631734887E+002 
      8.14000000 -0.233113739348092E+005  0.259991907326213E+002 
      8.16000000 -0.233113337570714E+005  0.260393684704269E+002 
      8.18000000 -0.233112928741754E+005  0.260802513664635E+002 
      8.20000000 -0.233112512559629E+005  0.261218695789610E+002 
      8.22000000 -0.233112088977004E+005  0.261642278414439E+002 
      8.24000000 -0.233111658197980E+005  0.262073057439000E+002 
      8.26000000 -0.233111220667452E+005  0.262510587966370E+002 
      8.28000000 -0.233110777053779E+005  0.262954201639780E+002 
      8.30000000 -0.233110328225949E+005  0.263403029470116E+002 
      8.32000000 -0.233109875226497E+005  0.263856028921231E+002 
      8.34000000 -0.233109419241389E+005  0.264312014029996E+002 
      8.36000000 -0.233108961568042E+005  0.264769687376798E+002 
      8.38000000 -0.233108503582618E+005  0.265227672800950E+002 
      8.40000000 -0.233108046707558E+005  0.265684547860406E+002 
      8.42000000 -0.233107592380253E+005  0.266138875165583E+002 
      8.44000000 -0.233107142023566E+005  0.266589231852348E+002 
      8.46000000 -0.233106697018793E+005  0.267034236625697E+002 
      8.48000000 -0.233106258681468E+005  0.267472573950315E+002 
      8.50000000 -0.233105828240306E+005  0.267903015112692E+002 
      8.52000000 -0.233105406819393E+005  0.268324436025369E+002 
      8.54000000 -0.233104995423666E+005  0.268735831752672E+002 
      8.56000000 -0.233104594927567E+005  0.269136327851788E+002 
      8.58000000 -0.233104206066730E+005  0.269525188688740E+002 
      8.60000000 -0.233103829432464E+005  0.269901822954535E+002 
      8.62000000 -0.233103465468784E+005  0.270265786634939E+002 
      8.64000000 -0.233103114471713E+005  0.270616783706005E+002 
      8.66000000 -0.233102776590589E+005  0.270954664829823E+002 
      8.68000000 -0.233102451831103E+005  0.271279424315666E+002 
      8.70000000 -0.233102140059829E+005  0.271591195589140E+002 
      8.72000000 -0.233101841010029E+005  0.271890245389718E+002 
      8.74000000 -0.233101554288529E+005  0.272176966889480E+002 
      8.76000000 -0.233101279383525E+005  0.272451871893343E+002 
      8.78000000 -0.233101015673160E+005  0.272715582258220E+002 
      8.80000000 -0.233100762434787E+005  0.272968820631937E+002 
      8.82000000 -0.233100518854824E+005  0.273212400594595E+002 
      8.84000000 -0.233100284039167E+005  0.273447216252115E+002 
      8.86000000 -0.233100057024100E+005  0.273674231318362E+002 
      8.88000000 -0.233099836787710E+005  0.273894467708660E+002 
      8.90000000 -0.233099622261766E+005  0.274108993653010E+002 
      8.92000000 -0.233099412344076E+005  0.274318911342846E+002 
      8.94000000 -0.233099205911280E+005  0.274525344138729E+002 
      8.96000000 -0.233099001832023E+005  0.274729423395766E+002 
      8.98000000 -0.233098798980309E+005  0.274932275109314E+002 
      9.00000000 -0.233098596248805E+005  0.275135006613540E+002 
      9.02000000 -0.233098392561864E+005  0.275338693554767E+002 
      9.04000000 -0.233098186888073E+005  0.275544367345754E+002 
      9.06000000 -0.233097978252102E+005  0.275753003316992E+002 
      9.08000000 -0.233097765745650E+005  0.275965509769092E+002 
      9.10000000 -0.233097548537305E+005  0.276182718113682E+002 
      9.12000000 -0.233097325881139E+005  0.276405374279453E+002 
      9.14000000 -0.233097097123895E+005  0.276634131524044E+002 
      9.16000000 -0.233096861710661E+005  0.276869544757895E+002 
      9.18000000 -0.233096619188971E+005  0.277112066447662E+002 
      9.20000000 -0.233096369211298E+005  0.277362044120295E+002 
      9.22000000 -0.233096111535981E+005  0.277619719438025E+002 
      9.24000000 -0.233095846026649E+005  0.277885228769131E+002 
      9.26000000 -0.233095572650278E+005  0.278158605140973E+002 
      9.28000000 -0.233095291473993E+005  0.278439781425729E+002 
      9.30000000 -0.233095002660826E+005  0.278728594592609E+002 
      9.32000000 -0.233094706464563E+005  0.279024790855439E+002 
      9.34000000 -0.233094403223878E+005  0.279328031540589E+002 
      9.36000000 -0.233094093355892E+005  0.279637899526656E+002 
      9.38000000 -0.233093777349299E+005  0.279953906119564E+002 
      9.40000000 -0.233093455757160E+005  0.280275498258308E+002 
      9.42000000 -0.233093129189445E+005  0.280602065973104E+002 
      9.44000000 -0.233092798305377E+005  0.280932950041586E+002 
      9.46000000 -0.233092463805607E+005  0.281267449811440E+002 
      9.48000000 -0.233092126424245E+005  0.281604831173449E+002 
      9.50000000 -0.233091786920749E+005  0.281944334669290E+002 
      9.52000000 -0.233091446071700E+005  0.282285183719058E+002 
      9.54000000 -0.233091104662478E+005  0.282626592940910E+002 
      9.56000000 -0.233090763478905E+005  0.282967776513130E+002 
      9.58000000 -0.233090423298909E+005  0.283307956509394E+002 
      9.60000000 -0.233090084884308E+005  0.283646371110641E+002 
      9.62000000 -0.233089748972847E+005  0.283982282571835E+002 
      9.64000000 -0.233089416270613E+005  0.284314984805682E+002 
      9.66000000 -0.233089087444997E+005  0.284643810421940E+002 
      9.68000000 -0.233088763118347E+005  0.284968137071166E+002 
      9.70000000 -0.233088443862470E+005  0.285287392948563E+002 
      9.72000000 -0.233088130194089E+005  0.285601061329438E+002 
      9.74000000 -0.233087822571373E+005  0.285908684045765E+002 
      9.76000000 -0.233087521391561E+005  0.286209863857195E+002 
      9.78000000 -0.233087226989715E+005  0.286504265704075E+002 
      9.80000000 -0.233086939638534E+005  0.286791616884096E+002 
      9.82000000 -0.233086659549184E+005  0.287071706234194E+002 
      9.84000000 -0.233086386872996E+005  0.287344382422306E+002 
      9.86000000 -0.233086121703930E+005  0.287609551488664E+002 
      9.88000000 -0.233085864081645E+005  0.287867173773246E+002 
      9.90000000 -0.233085613995053E+005  0.288117260365473E+002 
      9.92000000 -0.233085371386212E+005  0.288359869206668E+002 
      9.94000000 -0.233085136154476E+005  0.288595100942190E+002 
      9.96000000 -0.233084908160802E+005  0.288823094616385E+002 
      9.98000000 -0.233084687232149E+005  0.289044023269991E+002 
     10.00000000 -0.233084473165920E+005  0.289258089498475E+002 
     10.02000000 -0.233084265734408E+005  0.289465521010121E+002 
     10.04000000 -0.233084064689193E+005  0.289666566225417E+002 
     10.06000000 -0.233083869765462E+005  0.289861489956880E+002 
     10.08000000 -0.233083680686210E+005  0.290050569208961E+002 
     10.10000000 -0.233083497166277E+005  0.290234089141711E+002 
     10.12000000 -0.233083318916180E+005  0.290412339238266E+002 
     10.14000000 -0.233083145645705E+005  0.290585609713949E+002 
     10.16000000 -0.233082977067228E+005  0.290754188190956E+002 
     10.18000000 -0.233082812898764E+005  0.290918356654522E+002 
     10.20000000 -0.233082652866728E+005  0.291078388690760E+002 
     10.22000000 -0.233082496708425E+005  0.291234546993210E+002 
     10.24000000 -0.233082344174300E+005  0.291387081118817E+002 
     10.26000000 -0.233082195029949E+005  0.291536225469498E+002 
     10.28000000 -0.233082049057936E+005  0.291682197482368E+002 
     10.30000000 -0.233081906059404E+005  0.291825196014369E+002 
     10.32000000 -0.233081765855493E+005  0.291965399925814E+002 
     10.34000000 -0.233081628288538E+005  0.292102966881005E+002 
     10.36000000 -0.233081493223022E+005  0.292238032397022E+002 
     10.38000000 -0.233081360546233E+005  0.292370709185535E+002 
     10.40000000 -0.233081230168586E+005  0.292501086832769E+002 
     10.42000000 -0.233081102023549E+005  0.292629231869518E+002 
     10.44000000 -0.233080976067152E+005  0.292755188266978E+002 
     10.46000000 -0.233080852277032E+005  0.292878978386107E+002 
     10.48000000 -0.233080730651036E+005  0.293000604382292E+002 
     10.50000000 -0.233080611205372E+005  0.293120050046925E+002 
     10.52000000 -0.233080493972376E+005  0.293237283042792E+002 
     10.54000000 -0.233080378997949E+005  0.293352257469449E+002 
     10.56000000 -0.233080266338750E+005  0.293464916668973E+002 
     10.58000000 -0.233080156059238E+005  0.293575196180639E+002 
     10.60000000 -0.233080048228683E+005  0.293683026735746E+002 
     10.62000000 -0.233079942918232E+005  0.293788337186556E+002 
     10.64000000 -0.233079840198144E+005  0.293891057275074E+002 
     10.66000000 -0.233079740135264E+005  0.293991120154961E+002 
     10.68000000 -0.233079642790810E+005  0.294088464608891E+002 
     10.70000000 -0.233079548218508E+005  0.294183036910878E+002 
     10.72000000 -0.233079456463100E+005  0.294274792318838E+002 
     10.74000000 -0.233079367559227E+005  0.294363696191799E+002 
     10.76000000 -0.233079281530664E+005  0.294449724755102E+002 
     10.78000000 -0.233079198389879E+005  0.294532865539129E+002 
     10.80000000 -0.233079118137882E+005  0.294613117536209E+002 
     10.82000000 -0.233079040764304E+005  0.294690491114308E+002 
     10.84000000 -0.233078966247686E+005  0.294765007732544E+002 
     10.86000000 -0.233078894555925E+005  0.294836699493330E+002 
     10.88000000 -0.233078825646856E+005  0.294905608562112E+002 
     10.90000000 -0.233078759468941E+005  0.294971786477406E+002 
     10.92000000 -0.233078695962050E+005  0.295035293368901E+002 
     10.94000000 -0.233078635058329E+005  0.295096197089367E+002 
     10.96000000 -0.233078576683153E+005  0.295154572265765E+002 
     10.98000000 -0.233078520756146E+005  0.295210499273042E+002 
     11.00000000 -0.233078467192288E+005  0.295264063130907E+002 
     11.02000000 -0.233078415903085E+005  0.295315352333985E+002 
     11.04000000 -0.233078366797795E+005  0.295364457623830E+002 
     11.06000000 -0.233078319784693E+005  0.295411470725508E+002 
     11.08000000 -0.233078274772348E+005  0.295456483070964E+002 
     11.10000000 -0.233078231670873E+005  0.295499584545141E+002 
     11.12000000 -0.233078190393129E+005  0.295540862289846E+002 
     11.14000000 -0.233078150855809E+005  0.295580399609150E+002 
     11.16000000 -0.233078112980407E+005  0.295618275011431E+002 
     11.18000000 -0.233078076693991E+005  0.295654561427223E+002 
     11.20000000 -0.233078041929788E+005  0.295689325630722E+002 
     11.22000000 -0.233078008627538E+005  0.295722627880309E+002 
     11.24000000 -0.233077976733629E+005  0.295754521789301E+002 
     11.26000000 -0.233077946200998E+005  0.295785054420244E+002 
     11.28000000 -0.233077916988832E+005  0.295814266586721E+002 
     11.30000000 -0.233077889062082E+005  0.295842193336879E+002 
     11.32000000 -0.233077862390836E+005  0.295868864582477E+002 
     11.34000000 -0.233077836949582E+005  0.295894305837011E+002 
     11.36000000 -0.233077812716399E+005  0.295918539019182E+002 
     11.38000000 -0.233077789672137E+005  0.295941583282000E+002 
     11.40000000 -0.233077767799588E+005  0.295963455831010E+002 
     11.42000000 -0.233077747082720E+005  0.295984172698361E+002 
     11.44000000 -0.233077727505967E+005  0.296003749451858E+002 
     11.46000000 -0.233077709053601E+005  0.296022201817757E+002 
     11.48000000 -0.233077691709207E+005  0.296039546211967E+002 
     11.50000000 -0.233077675455243E+005  0.296055800175220E+002 
     11.52000000 -0.233077660272699E+005  0.296070982719491E+002 
     11.54000000 -0.233077646140828E+005  0.296085114590519E+002 
     11.56000000 -0.233077633036957E+005  0.296098218461498E+002 
     11.58000000 -0.233077620936352E+005  0.296110319066682E+002 
     11.60000000 -0.233077609812131E+005  0.296121443287425E+002 
     11.62000000 -0.233077599635217E+005  0.296131620201149E+002 
     11.64000000 -0.233077590374319E+005  0.296140881099222E+002 
     11.66000000 -0.233077581995944E+005  0.296149259474527E+002 
     11.68000000 -0.233077574464433E+005  0.296156790985852E+002 
     11.70000000 -0.233077567742026E+005  0.296163513392277E+002 
     11.72000000 -0.233077561788958E+005  0.296169466461105E+002 
     11.74000000 -0.233077556563575E+005  0.296174691843134E+002 
     11.76000000 -0.233077552022500E+005  0.296179232919092E+002 
     11.78000000 -0.233077548120805E+005  0.296183134614015E+002 
     11.80000000 -0.233077544812230E+005  0.296186443188905E+002 
     11.82000000 -0.233077542049412E+005  0.296189206006754E+002 
     11.84000000 -0.233077539784129E+005  0.296191471289149E+002 
     11.86000000 -0.233077537967555E+005  0.296193287863395E+002 
     11.88000000 -0.233077536550507E+005  0.296194704911418E+002 
     11.90000000 -0.233077535483687E+005  0.296195771731829E+002 
     11.92000000 -0.233077534717907E+005  0.296196537511720E+002 
     11.94000000 -0.233077534204296E+005  0.296197051122697E+002 
     11.96000000 -0.233077533894482E+005  0.296197360937064E+002 
     11.98000000 -0.233077533740748E+005  0.296197514670947E+002 
     12.00000000 -0.233077533696170E+005  0.296197559248763E+002 
     12.02000000 -0.233077533693739E+005  0.296197561679448E+002 
     12.04000000 -0.233077533691446E+005  0.296197563972839E+002 
     12.06000000 -0.233077533689125E+005  0.296197566293702E+002 
     12.08000000 -0.233077533686770E+005  0.296197568648409E+002 
     12.10000000 -0.233077533684378E+005  0.296197571040517E+002 
     12.12000000 -0.233077533681948E+005  0.296197573470830E+002 
     12.14000000 -0.233077533679481E+005  0.296197575937215E+002 
     12.16000000 -0.233077533676982E+005  0.296197578436391E+002 
     12.18000000 -0.233077533674457E+005  0.296197580961616E+002 
     12.20000000 -0.233077533671913E+005  0.296197583505711E+002 
     12.22000000 -0.233077533669360E+005  0.296197586059087E+002 
     12.24000000 -0.233077533666806E+005  0.296197588612525E+002 
     12.26000000 -0.233077533664263E+005  0.296197591155971E+002 
     12.28000000 -0.233077533661738E+005  0.296197593680731E+002 
     12.30000000 -0.233077533659240E+005  0.296197596178423E+002 
     12.32000000 -0.233077533656775E+005  0.296197598643879E+002 
     12.34000000 -0.233077533654345E+005  0.296197601073636E+002 
     12.36000000 -0.233077533651952E+005  0.296197603466703E+002 
     12.38000000 -0.233077533649594E+005  0.296197605824441E+002 
     12.40000000 -0.233077533647268E+005  0.296197608150811E+002 
     12.42000000 -0.233077533644967E+005  0.296197610451380E+002 
     12.44000000 -0.233077533642686E+005  0.296197612732490E+002 
     12.46000000 -0.233077533640418E+005  0.296197615000731E+002 
     12.48000000 -0.233077533638156E+005  0.296197617262538E+002 
     12.50000000 -0.233077533635895E+005  0.296197619523663E+002 
     12.52000000 -0.233077533633631E+005  0.296197621787728E+002 
     12.54000000 -0.233077533631360E+005  0.296197624058104E+002 
     12.56000000 -0.233077533629083E+005  0.296197626335347E+002 
     12.58000000 -0.233077533626799E+005  0.296197628619953E+002 
     12.60000000 -0.233077533624508E+005  0.296197630910437E+002 
     12.62000000 -0.233077533622214E+005  0.296197633205097E+002 
     12.64000000 -0.233077533619916E+005  0.296197635502356E+002 
     12.66000000 -0.233077533617619E+005  0.296197637799584E+002 
     12.68000000 -0.233077533615324E+005  0.296197640094801E+002 
     12.70000000 -0.233077533613033E+005  0.296197642385935E+002 
     12.72000000 -0.233077533610748E+005  0.296197644671067E+002 
     12.74000000 -0.233077533608471E+005  0.296197646947939E+002 
     12.76000000 -0.233077533606203E+005  0.296197649215623E+002 
     12.78000000 -0.233077533603946E+005  0.296197651472851E+002 
     12.80000000 -0.233077533601699E+005  0.296197653719190E+002 
     12.82000000 -0.233077533599464E+005  0.296197655954794E+002 
     12.84000000 -0.233077533597239E+005  0.296197658179694E+002 
     12.86000000 -0.233077533595024E+005  0.296197660394756E+002 
     12.88000000 -0.233077533592818E+005  0.296197662600291E+002 
     12.90000000 -0.233077533590622E+005  0.296197664796297E+002 
     12.92000000 -0.233077533588436E+005  0.296197666982434E+002 
     12.94000000 -0.233077533586261E+005  0.296197669157992E+002 
     12.96000000 -0.233077533584096E+005  0.296197671322876E+002 
     12.98000000 -0.233077533581942E+005  0.296197673476934E+002 
     13.00000000 -0.233077533579798E+005  0.296197675620844E+002 
     13.02000000 -0.233077533577662E+005  0.296197677756773E+002 
     13.04000000 -0.233077533575532E+005  0.296197679886762E+002 
     13.06000000 -0.233077533573404E+005  0.296197682014586E+002 
     13.08000000 -0.233077533571276E+005  0.296197684142935E+002 
     13.10000000 -0.233077533569145E+005  0.296197686274038E+002 
     13.12000000 -0.233077533567010E+005  0.296197688409070E+002 
     13.14000000 -0.233077533564871E+005  0.296197690547412E+002 
     13.16000000 -0.233077533562731E+005  0.296197692687176E+002 
     13.18000000 -0.233077533560594E+005  0.296197694824961E+002 
     13.20000000 -0.233077533558462E+005  0.296197696956621E+002 
     13.22000000 -0.233077533556340E+005  0.296197699078165E+002 
     13.24000000 -0.233077533554233E+005  0.296197701185633E+002 
     13.26000000 -0.233077533552142E+005  0.296197703276364E+002 
     13.28000000 -0.233077533550070E+005  0.296197705348535E+002 
     13.30000000 -0.233077533548017E+005  0.296197707401277E+002 
     13.32000000 -0.233077533545982E+005  0.296197709436170E+002 
     13.34000000 -0.233077533543964E+005  0.296197711454357E+002 
     13.36000000 -0.233077533541960E+005  0.296197713458747E+002 
     13.38000000 -0.233077533539965E+005  0.296197715453114E+002 
     13.40000000 -0.233077533537978E+005  0.296197717441046E+002 
     13.42000000 -0.233077533535993E+005  0.296197719426070E+002 
     13.44000000 -0.233077533534007E+005  0.296197721411899E+002 
     13.46000000 -0.233077533532018E+005  0.296197723400852E+002 
     13.48000000 -0.233077533530023E+005  0.296197725395435E+002 
     13.50000000 -0.233077533528022E+005  0.296197727396144E+002 
     13.52000000 -0.233077533526016E+005  0.296197729402792E+002 
     13.54000000 -0.233077533524004E+005  0.296197731414699E+002 
     13.56000000 -0.233077533521988E+005  0.296197733430257E+002 
     13.58000000 -0.233077533519972E+005  0.296197735446836E+002 
     13.60000000 -0.233077533517957E+005  0.296197737462053E+002 
     13.62000000 -0.233077533515947E+005  0.296197739472073E+002 
     13.64000000 -0.233077533513946E+005  0.296197741472627E+002 
     13.66000000 -0.233077533511960E+005  0.296197743458642E+002 
     13.68000000 -0.233077533509994E+005  0.296197745424671E+002 
     13.70000000 -0.233077533508054E+005  0.296197747364869E+002 
     13.72000000 -0.233077533506145E+005  0.296197749273575E+002 
     13.74000000 -0.233077533504272E+005  0.296197751146550E+002 
     13.76000000 -0.233077533502437E+005  0.296197752981505E+002 
     13.78000000 -0.233077533500640E+005  0.296197754778532E+002 
     13.80000000 -0.233077533498878E+005  0.296197756540664E+002 
     13.82000000 -0.233077533497145E+005  0.296197758273840E+002 
     13.84000000 -0.233077533495433E+005  0.296197759986042E+002 
     13.86000000 -0.233077533493731E+005  0.296197761687571E+002 
     13.88000000 -0.233077533492030E+005  0.296197763388636E+002 
     13.90000000 -0.233077533490319E+005  0.296197765099755E+002 
     13.92000000 -0.233077533488588E+005  0.296197766830270E+002 
     13.94000000 -0.233077533486831E+005  0.296197768587329E+002 
     13.96000000 -0.233077533485042E+005  0.296197770376839E+002 
     13.98000000 -0.233077533483217E+005  0.296197772201616E+002 
     14.00000000 -0.233077533481356E+005  0.296197774062835E+002 
     14.02000000 -0.233077533479459E+005  0.296197775959445E+002 
     14.04000000 -0.233077533477530E+005  0.296197777888475E+002 
     14.06000000 -0.233077533475573E+005  0.296197779845193E+002 
     14.08000000 -0.233077533473595E+005  0.296197781823504E+002 
     14.10000000 -0.233077533471602E+005  0.296197783816324E+002 
     14.12000000 -0.233077533469603E+005  0.296197785815579E+002 
     14.14000000 -0.233077533467606E+005  0.296197787812978E+002 
     14.16000000 -0.233077533465617E+005  0.296197789801281E+002 
     14.18000000 -0.233077533463644E+005  0.296197791774488E+002 
     14.20000000 -0.233077533461691E+005  0.296197793728019E+002 
     14.22000000 -0.233077533459758E+005  0.296197795660112E+002 
     14.24000000 -0.233077533457847E+005  0.296197797571973E+002 
     14.26000000 -0.233077533455952E+005  0.296197799466232E+002 
     14.28000000 -0.233077533454071E+005  0.296197801347436E+002 
     14.30000000 -0.233077533452198E+005  0.296197803221091E+002 
     14.32000000 -0.233077533450326E+005  0.296197805092952E+002 
     14.34000000 -0.233077533448452E+005  0.296197806967041E+002 
     14.36000000 -0.233077533446572E+005  0.296197808846945E+002 
     14.38000000 -0.233077533444684E+005  0.296197810734274E+002 
     14.40000000 -0.233077533442791E+005  0.296197812627853E+002 
     14.42000000 -0.233077533440893E+005  0.296197814525607E+002 
     14.44000000 -0.233077533438994E+005  0.296197816424475E+002 
     14.46000000 -0.233077533437099E+005  0.296197818319909E+002 
     14.48000000 -0.233077533435210E+005  0.296197820208352E+002 
     14.50000000 -0.233077533433333E+005  0.296197822085534E+002 
     14.52000000 -0.233077533431469E+005  0.296197823949661E+002 
     14.54000000 -0.233077533429618E+005  0.296197825800270E+002 
     14.56000000 -0.233077533427780E+005  0.296197827638875E+002 
     14.58000000 -0.233077533425950E+005  0.296197829469065E+002 
     14.60000000 -0.233077533424122E+005  0.296197831296379E+002 
     14.62000000 -0.233077533422292E+005  0.296197833127003E+002 
     14.64000000 -0.233077533420452E+005  0.296197834966815E+002 
     14.66000000 -0.233077533418598E+005  0.296197836820857E+002 
     14.68000000 -0.233077533416727E+005  0.296197838691480E+002 
     14.70000000 -0.233077533414840E+005  0.296197840578748E+002 
     14.72000000 -0.233077533412939E+005  0.296197842479688E+002 
     14.74000000 -0.233077533411029E+005  0.296197844389353E+002 
     14.76000000 -0.233077533409118E+005  0.296197846300936E+002 
     14.78000000 -0.233077533407211E+005  0.296197848207600E+002 
     14.80000000 -0.233077533405316E+005  0.296197850102755E+002 
     14.82000000 -0.233077533403437E+005  0.296197851981546E+002 
     14.84000000 -0.233077533401578E+005  0.296197853840383E+002 
     14.86000000 -0.233077533399740E+005  0.296197855678246E+002 
     14.88000000 -0.233077533397923E+005  0.296197857495598E+002 
     14.90000000 -0.233077533396123E+005  0.296197859295225E+002 
     14.92000000 -0.233077533394338E+005  0.296197861080682E+002 
     14.94000000 -0.233077533392562E+005  0.296197862856952E+002 
     14.96000000 -0.233077533390790E+005  0.296197864628736E+002 
     14.98000000 -0.233077533389017E+005  0.296197866401417E+002 
     15.00000000 -0.233077533387239E+005  0.296197868179605E+002 
     15.02000000 -0.233077533385451E+005  0.296197869967228E+002 
     15.04000000 -0.233077533383651E+005  0.296197871767132E+002 
     15.06000000 -0.233077533381837E+005  0.296197873581546E+002 
     15.08000000 -0.233077533380006E+005  0.296197875412108E+002 
     15.10000000 -0.233077533378160E+005  0.296197877258694E+002 
     15.12000000 -0.233077533376298E+005  0.296197879120873E+002 
     15.14000000 -0.233077533374422E+005  0.296197880996910E+002 
     15.16000000 -0.233077533372535E+005  0.296197882884084E+002 
     15.18000000 -0.233077533370640E+005  0.296197884778900E+002 
     15.20000000 -0.233077533368741E+005  0.296197886677304E+002 
     15.22000000 -0.233077533366845E+005  0.296197888573790E+002 
     15.24000000 -0.233077533364955E+005  0.296197890463532E+002 
     15.26000000 -0.233077533363077E+005  0.296197892341982E+002 
     15.28000000 -0.233077533361213E+005  0.296197894205274E+002 
     15.30000000 -0.233077533359367E+005  0.296197896051830E+002 
     15.32000000 -0.233077533357537E+005  0.296197897881804E+002 
     15.34000000 -0.233077533355721E+005  0.296197899697981E+002 
     15.36000000 -0.233077533353913E+005  0.296197901505434E+002 
     15.38000000 -0.233077533352107E+005  0.296197903311340E+002 
     15.40000000 -0.233077533350296E+005  0.296197905122815E+002 
     15.42000000 -0.233077533348471E+005  0.296197906948025E+002 
     15.44000000 -0.233077533346626E+005  0.296197908792539E+002 
     15.46000000 -0.233077533344758E+005  0.296197910660811E+002 
     15.48000000 -0.233077533342866E+005  0.296197912552873E+002 
     15.50000000 -0.233077533340952E+005  0.296197914466714E+002 
     15.52000000 -0.233077533339022E+005  0.296197916396673E+002 
     15.54000000 -0.233077533337083E+005  0.296197918335881E+002 
     15.56000000 -0.233077533335143E+005  0.296197920275492E+002 
     15.58000000 -0.233077533333211E+005  0.296197922207770E+002 
     15.60000000 -0.233077533331293E+005  0.296197924125819E+002 
     15.62000000 -0.233077533329393E+005  0.296197926025336E+002 
     15.64000000 -0.233077533327514E+005  0.296197927904405E+002 
     15.66000000 -0.233077533325655E+005  0.296197929764016E+002 
     15.68000000 -0.233077533323812E+005  0.296197931606488E+002 
     15.70000000 -0.233077533321982E+005  0.296197933436586E+002 
     15.72000000 -0.233077533320161E+005  0.296197935257898E+002 
     15.74000000 -0.233077533318344E+005  0.296197937074446E+002 
     15.76000000 -0.233077533316530E+005  0.296197938888396E+002 
     15.78000000 -0.233077533314718E+005  0.296197940700551E+002 
     15.80000000 -0.233077533312908E+005  0.296197942510107E+002 
     15.82000000 -0.233077533311104E+005  0.296197944314962E+002 
     15.84000000 -0.233077533309306E+005  0.296197946112701E+002 
     15.86000000 -0.233077533307518E+005  0.296197947900602E+002 
     15.88000000 -0.233077533305741E+005  0.296197949677491E+002 
     15.90000000 -0.233077533303976E+005  0.296197951442561E+002 
     15.92000000 -0.233077533302221E+005  0.296197953197114E+002 
     15.94000000 -0.233077533300476E+005  0.296197954943067E+002 
     15.96000000 -0.233077533298735E+005  0.296197956683760E+002 
     15.98000000 -0.233077533296996E+005  0.296197958423031E+002 
     16.00000000 -0.233077533295254E+005  0.296197960165086E+002 
     16.02000000 -0.233077533293504E+005  0.296197961914627E+002 
     16.04000000 -0.233077533291743E+005  0.296197963675243E+002 
     16.06000000 -0.233077533289968E+005  0.296197965450584E+002 
     16.08000000 -0.233077533288175E+005  0.296197967243250E+002 
     16.10000000 -0.233077533286364E+005  0.296197969054539E+002 
     16.12000000 -0.233077533284534E+005  0.296197970884327E+002 
     16.14000000 -0.233077533282687E+005  0.296197972731254E+002 
     16.16000000 -0.233077533280827E+005  0.296197974592071E+002 
     16.18000000 -0.233077533278957E+005  0.296197976462046E+002 
     16.20000000 -0.233077533277082E+005  0.296197978336258E+002 
     16.22000000 -0.233077533275210E+005  0.296197980208861E+002 
     16.24000000 -0.233077533273345E+005  0.296197982073546E+002 
     16.26000000 -0.233077533271493E+005  0.296197983926041E+002 
     16.28000000 -0.233077533269656E+005  0.296197985762759E+002 
     16.30000000 -0.233077533267836E+005  0.296197987582277E+002 
     16.32000000 -0.233077533266033E+005  0.296197989385584E+002 
     16.34000000 -0.233077533264242E+005  0.296197991176146E+002 
     16.36000000 -0.233077533262459E+005  0.296197992959346E+002 
     16.38000000 -0.233077533260677E+005  0.296197994741864E+002 
     16.40000000 -0.233077533258887E+005  0.296197996531251E+002 
     16.42000000 -0.233077533257084E+005  0.296197998334806E+002 
     16.44000000 -0.233077533255260E+005  0.296198000158593E+002 
     16.46000000 -0.233077533253412E+005  0.296198002007004E+002 
     16.48000000 -0.233077533251537E+005  0.296198003881959E+002 
     16.50000000 -0.233077533249635E+005  0.296198005783178E+002 
     16.52000000 -0.233077533247711E+005  0.296198007707352E+002 
     16.54000000 -0.233077533245769E+005  0.296198009649870E+002 
     16.56000000 -0.233077533243815E+005  0.296198011604021E+002 
     16.58000000 -0.233077533241856E+005  0.296198013562533E+002 
     16.60000000 -0.233077533239900E+005  0.296198015518725E+002 
     16.62000000 -0.233077533237952E+005  0.296198017466255E+002 
     16.64000000 -0.233077533236019E+005  0.296198019399864E+002 
     16.66000000 -0.233077533234102E+005  0.296198021316489E+002 
     16.68000000 -0.233077533232205E+005  0.296198023214027E+002 
     16.70000000 -0.233077533230327E+005  0.296198025091673E+002 
     16.72000000 -0.233077533228469E+005  0.296198026949644E+002 
     16.74000000 -0.233077533226630E+005  0.296198028788528E+002 
     16.76000000 -0.233077533224810E+005  0.296198030608819E+002 
     16.78000000 -0.233077533223008E+005  0.296198032410611E+002 
     16.80000000 -0.233077533221224E+005  0.296198034194491E+002 
     16.82000000 -0.233077533219458E+005  0.296198035960242E+002 
     16.84000000 -0.233077533217710E+005  0.296198037708731E+002 
     16.86000000 -0.233077533215978E+005  0.296198039440763E+002 
     16.88000000 -0.233077533214260E+005  0.296198041158811E+002 
     16.90000000 -0.233077533212552E+005  0.296198042866218E+002 
     16.92000000 -0.233077533210851E+005  0.296198044567314E+002 
     16.94000000 -0.233077533209151E+005  0.296198046267791E+002 
     16.96000000 -0.233077533207445E+005  0.296198047973960E+002 
     16.98000000 -0.233077533205727E+005  0.296198049691947E+002 
     17.00000000 -0.233077533203991E+005  0.296198051427876E+002 
     17.02000000 -0.233077533202232E+005  0.296198053186203E+002 
     17.04000000 -0.233077533200448E+005  0.296198054970516E+002 
     17.06000000 -0.233077533198636E+005  0.296198056782362E+002 
     17.08000000 -0.233077533196798E+005  0.296198058621091E+002 
     17.10000000 -0.233077533194934E+005  0.296198060485001E+002 
     17.12000000 -0.233077533193048E+005  0.296198062370969E+002 
     17.14000000 -0.233077533191143E+005  0.296198064275251E+002 
     17.16000000 -0.233077533189225E+005  0.296198066193547E+002 
     17.18000000 -0.233077533187296E+005  0.296198068122423E+002 
     17.20000000 -0.233077533185361E+005  0.296198070057919E+002 
     17.22000000 -0.233077533183421E+005  0.296198071997189E+002 
     17.24000000 -0.233077533181481E+005  0.296198073937109E+002 
     17.26000000 -0.233077533179543E+005  0.296198075875389E+002 
     17.28000000 -0.233077533177609E+005  0.296198077809338E+002 
     17.30000000 -0.233077533175681E+005  0.296198079737286E+002 
     17.32000000 -0.233077533173761E+005  0.296198081657376E+002 
     17.34000000 -0.233077533171849E+005  0.296198083569453E+002 
     17.36000000 -0.233077533169945E+005  0.296198085473612E+002 
     17.38000000 -0.233077533168047E+005  0.296198087371737E+002 
     17.40000000 -0.233077533166152E+005  0.296198089266181E+002 
     17.42000000 -0.233077533164259E+005  0.296198091159698E+002 
     17.44000000 -0.233077533162364E+005  0.296198093054761E+002 
     17.46000000 -0.233077533160465E+005  0.296198094953319E+002 
     17.48000000 -0.233077533158563E+005  0.296198096855188E+002 
     17.50000000 -0.233077533156659E+005  0.296198098759470E+002 
     17.52000000 -0.233077533154755E+005  0.296198100663164E+002 
     17.54000000 -0.233077533152856E+005  0.296198102562558E+002 
     17.56000000 -0.233077533150966E+005  0.296198104452950E+002 
     17.58000000 -0.233077533149088E+005  0.296198106330751E+002 
     17.60000000 -0.233077533147226E+005  0.296198108192094E+002 
     17.62000000 -0.233077533145383E+005  0.296198110035370E+002 
     17.64000000 -0.233077533143559E+005  0.296198111859961E+002 
     17.66000000 -0.233077533141752E+005  0.296198113666827E+002 
     17.68000000 -0.233077533139960E+005  0.296198115458409E+002 
     17.70000000 -0.233077533138180E+005  0.296198117238268E+002 
     17.72000000 -0.233077533136408E+005  0.296198119010639E+002 
     17.74000000 -0.233077533134638E+005  0.296198120780196E+002 
     17.76000000 -0.233077533132868E+005  0.296198122551021E+002 
     17.78000000 -0.233077533131092E+005  0.296198124326826E+002 
     17.80000000 -0.233077533129308E+005  0.296198126110830E+002 
     17.82000000 -0.233077533127514E+005  0.296198127904486E+002 
     17.84000000 -0.233077533125710E+005  0.296198129708783E+002 
     17.86000000 -0.233077533123896E+005  0.296198131522918E+002 
     17.88000000 -0.233077533122072E+005  0.296198133346334E+002 
     17.90000000 -0.233077533120242E+005  0.296198135176896E+002 
     17.92000000 -0.233077533118405E+005  0.296198137013274E+002 
     17.94000000 -0.233077533116566E+005  0.296198138852962E+002 
     17.96000000 -0.233077533114725E+005  0.296198140694073E+002 
     17.98000000 -0.233077533112884E+005  0.296198142534689E+002 
     18.00000000 -0.233077533111046E+005  0.296198144372768E+002 
     18.02000000 -0.233077533109212E+005  0.296198146206795E+002 
     18.04000000 -0.233077533107383E+005  0.296198148035315E+002 
     18.06000000 -0.233077533105561E+005  0.296198149857369E+002 
     18.08000000 -0.233077533103746E+005  0.296198151672618E+002 
     18.10000000 -0.233077533101937E+005  0.296198153481463E+002 
     18.12000000 -0.233077533100134E+005  0.296198155284554E+002 
     18.14000000 -0.233077533098335E+005  0.296198157083933E+002 
     18.16000000 -0.233077533096538E+005  0.296198158880527E+002 
     18.18000000 -0.233077533094742E+005  0.296198160676905E+002 
     18.20000000 -0.233077533092944E+005  0.296198162474582E+002 
     18.22000000 -0.233077533091143E+005  0.296198164275662E+002 
     18.24000000 -0.233077533089337E+005  0.296198166081414E+002 
     18.26000000 -0.233077533087526E+005  0.296198167893105E+002 
     18.28000000 -0.233077533085707E+005  0.296198169711385E+002 
     18.30000000 -0.233077533083883E+005  0.296198171536100E+002 
     18.32000000 -0.233077533082052E+005  0.296198173366631E+002 
     18.34000000 -0.233077533080217E+005  0.296198175201772E+002 
     18.36000000 -0.233077533078380E+005  0.296198177039078E+002 
     18.38000000 -0.233077533076541E+005  0.296198178877312E+002 
     18.40000000 -0.233077533074705E+005  0.296198180713937E+002 
     18.42000000 -0.233077533072871E+005  0.296198182547871E+002 
     18.44000000 -0.233077533071040E+005  0.296198184378680E+002 
     18.46000000 -0.233077533069212E+005  0.296198186206149E+002 
     18.48000000 -0.233077533067386E+005  0.296198188032132E+002 
     18.50000000 -0.233077533065560E+005  0.296198189858208E+002 
     18.52000000 -0.233077533063733E+005  0.296198191685429E+002 
     18.54000000 -0.233077533061904E+005  0.296198193514785E+002 
     18.56000000 -0.233077533060072E+005  0.296198195346460E+002 
     18.58000000 -0.233077533058239E+005  0.296198197179249E+002 
     18.60000000 -0.233077533056407E+005  0.296198199011729E+002 
     18.62000000 -0.233077533054577E+005  0.296198200841673E+002 
     18.64000000 -0.233077533052751E+005  0.296198202667873E+002 
     18.66000000 -0.233077533050929E+005  0.296198204489246E+002 
     18.68000000 -0.233077533049113E+005  0.296198206305980E+002 
     18.70000000 -0.233077533047300E+005  0.296198208119063E+002 
     18.72000000 -0.233077533045489E+005  0.296198209930074E+002 
     18.74000000 -0.233077533043678E+005  0.296198211740775E+002 
     18.76000000 -0.233077533041866E+005  0.296198213552590E+002 
     18.78000000 -0.233077533040052E+005  0.296198215366570E+002 
     18.80000000 -0.233077533038236E+005  0.296198217182778E+002 
     18.82000000 -0.233077533036418E+005  0.296198219000656E+002 
     18.84000000 -0.233077533034599E+005  0.296198220819617E+002 
     18.86000000 -0.233077533032780E+005  0.296198222638702E+002 
     18.88000000 -0.233077533030962E+005  0.296198224457075E+002 
     18.90000000 -0.233077533029144E+005  0.296198226274273E+002 
     18.92000000 -0.233077533027329E+005  0.296198228089460E+002 
     18.94000000 -0.233077533025516E+005  0.296198229902605E+002 
     18.96000000 -0.233077533023706E+005  0.296198231713027E+002 
     18.98000000 -0.233077533021898E+005  0.296198233520357E+002 
     19.00000000 -0.233077533020095E+005  0.296198235324066E+002 
     19.02000000 -0.233077533018294E+005  0.296198237124187E+002 
     19.04000000 -0.233077533016498E+005  0.296198238920689E+002 
     19.06000000 -0.233077533014704E+005  0.296198240714345E+002 
     19.08000000 -0.233077533012912E+005  0.296198242506453E+002 
     19.10000000 -0.233077533011120E+005  0.296198244298655E+002 
     19.12000000 -0.233077533009325E+005  0.296198246093703E+002 
     19.14000000 -0.233077533007525E+005  0.296198247893452E+002 
     19.16000000 -0.233077533005718E+005  0.296198249700751E+002 
     19.18000000 -0.233077533003901E+005  0.296198251517175E+002 
     19.20000000 -0.233077533002074E+005  0.296198253344334E+002 
     19.22000000 -0.233077533000236E+005  0.296198255182506E+002 
     19.24000000 -0.233077532998387E+005  0.296198257032032E+002 
     19.26000000 -0.233077532996527E+005  0.296198258891704E+002 
     19.28000000 -0.233077532994659E+005  0.296198260759482E+002 
     19.30000000 -0.233077532992785E+005  0.296198262633168E+002 
     19.32000000 -0.233077532990909E+005  0.296198264509948E+002 
     19.34000000 -0.233077532989032E+005  0.296198266387006E+002 
     19.36000000 -0.233077532987157E+005  0.296198268261466E+002 
     19.38000000 -0.233077532985288E+005  0.296198270130605E+002 
     19.40000000 -0.233077532983426E+005  0.296198271992629E+002 
     19.42000000 -0.233077532981572E+005  0.296198273846207E+002 
     19.44000000 -0.233077532979727E+005  0.296198275691370E+002 
     19.46000000 -0.233077532977890E+005  0.296198277528769E+002 
     19.48000000 -0.233077532976058E+005  0.296198279360228E+002 
     19.50000000 -0.233077532974230E+005  0.296198281188222E+002 
     19.52000000 -0.233077532972403E+005  0.296198283015907E+002 
     19.54000000 -0.233077532970572E+005  0.296198284846809E+002 
     19.56000000 -0.233077532968735E+005  0.296198286683899E+002 
     19.58000000 -0.233077532966889E+005  0.296198288529526E+002 
     19.60000000 -0.233077532965033E+005  0.296198290385858E+002 
     19.62000000 -0.233077532963165E+005  0.296198292253697E+002 
     19.64000000 -0.233077532961286E+005  0.296198294132674E+002 
     19.66000000 -0.233077532959396E+005  0.296198296022416E+002 
     19.68000000 -0.233077532957497E+005  0.296198297921964E+002 
     19.70000000 -0.233077532955588E+005  0.296198299830453E+002 
     19.72000000 -0.233077532953672E+005  0.296198301746893E+002 
     19.74000000 -0.233077532951747E+005  0.296198303671221E+002 
     19.76000000 -0.233077532949816E+005  0.296198305602912E+002 
     19.78000000 -0.233077532947877E+005  0.296198307541780E+002 
     19.80000000 -0.233077532945931E+005  0.296198309487145E+002 
     19.82000000 -0.233077532943981E+005  0.296198311437706E+002 
     19.84000000 -0.233077532942027E+005  0.296198313391640E+002 
     19.86000000 -0.233077532940072E+005  0.296198315346997E+002 
     19.88000000 -0.233077532938117E+005  0.296198317302075E+002 
     19.90000000 -0.233077532936164E+005  0.296198319254710E+002 
     19.92000000 -0.233077532934215E+005  0.296198321203941E+002 
     19.94000000 -0.233077532932269E+005  0.296198323149368E+002 
     19.96000000 -0.233077532930327E+005  0.296198325091824E+002 
     19.98000000 -0.233077532928387E+005  0.296198327032053E+002 
     20.00000000 -0.233077532926447E+005  0.296198328971849E+002 
     20.02000000 -0.233077532924506E+005  0.296198330912388E+002 
     20.04000000 -0.233077532922564E+005  0.296198332854968E+002 
     20.06000000 -0.233077532920619E+005  0.296198334799590E+002 
     20.08000000 -0.233077532918673E+005  0.296198336745945E+002 
     20.10000000 -0.233077532916726E+005  0.296198338692640E+002 
     20.12000000 -0.233077532914781E+005  0.296198340638004E+002 
     20.14000000 -0.233077532912838E+005  0.296198342580430E+002 
     20.16000000 -0.233077532910900E+005  0.296198344518803E+002 
     20.18000000 -0.233077532908967E+005  0.296198346451917E+002 
     20.20000000 -0.233077532907039E+005  0.296198348379896E+002 
     20.22000000 -0.233077532905115E+005  0.296198350303636E+002 
     20.24000000 -0.233077532903194E+005  0.296198352224221E+002 
     20.26000000 -0.233077532901275E+005  0.296198354143290E+002 
     20.28000000 -0.233077532899357E+005  0.296198356061648E+002 
     20.30000000 -0.233077532897439E+005  0.296198357979758E+002 
     20.32000000 -0.233077532895521E+005  0.296198359897218E+002 
     20.34000000 -0.233077532893606E+005  0.296198361812854E+002 
     20.36000000 -0.233077532891694E+005  0.296198363725024E+002 
     20.38000000 -0.233077532889787E+005  0.296198365631286E+002 
     20.40000000 -0.233077532887888E+005  0.296198367530247E+002 
     20.42000000 -0.233077532885998E+005  0.296198369420112E+002 
     20.44000000 -0.233077532884118E+005  0.296198371300821E+002 
     20.46000000 -0.233077532882246E+005  0.296198373172559E+002 
     20.48000000 -0.233077532880381E+005  0.296198375037274E+002 
     20.50000000 -0.233077532878522E+005  0.296198376896606E+002 
     20.52000000 -0.233077532876665E+005  0.296198378753401E+002 
     20.54000000 -0.233077532874809E+005  0.296198380609887E+002 
     20.56000000 -0.233077532872950E+005  0.296198382468817E+002 
     20.58000000 -0.233077532871086E+005  0.296198384332511E+002 
     20.60000000 -0.233077532869216E+005  0.296198386202671E+002 
     20.62000000 -0.233077532867338E+005  0.296198388080565E+002 
     20.64000000 -0.233077532865452E+005  0.296198389966656E+002 
     20.66000000 -0.233077532863558E+005  0.296198391860667E+002 
     20.68000000 -0.233077532861658E+005  0.296198393760990E+002 
     20.70000000 -0.233077532859753E+005  0.296198395665209E+002 
     20.72000000 -0.233077532857848E+005  0.296198397570358E+002 
     20.74000000 -0.233077532855947E+005  0.296198399471762E+002 
     20.76000000 -0.233077532854053E+005  0.296198401365557E+002 
     20.78000000 -0.233077532852171E+005  0.296198403247318E+002 
     20.80000000 -0.233077532850305E+005  0.296198405114012E+002 
     20.82000000 -0.233077532848454E+005  0.296198406964188E+002 
     20.84000000 -0.233077532846621E+005  0.296198408797472E+002 
     20.86000000 -0.233077532844802E+005  0.296198410616711E+002 
     20.88000000 -0.233077532842993E+005  0.296198412425340E+002 
     20.90000000 -0.233077532841190E+005  0.296198414228802E+002 
     20.92000000 -0.233077532839386E+005  0.296198416032512E+002 
     20.94000000 -0.233077532837576E+005  0.296198417842408E+002 
     20.96000000 -0.233077532835756E+005  0.296198419662762E+002 
     20.98000000 -0.233077532833922E+005  0.296198421496665E+002 
     21.00000000 -0.233077532832074E+005  0.296198423344736E+002 
     21.02000000 -0.233077532830212E+005  0.296198425206203E+002 
     21.04000000 -0.233077532828341E+005  0.296198427077383E+002 
     21.06000000 -0.233077532826464E+005  0.296198428954256E+002 
     21.08000000 -0.233077532824587E+005  0.296198430831500E+002 
     21.10000000 -0.233077532822715E+005  0.296198432703361E+002 
     21.12000000 -0.233077532820855E+005  0.296198434564086E+002 
     21.14000000 -0.233077532819009E+005  0.296198436409589E+002 
     21.16000000 -0.233077532817182E+005  0.296198438236284E+002 
     21.18000000 -0.233077532815376E+005  0.296198440042747E+002 
     21.20000000 -0.233077532813590E+005  0.296198441828855E+002 
     21.22000000 -0.233077532811821E+005  0.296198443597452E+002 
     21.24000000 -0.233077532810067E+005  0.296198445351262E+002 
     21.26000000 -0.233077532808323E+005  0.296198447095637E+002 
     21.28000000 -0.233077532806582E+005  0.296198448836300E+002 
     21.30000000 -0.233077532804840E+005  0.296198450578880E+002 
     21.32000000 -0.233077532803089E+005  0.296198452329319E+002 
     21.34000000 -0.233077532801327E+005  0.296198454091420E+002 
     21.36000000 -0.233077532799550E+005  0.296198455868896E+002 
     21.38000000 -0.233077532797756E+005  0.296198457662211E+002 
     21.40000000 -0.233077532795948E+005  0.296198459471025E+002 
     21.42000000 -0.233077532794125E+005  0.296198461293142E+002 
     21.44000000 -0.233077532792293E+005  0.296198463125096E+002 
     21.46000000 -0.233077532790456E+005  0.296198464962742E+002 
     21.48000000 -0.233077532788617E+005  0.296198466801347E+002 
     21.50000000 -0.233077532786782E+005  0.296198468636921E+002 
     21.52000000 -0.233077532784953E+005  0.296198470465905E+002 
     21.54000000 -0.233077532783132E+005  0.296198472286351E+002 
     21.56000000 -0.233077532781321E+005  0.296198474097330E+002 
     21.58000000 -0.233077532779519E+005  0.296198475899834E+002 
     21.60000000 -0.233077532777722E+005  0.296198477696273E+002 
     21.62000000 -0.233077532775928E+005  0.296198479490269E+002 
     21.64000000 -0.233077532774133E+005  0.296198481285874E+002 
     21.66000000 -0.233077532772331E+005  0.296198483087449E+002 
     21.68000000 -0.233077532770519E+005  0.296198484899140E+002 
     21.70000000 -0.233077532768696E+005  0.296198486722896E+002 
     21.72000000 -0.233077532766859E+005  0.296198488559800E+002 
     21.74000000 -0.233077532765010E+005  0.296198490408521E+002 
     21.76000000 -0.233077532763152E+005  0.296198492266275E+002 
     21.78000000 -0.233077532761290E+005  0.296198494128794E+002 
     21.80000000 -0.233077532759428E+005  0.296198495990879E+002 
     21.82000000 -0.233077532757571E+005  0.296198497847768E+002 
     21.84000000 -0.233077532755723E+005  0.296198499695746E+002 
     21.86000000 -0.233077532753886E+005  0.296198501532836E+002 
     21.88000000 -0.233077532752060E+005  0.296198503358541E+002 
     21.90000000 -0.233077532750244E+005  0.296198505174903E+002 
     21.92000000 -0.233077532748434E+005  0.296198506985017E+002 
     21.94000000 -0.233077532746626E+005  0.296198508793088E+002 
     21.96000000 -0.233077532744815E+005  0.296198510603635E+002 
     21.98000000 -0.233077532742998E+005  0.296198512420709E+002 
     22.00000000 -0.233077532741172E+005  0.296198514247032E+002 
     22.02000000 -0.233077532739335E+005  0.296198516083472E+002 
     22.04000000 -0.233077532737489E+005  0.296198517929285E+002 
     22.06000000 -0.233077532735636E+005  0.296198519782461E+002 
     22.08000000 -0.233077532733780E+005  0.296198521639040E+002 
     22.10000000 -0.233077532731924E+005  0.296198523494320E+002 
     22.12000000 -0.233077532730075E+005  0.296198525343598E+002 
     22.14000000 -0.233077532728236E+005  0.296198527182605E+002 
     22.16000000 -0.233077532726410E+005  0.296198529008403E+002 
     22.18000000 -0.233077532724599E+005  0.296198530819475E+002 
     22.20000000 -0.233077532722803E+005  0.296198532616039E+002 
     22.22000000 -0.233077532721018E+005  0.296198534400290E+002 
     22.24000000 -0.233077532719243E+005  0.296198536175136E+002 
     22.26000000 -0.233077532717474E+005  0.296198537944724E+002 
     22.28000000 -0.233077532715706E+005  0.296198539713074E+002 
     22.30000000 -0.233077532713935E+005  0.296198541483559E+002 
     22.32000000 -0.233077532712159E+005  0.296198543259179E+002 
     22.34000000 -0.233077532710378E+005  0.296198545040893E+002 
     22.36000000 -0.233077532708590E+005  0.296198546828485E+002 
     22.38000000 -0.233077532706797E+005  0.296198548621305E+002 
     22.40000000 -0.233077532705001E+005  0.296198550417405E+002 
     22.42000000 -0.233077532703203E+005  0.296198552215268E+002 
     22.44000000 -0.233077532701406E+005  0.296198554012945E+002 
     22.46000000 -0.233077532699609E+005  0.296198555809942E+002 
     22.48000000 -0.233077532697813E+005  0.296198557605701E+002 
     22.50000000 -0.233077532696017E+005  0.296198559401460E+002 
     22.52000000 -0.233077532694220E+005  0.296198561198952E+002 
     22.54000000 -0.233077532692418E+005  0.296198563000558E+002 
     22.56000000 -0.233077532690609E+005  0.296198564809341E+002 
     22.58000000 -0.233077532688791E+005  0.296198566627930E+002 
     22.60000000 -0.233077532686960E+005  0.296198568458987E+002 
     22.62000000 -0.233077532685115E+005  0.296198570303903E+002 
     22.64000000 -0.233077532683256E+005  0.296198572162710E+002 
     22.66000000 -0.233077532681384E+005  0.296198574034664E+002 
     22.68000000 -0.233077532679502E+005  0.296198575917012E+002 
     22.70000000 -0.233077532677612E+005  0.296198577807032E+002 
     22.72000000 -0.233077532675718E+005  0.296198579700518E+002 
     22.74000000 -0.233077532673825E+005  0.296198581593601E+002 
     22.76000000 -0.233077532671936E+005  0.296198583482848E+002 
     22.78000000 -0.233077532670053E+005  0.296198585365908E+002 
     22.80000000 -0.233077532668178E+005  0.296198587240893E+002 
     22.82000000 -0.233077532666311E+005  0.296198589107403E+002 
     22.84000000 -0.233077532664453E+005  0.296198590965714E+002 
     22.86000000 -0.233077532662603E+005  0.296198592815982E+002 
     22.88000000 -0.233077532660759E+005  0.296198594659815E+002 
     22.90000000 -0.233077532658921E+005  0.296198596497988E+002 
     22.92000000 -0.233077532657087E+005  0.296198598331705E+002 
     22.94000000 -0.233077532655256E+005  0.296198600162267E+002 
     22.96000000 -0.233077532653427E+005  0.296198601991529E+002 
     22.98000000 -0.233077532651597E+005  0.296198603821565E+002 
     23.00000000 -0.233077532649764E+005  0.296198605654633E+002 
     23.02000000 -0.233077532647925E+005  0.296198607493579E+002 
     23.04000000 -0.233077532646078E+005  0.296198609340444E+002 
     23.06000000 -0.233077532644221E+005  0.296198611197146E+002 
     23.08000000 -0.233077532642355E+005  0.296198613063903E+002 
     23.10000000 -0.233077532640479E+005  0.296198614939291E+002 
     23.12000000 -0.233077532638598E+005  0.296198616820216E+002 
     23.14000000 -0.233077532636716E+005  0.296198618702472E+002 
     23.16000000 -0.233077532634838E+005  0.296198620580922E+002 
     23.18000000 -0.233077532632968E+005  0.296198622450649E+002 
     23.20000000 -0.233077532631111E+005  0.296198624307352E+002 
     23.22000000 -0.233077532629270E+005  0.296198626148524E+002 
     23.24000000 -0.233077532627445E+005  0.296198627973209E+002 
     23.26000000 -0.233077532625635E+005  0.296198629783198E+002 
     23.28000000 -0.233077532623838E+005  0.296198631580721E+002 
     23.30000000 -0.233077532622049E+005  0.296198633369210E+002 
     23.32000000 -0.233077532620267E+005  0.296198635151883E+002 
     23.34000000 -0.233077532618486E+005  0.296198636932175E+002 
     23.36000000 -0.233077532616707E+005  0.296198638711909E+002 
     23.38000000 -0.233077532614927E+005  0.296198640491984E+002 
     23.40000000 -0.233077532613146E+005  0.296198642272863E+002 
     23.42000000 -0.233077532611364E+005  0.296198644054175E+002 
     23.44000000 -0.233077532609583E+005  0.296198645835611E+002 
     23.46000000 -0.233077532607801E+005  0.296198647617140E+002 
     23.48000000 -0.233077532606020E+005  0.296198649398978E+002 
     23.50000000 -0.233077532604236E+005  0.296198651182363E+002 
     23.52000000 -0.233077532602451E+005  0.296198652967789E+002 
     23.54000000 -0.233077532600662E+005  0.296198654756804E+002 
     23.56000000 -0.233077532598869E+005  0.296198656549532E+002 
     23.58000000 -0.233077532597072E+005  0.296198658346467E+002 
     23.60000000 -0.233077532595272E+005  0.296198660146557E+002 
     23.62000000 -0.233077532593470E+005  0.296198661948720E+002 
     23.64000000 -0.233077532591667E+005  0.296198663751409E+002 
     23.66000000 -0.233077532589866E+005  0.296198665552334E+002 
     23.68000000 -0.233077532588068E+005  0.296198667350351E+002 
     23.70000000 -0.233077532586274E+005  0.296198669144626E+002 
     23.72000000 -0.233077532584484E+005  0.296198670934662E+002 
     23.74000000 -0.233077532582698E+005  0.296198672720955E+002 
     23.76000000 -0.233077532580914E+005  0.296198674504340E+002 
     23.78000000 -0.233077532579133E+005  0.296198676285992E+002 
     23.80000000 -0.233077532577351E+005  0.296198678067273E+002 
     23.82000000 -0.233077532575569E+005  0.296198679849390E+002 
     23.84000000 -0.233077532573785E+005  0.296198681633362E+002 
     23.86000000 -0.233077532571999E+005  0.296198683419655E+002 
     23.88000000 -0.233077532570210E+005  0.296198685208547E+002 
     23.90000000 -0.233077532568419E+005  0.296198687000099E+002 
     23.92000000 -0.233077532566624E+005  0.296198688794156E+002 
     23.94000000 -0.233077532564829E+005  0.296198690589946E+002 
     23.96000000 -0.233077532563032E+005  0.296198692386510E+002 
     23.98000000 -0.233077532561236E+005  0.296198694182145E+002 
     24.00000000 -0.233077532559444E+005  0.296198695974625E+002 
     24.02000000 -0.233077532557658E+005  0.296198697760980E+002 
     24.04000000 -0.233077532555880E+005  0.296198699538982E+002 
     24.06000000 -0.233077532554114E+005  0.296198701304765E+002 
     24.08000000 -0.233077532552362E+005  0.296198703056966E+002 
     24.10000000 -0.233077532550624E+005  0.296198704794597E+002 
     24.12000000 -0.233077532548901E+005  0.296198706517905E+002 
     24.14000000 -0.233077532547190E+005  0.296198708228869E+002 
     24.16000000 -0.233077532545488E+005  0.296198709930676E+002 
     24.18000000 -0.233077532543790E+005  0.296198711628245E+002 
     24.20000000 -0.233077532542093E+005  0.296198713325783E+002 
     24.22000000 -0.233077532540390E+005  0.296198715028364E+002 
     24.24000000 -0.233077532538678E+005  0.296198716740659E+002 
     24.26000000 -0.233077532536952E+005  0.296198718466503E+002 
     24.28000000 -0.233077532535210E+005  0.296198720208217E+002 
     24.30000000 -0.233077532533451E+005  0.296198721967874E+002 
     24.32000000 -0.233077532531673E+005  0.296198723745969E+002 
     24.34000000 -0.233077532529876E+005  0.296198725542811E+002 
     24.36000000 -0.233077532528061E+005  0.296198727358029E+002 
     24.38000000 -0.233077532526228E+005  0.296198729190231E+002 
     24.40000000 -0.233077532524381E+005  0.296198731037776E+002 
     24.42000000 -0.233077532522521E+005  0.296198732897418E+002 
     24.44000000 -0.233077532520653E+005  0.296198734765598E+002 
     24.46000000 -0.233077532518781E+005  0.296198736637397E+002 
     24.48000000 -0.233077532516912E+005  0.296198738506907E+002 
     24.50000000 -0.233077532515050E+005  0.296198740368621E+002 
     24.52000000 -0.233077532513203E+005  0.296198742215888E+002 
     24.54000000 -0.233077532511374E+005  0.296198744044161E+002 
     24.56000000 -0.233077532509569E+005  0.296198745849510E+002 
     24.58000000 -0.233077532507788E+005  0.296198747630606E+002 
     24.60000000 -0.233077532506031E+005  0.296198749387664E+002 
     24.62000000 -0.233077532504294E+005  0.296198751124491E+002 
     24.64000000 -0.233077532502573E+005  0.296198752845602E+002 
     24.66000000 -0.233077532500861E+005  0.296198754557835E+002 
     24.68000000 -0.233077532499150E+005  0.296198756268706E+002 
     24.70000000 -0.233077532497433E+005  0.296198757985579E+002 
     24.72000000 -0.233077532495703E+005  0.296198759715538E+002 
     24.74000000 -0.233077532493954E+005  0.296198761464213E+002 
     24.76000000 -0.233077532492183E+005  0.296198763236090E+002 
     24.78000000 -0.233077532490385E+005  0.296198765033643E+002 
     24.80000000 -0.233077532488561E+005  0.296198766857801E+002 
     24.82000000 -0.233077532486711E+005  0.296198768707884E+002 
     24.84000000 -0.233077532484837E+005  0.296198770581230E+002 
     24.86000000 -0.233077532482945E+005  0.296198772474065E+002 
     24.88000000 -0.233077532481037E+005  0.296198774381565E+002 
     24.90000000 -0.233077532479121E+005  0.296198776297602E+002 
     24.92000000 -0.233077532477202E+005  0.296198778216238E+002 
     24.94000000 -0.233077532475287E+005  0.296198780131131E+002 
     24.96000000 -0.233077532473382E+005  0.296198782036805E+002 
     24.98000000 -0.233077532471490E+005  0.296198783928403E+002 
     25.00000000 -0.233077532469616E+005  0.296198785803048E+002 
     25.02000000 -0.233077532467760E+005  0.296198787659070E+002 
     25.04000000 -0.233077532465922E+005  0.296198789497026E+002 
     25.06000000 -0.233077532464100E+005  0.296198791318771E+002 
     25.08000000 -0.233077532462292E+005  0.296198793126843E+002 
     25.10000000 -0.233077532460494E+005  0.296198794924767E+002 
     25.12000000 -0.233077532458703E+005  0.296198796715515E+002 
     25.14000000 -0.233077532456917E+005  0.296198798501901E+002 
     25.16000000 -0.233077532455133E+005  0.296198800285966E+002 
     25.18000000 -0.233077532453350E+005  0.296198802068763E+002 
     25.20000000 -0.233077532451567E+005  0.296198803851158E+002 
     25.22000000 -0.233077532449785E+005  0.296198805633615E+002 
     25.24000000 -0.233077532448002E+005  0.296198807416443E+002 
     25.26000000 -0.233077532446218E+005  0.296198809200447E+002 
     25.28000000 -0.233077532444431E+005  0.296198810987575E+002 
     25.30000000 -0.233077532442639E+005  0.296198812779467E+002 
     25.32000000 -0.233077532440840E+005  0.296198814578258E+002 
     25.34000000 -0.233077532439031E+005  0.296198816387381E+002 
     25.36000000 -0.233077532437210E+005  0.296198818208879E+002 
     25.38000000 -0.233077532435373E+005  0.296198820045226E+002 
     25.40000000 -0.233077532433521E+005  0.296198821897288E+002 
     25.42000000 -0.233077532431654E+005  0.296198823764849E+002 
     25.44000000 -0.233077532429773E+005  0.296198825646022E+002 
     25.46000000 -0.233077532427881E+005  0.296198827537435E+002 
     25.48000000 -0.233077532425985E+005  0.296198829433704E+002 
     25.50000000 -0.233077532424089E+005  0.296198831329602E+002 
     25.52000000 -0.233077532422199E+005  0.296198833219375E+002 
     25.54000000 -0.233077532420321E+005  0.296198835097950E+002 
     25.56000000 -0.233077532418456E+005  0.296198836962695E+002 
     25.58000000 -0.233077532416606E+005  0.296198838812159E+002 
     25.60000000 -0.233077532414771E+005  0.296198840647454E+002 
     25.62000000 -0.233077532412947E+005  0.296198842471612E+002 
     25.64000000 -0.233077532411130E+005  0.296198844289089E+002 
     25.66000000 -0.233077532409314E+005  0.296198846104585E+002 
     25.68000000 -0.233077532407496E+005  0.296198847922432E+002 
     25.70000000 -0.233077532405672E+005  0.296198849746281E+002 
     25.72000000 -0.233077532403841E+005  0.296198851577802E+002 
     25.74000000 -0.233077532402002E+005  0.296198853416995E+002 
     25.76000000 -0.233077532400156E+005  0.296198855262746E+002 
     25.78000000 -0.233077532398307E+005  0.296198857111900E+002 
     25.80000000 -0.233077532396457E+005  0.296198858961550E+002 
     25.82000000 -0.233077532394611E+005  0.296198860807487E+002 
     25.84000000 -0.233077532392771E+005  0.296198862647360E+002 
     25.86000000 -0.233077532390940E+005  0.296198864478696E+002 
     25.88000000 -0.233077532389117E+005  0.296198866301307E+002 
     25.90000000 -0.233077532387302E+005  0.296198868116463E+002 
     25.92000000 -0.233077532385492E+005  0.296198869927071E+002 
     25.94000000 -0.233077532383681E+005  0.296198871737154E+002 
     25.96000000 -0.233077532381867E+005  0.296198873551412E+002 
     25.98000000 -0.233077532380043E+005  0.296198875375199E+002 
     26.00000000 -0.233077532378205E+005  0.296198877213248E+002 
     26.02000000 -0.233077532376350E+005  0.296198879068373E+002 
     26.04000000 -0.233077532374476E+005  0.296198880942554E+002 
     26.06000000 -0.233077532372584E+005  0.296198882834616E+002 
     26.08000000 -0.233077532370678E+005  0.296198884740847E+002 
     26.10000000 -0.233077532368763E+005  0.296198886655492E+002 
     26.12000000 -0.233077532366847E+005  0.296198888571313E+002 
     26.14000000 -0.233077532364939E+005  0.296198890480019E+002 
     26.16000000 -0.233077532363045E+005  0.296198892374030E+002 
     26.18000000 -0.233077532361171E+005  0.296198894247809E+002 
     26.20000000 -0.233077532359321E+005  0.296198896098046E+002 
     26.22000000 -0.233077532357493E+005  0.296198897925143E+002 
     26.24000000 -0.233077532355686E+005  0.296198899732101E+002 
     26.26000000 -0.233077532353893E+005  0.296198901525231E+002 
     26.28000000 -0.233077532352107E+005  0.296198903311802E+002 
     26.30000000 -0.233077532350318E+005  0.296198905100199E+002 
     26.32000000 -0.233077532348521E+005  0.296198906897690E+002 
     26.34000000 -0.233077532346708E+005  0.296198908710588E+002 
     26.36000000 -0.233077532344875E+005  0.296198910543717E+002 
     26.38000000 -0.233077532343018E+005  0.296198912400358E+002 
     26.40000000 -0.233077532341137E+005  0.296198914281717E+002 
     26.42000000 -0.233077532339230E+005  0.296198916188814E+002 
     26.44000000 -0.233077532337297E+005  0.296198918121556E+002 
     26.46000000 -0.233077532335339E+005  0.296198920079357E+002 
     26.48000000 -0.233077532333357E+005  0.296198922061381E+002 
     26.50000000 -0.233077532331353E+005  0.296198924065616E+002 
     26.52000000 -0.233077532329330E+005  0.296198926088413E+002 
     26.54000000 -0.233077532327293E+005  0.296198928125780E+002 
     26.56000000 -0.233077532325247E+005  0.296198930171315E+002 
     26.58000000 -0.233077532323201E+005  0.296198932218118E+002 
     26.60000000 -0.233077532321160E+005  0.296198934258888E+002 
     26.62000000 -0.233077532319132E+005  0.296198936286603E+002 
     26.64000000 -0.233077532317123E+005  0.296198938295386E+002 
     26.66000000 -0.233077532315137E+005  0.296198940281586E+002 
     26.68000000 -0.233077532313175E+005  0.296198942243718E+002 
     26.70000000 -0.233077532311237E+005  0.296198944182122E+002 
     26.72000000 -0.233077532309318E+005  0.296198946100263E+002 
     26.74000000 -0.233077532307417E+005  0.296198948002101E+002 
     26.76000000 -0.233077532305526E+005  0.296198949892400E+002 
     26.78000000 -0.233077532303643E+005  0.296198951776047E+002 
     26.80000000 -0.233077532301762E+005  0.296198953656911E+002 
     26.82000000 -0.233077532299881E+005  0.296198955537960E+002 
     26.84000000 -0.233077532297999E+005  0.296198957419751E+002 
     26.86000000 -0.233077532296116E+005  0.296198959302564E+002 
     26.88000000 -0.233077532294233E+005  0.296198961185562E+002 
     26.90000000 -0.233077532292351E+005  0.296198963067632E+002 
     26.92000000 -0.233077532290471E+005  0.296198964947907E+002 
     26.94000000 -0.233077532288591E+005  0.296198966827193E+002 
     26.96000000 -0.233077532286712E+005  0.296198968706572E+002 
     26.98000000 -0.233077532284830E+005  0.296198970588920E+002 
     27.00000000 -0.233077532282942E+005  0.296198972476930E+002 
     27.02000000 -0.233077532281044E+005  0.296198974374870E+002 
     27.04000000 -0.233077532279133E+005  0.296198976285122E+002 
     27.06000000 -0.233077532277208E+005  0.296198978210750E+002 
     27.08000000 -0.233077532275266E+005  0.296198980152711E+002 
     27.10000000 -0.233077532273307E+005  0.296198982111254E+002 
     27.12000000 -0.233077532271334E+005  0.296198984084523E+002 
     27.14000000 -0.233077532269349E+005  0.296198986069949E+002 
     27.16000000 -0.233077532267355E+005  0.296198988063357E+002 
     27.18000000 -0.233077532265359E+005  0.296198990059828E+002 
     27.20000000 -0.233077532263365E+005  0.296198992053328E+002 
     27.22000000 -0.233077532261380E+005  0.296198994038445E+002 
     27.24000000 -0.233077532259409E+005  0.296198996009579E+002 
     27.26000000 -0.233077532257457E+005  0.296198997961997E+002 
     27.28000000 -0.233077532255526E+005  0.296198999893100E+002 
     27.30000000 -0.233077532253617E+005  0.296199001801187E+002 
     27.32000000 -0.233077532251731E+005  0.296199003687155E+002 
     27.34000000 -0.233077532249865E+005  0.296199005553571E+002 
     27.36000000 -0.233077532248014E+005  0.296199007404737E+002 
     27.38000000 -0.233077532246173E+005  0.296199009245291E+002 
     27.40000000 -0.233077532244338E+005  0.296199011080307E+002 
     27.42000000 -0.233077532242504E+005  0.296199012914241E+002 
     27.44000000 -0.233077532240668E+005  0.296199014750186E+002 
     27.46000000 -0.233077532238829E+005  0.296199016589998E+002 
     27.48000000 -0.233077532236984E+005  0.296199018434326E+002 
     27.50000000 -0.233077532235136E+005  0.296199020282429E+002 
     27.52000000 -0.233077532233286E+005  0.296199022132851E+002 
     27.54000000 -0.233077532231434E+005  0.296199023984759E+002 
     27.56000000 -0.233077532229581E+005  0.296199025837687E+002 
     27.58000000 -0.233077532227726E+005  0.296199027692441E+002 
     27.60000000 -0.233077532225868E+005  0.296199029550845E+002 
     27.62000000 -0.233077532224003E+005  0.296199031415684E+002 
     27.64000000 -0.233077532222128E+005  0.296199033290329E+002 
     27.66000000 -0.233077532220241E+005  0.296199035177287E+002 
     27.68000000 -0.233077532218341E+005  0.296199037077609E+002 
     27.70000000 -0.233077532216428E+005  0.296199038990522E+002 
     27.72000000 -0.233077532214507E+005  0.296199040912035E+002 
     27.74000000 -0.233077532212582E+005  0.296199042836178E+002 
     27.76000000 -0.233077532210663E+005  0.296199044755618E+002 
     27.78000000 -0.233077532208756E+005  0.296199046662189E+002 
     27.80000000 -0.233077532206870E+005  0.296199048548157E+002 
     27.82000000 -0.233077532205011E+005  0.296199050408108E+002 
     27.84000000 -0.233077532203180E+005  0.296199052239072E+002 
     27.86000000 -0.233077532201378E+005  0.296199054040709E+002 
     27.88000000 -0.233077532199602E+005  0.296199055816576E+002 
     27.90000000 -0.233077532197846E+005  0.296199057572428E+002 
     27.92000000 -0.233077532196103E+005  0.296199059315411E+002 
     27.94000000 -0.233077532194365E+005  0.296199061053939E+002 
     27.96000000 -0.233077532192623E+005  0.296199062795375E+002 
     27.98000000 -0.233077532190873E+005  0.296199064545659E+002 
     28.00000000 -0.233077532189110E+005  0.296199066308131E+002 
     28.02000000 -0.233077532187334E+005  0.296199068084277E+002 
     28.04000000 -0.233077532185546E+005  0.296199069872117E+002 
     28.06000000 -0.233077532183751E+005  0.296199071667938E+002 
     28.08000000 -0.233077532181951E+005  0.296199073467471E+002 
     28.10000000 -0.233077532180153E+005  0.296199075265519E+002 
     28.12000000 -0.233077532178360E+005  0.296199077058525E+002 
     28.14000000 -0.233077532176575E+005  0.296199078843735E+002 
     28.16000000 -0.233077532174797E+005  0.296199080621119E+002 
     28.18000000 -0.233077532173027E+005  0.296199082392067E+002 
     28.20000000 -0.233077532171259E+005  0.296199084159861E+002 
     28.22000000 -0.233077532169489E+005  0.296199085929201E+002 
     28.24000000 -0.233077532167714E+005  0.296199087704480E+002 
     28.26000000 -0.233077532165928E+005  0.296199089490526E+002 
     28.28000000 -0.233077532164128E+005  0.296199091290740E+002 
     28.30000000 -0.233077532162312E+005  0.296199093106793E+002 
     28.32000000 -0.233077532160480E+005  0.296199094938252E+002 
     28.34000000 -0.233077532158636E+005  0.296199096782456E+002 
     28.36000000 -0.233077532156784E+005  0.296199098634766E+002 
     28.38000000 -0.233077532154930E+005  0.296199100489118E+002 
     28.40000000 -0.233077532153080E+005  0.296199102338489E+002 
     28.42000000 -0.233077532151242E+005  0.296199104176320E+002 
     28.44000000 -0.233077532149421E+005  0.296199105997663E+002 
     28.46000000 -0.233077532147619E+005  0.296199107799115E+002 
     28.48000000 -0.233077532145838E+005  0.296199109580520E+002 
     28.50000000 -0.233077532144075E+005  0.296199111343920E+002 
     28.52000000 -0.233077532142325E+005  0.296199113093709E+002 
     28.54000000 -0.233077532140583E+005  0.296199114835763E+002 
     28.56000000 -0.233077532138842E+005  0.296199116576828E+002 
     28.58000000 -0.233077532137096E+005  0.296199118323090E+002 
     28.60000000 -0.233077532135338E+005  0.296199120080211E+002 
     28.62000000 -0.233077532133566E+005  0.296199121852520E+002 
     28.64000000 -0.233077532131776E+005  0.296199123642093E+002 
     28.66000000 -0.233077532129969E+005  0.296199125449360E+002 
     28.68000000 -0.233077532128146E+005  0.296199127272868E+002 
     28.70000000 -0.233077532126310E+005  0.296199129108782E+002 
     28.72000000 -0.233077532124467E+005  0.296199130951409E+002 
     28.74000000 -0.233077532122625E+005  0.296199132793850E+002 
     28.76000000 -0.233077532120790E+005  0.296199134628434E+002 
     28.78000000 -0.233077532118971E+005  0.296199136447302E+002 
     28.80000000 -0.233077532117175E+005  0.296199138243927E+002 
     28.82000000 -0.233077532115406E+005  0.296199140012803E+002 
     28.84000000 -0.233077532113667E+005  0.296199141752043E+002 
     28.86000000 -0.233077532111957E+005  0.296199143461832E+002 
     28.88000000 -0.233077532110273E+005  0.296199145145696E+002 
     28.90000000 -0.233077532108609E+005  0.296199146809855E+002 
     28.92000000 -0.233077532106956E+005  0.296199148462567E+002 
     28.94000000 -0.233077532105306E+005  0.296199150112866E+002 
     28.96000000 -0.233077532103648E+005  0.296199151770466E+002 
     28.98000000 -0.233077532101974E+005  0.296199153444369E+002 
     29.00000000 -0.233077532100277E+005  0.296199155141412E+002 
     29.02000000 -0.233077532098552E+005  0.296199156866545E+002 
     29.04000000 -0.233077532096797E+005  0.296199158621315E+002 
     29.06000000 -0.233077532095014E+005  0.296199160404174E+002 
     29.08000000 -0.233077532093207E+005  0.296199162211534E+002 
     29.10000000 -0.233077532091382E+005  0.296199164036558E+002 
     29.12000000 -0.233077532089547E+005  0.296199165871729E+002 
     29.14000000 -0.233077532087710E+005  0.296199167709004E+002 
     29.16000000 -0.233077532085877E+005  0.296199169542041E+002 
     29.18000000 -0.233077532084053E+005  0.296199171365859E+002 
     29.20000000 -0.233077532082240E+005  0.296199173179004E+002 
     29.22000000 -0.233077532080436E+005  0.296199174982374E+002 
     29.24000000 -0.233077532078639E+005  0.296199176779680E+002 
     29.26000000 -0.233077532076842E+005  0.296199178576955E+002 
     29.28000000 -0.233077532075038E+005  0.296199180380417E+002 
     29.30000000 -0.233077532073221E+005  0.296199182197243E+002 
     29.32000000 -0.233077532071387E+005  0.296199184032012E+002 
     29.34000000 -0.233077532069530E+005  0.296199185888715E+002 
     29.36000000 -0.233077532067651E+005  0.296199187767846E+002 
     29.38000000 -0.233077532065750E+005  0.296199189668137E+002 
     29.40000000 -0.233077532063833E+005  0.296199191585598E+002 
     29.42000000 -0.233077532061904E+005  0.296199193514442E+002 
     29.44000000 -0.233077532059971E+005  0.296199195447711E+002 
     29.46000000 -0.233077532058040E+005  0.296199197378350E+002 
     29.48000000 -0.233077532056119E+005  0.296199199299306E+002 
     29.50000000 -0.233077532054213E+005  0.296199201205321E+002 
     29.52000000 -0.233077532052326E+005  0.296199203092371E+002 
     29.54000000 -0.233077532050460E+005  0.296199204958695E+002 
     29.56000000 -0.233077532048614E+005  0.296199206805065E+002 
     29.58000000 -0.233077532046785E+005  0.296199208633431E+002 
     29.60000000 -0.233077532044971E+005  0.296199210447875E+002 
     29.62000000 -0.233077532043165E+005  0.296199212253843E+002 
     29.64000000 -0.233077532041362E+005  0.296199214056996E+002 
     29.66000000 -0.233077532039555E+005  0.296199215863273E+002 
     29.68000000 -0.233077532037741E+005  0.296199217677810E+002 
     29.70000000 -0.233077532035914E+005  0.296199219505062E+002 
     29.72000000 -0.233077532034071E+005  0.296199221347194E+002 
     29.74000000 -0.233077532032214E+005  0.296199223204608E+002 
     29.76000000 -0.233077532030342E+005  0.296199225076624E+002 
     29.78000000 -0.233077532028458E+005  0.296199226960395E+002 
     29.80000000 -0.233077532026566E+005  0.296199228852674E+002 
     29.82000000 -0.233077532024670E+005  0.296199230749036E+002 
     29.84000000 -0.233077532022773E+005  0.296199232645770E+002 
     29.86000000 -0.233077532020879E+005  0.296199234539224E+002 
     29.88000000 -0.233077532018992E+005  0.296199236426306E+002 
     29.90000000 -0.233077532017114E+005  0.296199238304571E+002 
     29.92000000 -0.233077532015246E+005  0.296199240173060E+002 
     29.94000000 -0.233077532013388E+005  0.296199242030938E+002 
     29.96000000 -0.233077532011540E+005  0.296199243878607E+002 
     29.98000000 -0.233077532009700E+005  0.296199245718233E+002 
     30.00000000 -0.233077532007867E+005  0.296199247551549E+002 
