# Real time calculation: 
# Eall: Total energy
# Eall0: Initial total energy
# 1:Time[fs] 2:Eall[eV] 3:Eall-Eall0[eV] 
      0.00000000 -0.233373731255419E+005  0.000000000000000E+000 
      0.02000000 -0.233373731255501E+005 -0.821653869625152E-008 
      0.04000000 -0.233373731255482E+005 -0.630470853274119E-008 
      0.06000000 -0.233373731255340E+005  0.786387099618651E-008 
      0.08000000 -0.233373731254814E+005  0.604639491032515E-007 
      0.10000000 -0.233373731253382E+005  0.203699626127025E-006 
      0.12000000 -0.233373731250143E+005  0.527603253602524E-006 
      0.14000000 -0.233373731243698E+005  0.117208182043712E-005 
      0.16000000 -0.233373731232021E+005  0.233973363958921E-005 
      0.18000000 -0.233373731212334E+005  0.430841136148897E-005 
      0.20000000 -0.233373731180982E+005  0.744370764805116E-005 
      0.22000000 -0.233373731133311E+005  0.122107107626773E-004 
      0.24000000 -0.233373731063569E+005  0.191850084212130E-004 
      0.26000000 -0.233373730964797E+005  0.290621696033575E-004 
      0.28000000 -0.233373730828760E+005  0.426658620969179E-004 
      0.30000000 -0.233373730645878E+005  0.609541046155445E-004 
      0.32000000 -0.233373730405183E+005  0.850235792441158E-004 
      0.34000000 -0.233373730094297E+005  0.116112183639199E-003 
      0.36000000 -0.233373729699425E+005  0.155599389883905E-003 
      0.38000000 -0.233373729205372E+005  0.205004676044692E-003 
      0.40000000 -0.233373728595575E+005  0.265984373817101E-003 
      0.42000000 -0.233373727852154E+005  0.340326434194632E-003 
      0.44000000 -0.233373726955978E+005  0.429944098011595E-003 
      0.46000000 -0.233373725886739E+005  0.536868007323506E-003 
      0.48000000 -0.233373724623045E+005  0.663237370153128E-003 
      0.50000000 -0.233373723142519E+005  0.811289943490357E-003 
      0.52000000 -0.233373721421905E+005  0.983351341892476E-003 
      0.54000000 -0.233373719437185E+005  0.118182331901706E-002 
      0.56000000 -0.233373717163705E+005  0.140917136547454E-002 
      0.58000000 -0.233373714576298E+005  0.166791202207172E-002 
      0.60000000 -0.233373711649422E+005  0.196059966405373E-002 
      0.62000000 -0.233373708357280E+005  0.228981386693840E-002 
      0.64000000 -0.233373704673954E+005  0.265814645989935E-002 
      0.66000000 -0.233373700573523E+005  0.306818960621641E-002 
      0.68000000 -0.233373696030175E+005  0.352252436013689E-002 
      0.70000000 -0.233373691018313E+005  0.402371054469384E-002 
      0.72000000 -0.233373685512638E+005  0.457427806803730E-002 
      0.74000000 -0.233373679488223E+005  0.517671956690989E-002 
      0.76000000 -0.233373672920574E+005  0.583348443295088E-002 
      0.78000000 -0.233373665785677E+005  0.654697413211525E-002 
      0.80000000 -0.233373658060031E+005  0.731953880173973E-002 
      0.82000000 -0.233373649720668E+005  0.815347502935505E-002 
      0.84000000 -0.233373640745168E+005  0.905102501123311E-002 
      0.86000000 -0.233373631111648E+005  0.100143770318913E-001 
      0.88000000 -0.233373620798747E+005  0.110456671439047E-001 
      0.90000000 -0.233373609785596E+005  0.121469822583883E-001 
      0.92000000 -0.233373598051773E+005  0.133203645904666E-001 
      0.94000000 -0.233373585577245E+005  0.145678174009512E-001 
      0.96000000 -0.233373572342301E+005  0.158913117372435E-001 
      0.98000000 -0.233373558327477E+005  0.172927941115910E-001 
      1.00000000 -0.233373543513471E+005  0.187741947825914E-001 
      1.02000000 -0.233373527881053E+005  0.203374365192940E-001 
      1.04000000 -0.233373511410977E+005  0.219844441356022E-001 
      1.06000000 -0.233373494083880E+005  0.237171538390608E-001 
      1.08000000 -0.233373475880195E+005  0.255375223414386E-001 
      1.10000000 -0.233373456780063E+005  0.274475355238352E-001 
      1.12000000 -0.233373436763255E+005  0.294492163809857E-001 
      1.14000000 -0.233373415809095E+005  0.315446323808780E-001 
      1.16000000 -0.233373393896400E+005  0.337359018375203E-001 
      1.18000000 -0.233373371003425E+005  0.360251993896651E-001 
      1.20000000 -0.233373347107810E+005  0.384147608453491E-001 
      1.22000000 -0.233373322186549E+005  0.409068869127467E-001 
      1.24000000 -0.233373296215958E+005  0.435039460246050E-001 
      1.26000000 -0.233373269171660E+005  0.462083758262540E-001 
      1.28000000 -0.233373241028583E+005  0.490226835839586E-001 
      1.30000000 -0.233373211760963E+005  0.519494455631101E-001 
      1.32000000 -0.233373181342364E+005  0.549913054938118E-001 
      1.34000000 -0.233373149745697E+005  0.581509721640773E-001 
      1.36000000 -0.233373116943261E+005  0.614312157168190E-001 
      1.38000000 -0.233373082906791E+005  0.648348627929336E-001 
      1.40000000 -0.233373047607511E+005  0.683647907339401E-001 
      1.42000000 -0.233373011016211E+005  0.720239207853927E-001 
      1.44000000 -0.233372973103317E+005  0.758152101773251E-001 
      1.46000000 -0.233372933838986E+005  0.797416433106519E-001 
      1.48000000 -0.233372893193198E+005  0.838062220557130E-001 
      1.50000000 -0.233372851135866E+005  0.880119552557697E-001 
      1.52000000 -0.233372807636945E+005  0.923618473178945E-001 
      1.54000000 -0.233372762666554E+005  0.968588864573816E-001 
      1.56000000 -0.233372716195092E+005  0.101506032623518E+000 
      1.58000000 -0.233372668193363E+005  0.106306205527445E+000 
      1.60000000 -0.233372618632690E+005  0.111262272905126E+000 
      1.62000000 -0.233372567485029E+005  0.116377038919533E+000 
      1.64000000 -0.233372514723094E+005  0.121653232466924E+000 
      1.66000000 -0.233372460320459E+005  0.127093495913138E+000 
      1.68000000 -0.233372404251676E+005  0.132700374247507E+000 
      1.70000000 -0.233372346492372E+005  0.138476304660606E+000 
      1.72000000 -0.233372287019348E+005  0.144423607068626E+000 
      1.74000000 -0.233372225810669E+005  0.150544475008975E+000 
      1.76000000 -0.233372162845742E+005  0.156840967655765E+000 
      1.78000000 -0.233372098105391E+005  0.163315002788105E+000 
      1.80000000 -0.233372031571907E+005  0.169968351141238E+000 
      1.82000000 -0.233371963229098E+005  0.176802632050778E+000 
      1.84000000 -0.233371893062315E+005  0.183819310349861E+000 
      1.86000000 -0.233371821058472E+005  0.191019694646018E+000 
      1.88000000 -0.233371747206049E+005  0.198404936962319E+000 
      1.90000000 -0.233371671495084E+005  0.205976033467462E+000 
      1.92000000 -0.233371593917152E+005  0.213733826690770E+000 
      1.94000000 -0.233371514465333E+005  0.221679008591017E+000 
      1.96000000 -0.233371433134167E+005  0.229812125150396E+000 
      1.98000000 -0.233371349919603E+005  0.238133581537688E+000 
      2.00000000 -0.233371264818937E+005  0.246643648196431E+000 
      2.02000000 -0.233371177830740E+005  0.255342467879703E+000 
      2.04000000 -0.233371088954786E+005  0.264230063257230E+000 
      2.06000000 -0.233370998191968E+005  0.273306345104086E+000 
      2.08000000 -0.233370905544212E+005  0.282571120702839E+000 
      2.10000000 -0.233370811014394E+005  0.292024102443700E+000 
      2.12000000 -0.233370714606254E+005  0.301664916443222E+000 
      2.14000000 -0.233370616324303E+005  0.311493111571358E+000 
      2.16000000 -0.233370516173736E+005  0.321508168274341E+000 
      2.18000000 -0.233370414160350E+005  0.331709506899494E+000 
      2.20000000 -0.233370310290463E+005  0.342096495574575E+000 
      2.22000000 -0.233370204570847E+005  0.352668457149757E+000 
      2.24000000 -0.233370097008661E+005  0.363424675765294E+000 
      2.26000000 -0.233369987611394E+005  0.374364402497295E+000 
      2.28000000 -0.233369876386820E+005  0.385486859837225E+000 
      2.30000000 -0.233369763342967E+005  0.396791245150520E+000 
      2.32000000 -0.233369648488088E+005  0.408276733049366E+000 
      2.34000000 -0.233369531830656E+005  0.419942476215582E+000 
      2.36000000 -0.233369413379369E+005  0.431787604970622E+000 
      2.38000000 -0.233369293143165E+005  0.443811225363736E+000 
      2.40000000 -0.233369171131264E+005  0.456012415465872E+000 
      2.42000000 -0.233369047353215E+005  0.468390220364267E+000 
      2.44000000 -0.233368921818959E+005  0.480943645978389E+000 
      2.46000000 -0.233368794538897E+005  0.493671652151979E+000 
      2.48000000 -0.233368665523976E+005  0.506573144257087E+000 
      2.50000000 -0.233368534785775E+005  0.519646964392847E+000 
      2.52000000 -0.233368402336608E+005  0.532891881083865E+000 
      2.54000000 -0.233368268189635E+005  0.546306578381555E+000 
      2.56000000 -0.233368132358976E+005  0.559889644232289E+000 
      2.58000000 -0.233367994859840E+005  0.573639557852510E+000 
      2.60000000 -0.233367855708646E+005  0.587554677215220E+000 
      2.62000000 -0.233367714923159E+005  0.601633225917746E+000 
      2.64000000 -0.233367572522614E+005  0.615873280494983E+000 
      2.66000000 -0.233367428527836E+005  0.630272758267830E+000 
      2.68000000 -0.233367282961366E+005  0.644829405219458E+000 
      2.70000000 -0.233367135847568E+005  0.659540785056432E+000 
      2.72000000 -0.233366987212732E+005  0.674404268678169E+000 
      2.74000000 -0.233366837085165E+005  0.689417025326223E+000 
      2.76000000 -0.233366685495270E+005  0.704576014828686E+000 
      2.78000000 -0.233366532475604E+005  0.719877981477999E+000 
      2.80000000 -0.233366378060929E+005  0.735319449003896E+000 
      2.82000000 -0.233366222288243E+005  0.750896717594283E+000 
      2.84000000 -0.233366065196796E+005  0.766605862261834E+000 
      2.86000000 -0.233365906828091E+005  0.782442732751183E+000 
      2.88000000 -0.233365747225868E+005  0.798402955067152E+000 
      2.90000000 -0.233365586436070E+005  0.814481934865306E+000 
      2.92000000 -0.233365424506793E+005  0.830674862584203E+000 
      2.94000000 -0.233365261488215E+005  0.846976720328594E+000 
      2.96000000 -0.233365097432512E+005  0.863382290695401E+000 
      2.98000000 -0.233364932393749E+005  0.879886166954677E+000 
      3.00000000 -0.233364766427771E+005  0.896482764768070E+000 
      3.02000000 -0.233364599592065E+005  0.913166335361272E+000 
      3.04000000 -0.233364431945622E+005  0.929930979640010E+000 
      3.06000000 -0.233364263548785E+005  0.946770663388783E+000 
      3.08000000 -0.233364094463088E+005  0.963679233032635E+000 
      3.10000000 -0.233363924751099E+005  0.980650431992895E+000 
      3.12000000 -0.233363754476245E+005  0.997677917411047E+000 
      3.14000000 -0.233363583702646E+005  0.101475527723455E+001 
      3.16000000 -0.233363412494943E+005  0.103187604756254E+001 
      3.18000000 -0.233363240918121E+005  0.104903372972232E+001 
      3.20000000 -0.233363069037350E+005  0.106622180688813E+001 
      3.22000000 -0.233362896917816E+005  0.108343376030998E+001 
      3.24000000 -0.233362724624575E+005  0.110066308438559E+001 
      3.26000000 -0.233362552222402E+005  0.111790330166420E+001 
      3.28000000 -0.233362379775653E+005  0.113514797654808E+001 
      3.30000000 -0.233362207348139E+005  0.115239072796996E+001 
      3.32000000 -0.233362035003006E+005  0.116962524125688E+001 
      3.34000000 -0.233361862802634E+005  0.118684527845969E+001 
      3.36000000 -0.233361690808541E+005  0.120404468771728E+001 
      3.38000000 -0.233361519081309E+005  0.122121741097195E+001 
      3.40000000 -0.233361347680514E+005  0.123835749041336E+001 
      3.42000000 -0.233361176664687E+005  0.125545907315288E+001 
      3.44000000 -0.233361006091273E+005  0.127251641461109E+001 
      3.46000000 -0.233360836016617E+005  0.128952388015119E+001 
      3.48000000 -0.233360666495966E+005  0.130647594528316E+001 
      3.50000000 -0.233360497583477E+005  0.132336719417883E+001 
      3.52000000 -0.233360329332250E+005  0.134019231686914E+001 
      3.54000000 -0.233360161794367E+005  0.135694610516678E+001 
      3.56000000 -0.233359995020941E+005  0.137362344774430E+001 
      3.58000000 -0.233359829062183E+005  0.139021932360669E+001 
      3.60000000 -0.233359663967467E+005  0.140672879515558E+001 
      3.62000000 -0.233359499785414E+005  0.142314700047074E+001 
      3.64000000 -0.233359336563970E+005  0.143946914482442E+001 
      3.66000000 -0.233359174350495E+005  0.145569049233489E+001 
      3.68000000 -0.233359013191845E+005  0.147180635735081E+001 
      3.70000000 -0.233358853134459E+005  0.148781209593153E+001 
      3.72000000 -0.233358694224444E+005  0.150370309743566E+001 
      3.74000000 -0.233358536507651E+005  0.151947477678094E+001 
      3.76000000 -0.233358380029745E+005  0.153512256739086E+001 
      3.78000000 -0.233358224836266E+005  0.155064191523030E+001 
      3.80000000 -0.233358070972680E+005  0.156602827390525E+001 
      3.82000000 -0.233357918484407E+005  0.158127710117948E+001 
      3.84000000 -0.233357767416854E+005  0.159638385645636E+001 
      3.86000000 -0.233357617815421E+005  0.161134399979818E+001 
      3.88000000 -0.233357469725492E+005  0.162615299264696E+001 
      3.90000000 -0.233357323192417E+005  0.164080630017249E+001 
      3.92000000 -0.233357178261473E+005  0.165529939455461E+001 
      3.94000000 -0.233357034977816E+005  0.166962776029795E+001 
      3.96000000 -0.233356893386412E+005  0.168378690068517E+001 
      3.98000000 -0.233356753531962E+005  0.169777234565006E+001 
      4.00000000 -0.233356615458808E+005  0.171157966107381E+001 
      4.02000000 -0.233356479210826E+005  0.172520445925049E+001 
      4.04000000 -0.233356344831314E+005  0.173864241043544E+001 
      4.06000000 -0.233356212362861E+005  0.175188925579496E+001 
      4.08000000 -0.233356081847213E+005  0.176494082057255E+001 
      4.10000000 -0.233355953325136E+005  0.177779302830702E+001 
      4.12000000 -0.233355826836269E+005  0.179044191493918E+001 
      4.14000000 -0.233355702418983E+005  0.180288364351559E+001 
      4.16000000 -0.233355580110233E+005  0.181511451858921E+001 
      4.18000000 -0.233355459945408E+005  0.182713100108088E+001 
      4.20000000 -0.233355341958191E+005  0.183892972275112E+001 
      4.22000000 -0.233355226180413E+005  0.185050750059759E+001 
      4.24000000 -0.233355112641915E+005  0.186186135031220E+001 
      4.26000000 -0.233355001370424E+005  0.187298849948134E+001 
      4.28000000 -0.233354892391425E+005  0.188388639939410E+001 
      4.30000000 -0.233354785728058E+005  0.189455273601829E+001 
      4.32000000 -0.233354681401019E+005  0.190498543998645E+001 
      4.34000000 -0.233354579428467E+005  0.191518269520533E+001 
      4.36000000 -0.233354479825958E+005  0.192514294606079E+001 
      4.38000000 -0.233354382606382E+005  0.193486490362046E+001 
      4.40000000 -0.233354287779921E+005  0.194434754978526E+001 
      4.42000000 -0.233354195354016E+005  0.195359014027478E+001 
      4.44000000 -0.233354105333358E+005  0.196259220608737E+001 
      4.46000000 -0.233354017719893E+005  0.197135355257831E+001 
      4.48000000 -0.233353932512843E+005  0.197987425756650E+001 
      4.50000000 -0.233353849708744E+005  0.198815466748918E+001 
      4.52000000 -0.233353769301497E+005  0.199619539217687E+001 
      4.54000000 -0.233353691282436E+005  0.200399729830116E+001 
      4.56000000 -0.233353615640402E+005  0.201156150165624E+001 
      4.58000000 -0.233353542361836E+005  0.201888935828965E+001 
      4.60000000 -0.233353471430876E+005  0.202598245422845E+001 
      4.62000000 -0.233353402829474E+005  0.203284259446926E+001 
      4.64000000 -0.233353336537505E+005  0.203947179136799E+001 
      4.66000000 -0.233353272532902E+005  0.204587225168710E+001 
      4.68000000 -0.233353210791779E+005  0.205204636397685E+001 
      4.70000000 -0.233353151288568E+005  0.205799668508427E+001 
      4.72000000 -0.233353093996148E+005  0.206372592703942E+001 
      4.74000000 -0.233353038885982E+005  0.206923694370978E+001 
      4.76000000 -0.233352985928239E+005  0.207453271793401E+001 
      4.78000000 -0.233352935091928E+005  0.207961634904246E+001 
      4.80000000 -0.233352886345009E+005  0.208449104098408E+001 
      4.82000000 -0.233352839654506E+005  0.208916009127610E+001 
      4.84000000 -0.233352794986609E+005  0.209362688097161E+001 
      4.86000000 -0.233352752306764E+005  0.209789486550564E+001 
      4.88000000 -0.233352711579751E+005  0.210196756680655E+001 
      4.90000000 -0.233352672769752E+005  0.210584856662628E+001 
      4.92000000 -0.233352635840405E+005  0.210954150138026E+001 
      4.94000000 -0.233352600754836E+005  0.211305005828664E+001 
      4.96000000 -0.233352567475690E+005  0.211637797281097E+001 
      4.98000000 -0.233352535965144E+005  0.211952902750306E+001 
      5.00000000 -0.233352506184902E+005  0.212250705165971E+001 
      5.02000000 -0.233352478096198E+005  0.212531592207034E+001 
      5.04000000 -0.233352451659772E+005  0.212795956461323E+001 
      5.06000000 -0.233352426835855E+005  0.213044195636224E+001 
      5.08000000 -0.233352403584140E+005  0.213276712790392E+001 
      5.10000000 -0.233352381863760E+005  0.213493916590209E+001 
      5.12000000 -0.233352361633261E+005  0.213696221571808E+001 
      5.14000000 -0.233352342850579E+005  0.213884048392890E+001 
      5.16000000 -0.233352325473015E+005  0.214057824039996E+001 
      5.18000000 -0.233352309457216E+005  0.214217982025564E+001 
      5.20000000 -0.233352294759170E+005  0.214364962483524E+001 
      5.22000000 -0.233352281334197E+005  0.214499212217249E+001 
      5.24000000 -0.233352269136952E+005  0.214621184667376E+001 
      5.26000000 -0.233352258121439E+005  0.214731339800755E+001 
      5.28000000 -0.233352248241027E+005  0.214830143916164E+001 
      5.30000000 -0.233352239448482E+005  0.214918069365894E+001 
      5.32000000 -0.233352231695999E+005  0.214995594191630E+001 
      5.34000000 -0.233352224935254E+005  0.215063201642786E+001 
      5.36000000 -0.233352219117458E+005  0.215121379606973E+001 
      5.38000000 -0.233352214193422E+005  0.215170619968083E+001 
      5.40000000 -0.233352210113633E+005  0.215211417857648E+001 
      5.42000000 -0.233352206828334E+005  0.215244270847101E+001 
      5.44000000 -0.233352204287613E+005  0.215269678059302E+001 
      5.46000000 -0.233352202441496E+005  0.215288139222219E+001 
      5.48000000 -0.233352201240050E+005  0.215300153688874E+001 
      5.50000000 -0.233352200633478E+005  0.215306219401312E+001 
      5.52000000 -0.233352200572231E+005  0.215306831872501E+001 
      5.54000000 -0.233352201007105E+005  0.215302483135754E+001 
      5.56000000 -0.233352201889347E+005  0.215293660711474E+001 
      5.58000000 -0.233352203170759E+005  0.215280846600198E+001 
      5.60000000 -0.233352204803788E+005  0.215264516309353E+001 
      5.62000000 -0.233352206741626E+005  0.215245137925498E+001 
      5.64000000 -0.233352208938292E+005  0.215223171264514E+001 
      5.66000000 -0.233352211348709E+005  0.215199067093570E+001 
      5.68000000 -0.233352213928777E+005  0.215173266414038E+001 
      5.70000000 -0.233352216635431E+005  0.215146199877415E+001 
      5.72000000 -0.233352219426692E+005  0.215118287264065E+001 
      5.74000000 -0.233352222261709E+005  0.215089937093425E+001 
      5.76000000 -0.233352225100788E+005  0.215061546307841E+001 
      5.78000000 -0.233352227905413E+005  0.215033500060038E+001 
      5.80000000 -0.233352230638257E+005  0.215006171619078E+001 
      5.82000000 -0.233352233263186E+005  0.214979922325813E+001 
      5.84000000 -0.233352235745251E+005  0.214955101673933E+001 
      5.86000000 -0.233352238050675E+005  0.214932047431856E+001 
      5.88000000 -0.233352240146832E+005  0.214911085867320E+001 
      5.90000000 -0.233352242002220E+005  0.214892531990540E+001 
      5.92000000 -0.233352243586430E+005  0.214876689882744E+001 
      5.94000000 -0.233352244870117E+005  0.214863853019142E+001 
      5.96000000 -0.233352245824952E+005  0.214854304668308E+001 
      5.98000000 -0.233352246423593E+005  0.214848318251346E+001 
      6.00000000 -0.233352246639643E+005  0.214846157758590E+001 
      6.02000000 -0.233352246447605E+005  0.214848078132902E+001 
      6.04000000 -0.233352245822853E+005  0.214854325660389E+001 
      6.06000000 -0.233352244741586E+005  0.214865138327093E+001 
      6.08000000 -0.233352243180803E+005  0.214880746161139E+001 
      6.10000000 -0.233352241118264E+005  0.214901371545808E+001 
      6.12000000 -0.233352238532471E+005  0.214927229476302E+001 
      6.14000000 -0.233352235402637E+005  0.214958527813416E+001 
      6.16000000 -0.233352231708672E+005  0.214995467468845E+001 
      6.18000000 -0.233352227431162E+005  0.215038242569762E+001 
      6.20000000 -0.233352222551361E+005  0.215087040576373E+001 
      6.22000000 -0.233352217051182E+005  0.215142042365137E+001 
      6.24000000 -0.233352210913191E+005  0.215203422276094E+001 
      6.26000000 -0.233352204120605E+005  0.215271348137613E+001 
      6.28000000 -0.233352196657293E+005  0.215345981260522E+001 
      6.30000000 -0.233352188507776E+005  0.215427476422628E+001 
      6.32000000 -0.233352179657236E+005  0.215515981828822E+001 
      6.34000000 -0.233352170091512E+005  0.215611639069308E+001 
      6.36000000 -0.233352159797112E+005  0.215714583066084E+001 
      6.38000000 -0.233352148761214E+005  0.215824942049745E+001 
      6.40000000 -0.233352136971669E+005  0.215942837497610E+001 
      6.42000000 -0.233352124417007E+005  0.216068384113300E+001 
      6.44000000 -0.233352111086440E+005  0.216201689787765E+001 
      6.46000000 -0.233352096969861E+005  0.216342855577005E+001 
      6.48000000 -0.233352082057849E+005  0.216491975694032E+001 
      6.50000000 -0.233352066341669E+005  0.216649137494016E+001 
      6.52000000 -0.233352049813269E+005  0.216814421492848E+001 
      6.54000000 -0.233352032465281E+005  0.216987901380756E+001 
      6.56000000 -0.233352014291012E+005  0.217169644063750E+001 
      6.58000000 -0.233351995284447E+005  0.217359709714364E+001 
      6.60000000 -0.233351975440238E+005  0.217558151806923E+001 
      6.62000000 -0.233351954753700E+005  0.217765017191164E+001 
      6.64000000 -0.233351933220805E+005  0.217980346139263E+001 
      6.66000000 -0.233351910838177E+005  0.218204172414823E+001 
      6.68000000 -0.233351887603084E+005  0.218436523346496E+001 
      6.70000000 -0.233351863513431E+005  0.218677419876556E+001 
      6.72000000 -0.233351838567756E+005  0.218926876621223E+001 
      6.74000000 -0.233351812765224E+005  0.219184901951097E+001 
      6.76000000 -0.233351786105616E+005  0.219451498024565E+001 
      6.78000000 -0.233351758589332E+005  0.219726660869784E+001 
      6.80000000 -0.233351730217376E+005  0.220010380424590E+001 
      6.82000000 -0.233351700991358E+005  0.220302640607333E+001 
      6.84000000 -0.233351670913481E+005  0.220603419371334E+001 
      6.86000000 -0.233351639986538E+005  0.220912688808821E+001 
      6.88000000 -0.233351608213899E+005  0.221230415193008E+001 
      6.90000000 -0.233351575599510E+005  0.221556559081414E+001 
      6.92000000 -0.233351542147883E+005  0.221891075357941E+001 
      6.94000000 -0.233351507864087E+005  0.222233913319184E+001 
      6.96000000 -0.233351472753743E+005  0.222585016754859E+001 
      6.98000000 -0.233351436823017E+005  0.222944324013704E+001 
      7.00000000 -0.233351400078611E+005  0.223311768079575E+001 
      7.02000000 -0.233351362527755E+005  0.223687276637341E+001 
      7.04000000 -0.233351324178204E+005  0.224070772141562E+001 
      7.06000000 -0.233351285038233E+005  0.224462171857633E+001 
      7.08000000 -0.233351245116629E+005  0.224861387897051E+001 
      7.10000000 -0.233351204422694E+005  0.225268327243401E+001 
      7.12000000 -0.233351162966242E+005  0.225682891770607E+001 
      7.14000000 -0.233351120757592E+005  0.226104978262424E+001 
      7.16000000 -0.233351077807576E+005  0.226534478423572E+001 
      7.18000000 -0.233351034127531E+005  0.226971278874170E+001 
      7.20000000 -0.233350989729306E+005  0.227415261126224E+001 
      7.22000000 -0.233350944625264E+005  0.227866301545884E+001 
      7.24000000 -0.233350898828289E+005  0.228324271296523E+001 
      7.26000000 -0.233350852351791E+005  0.228789036271300E+001 
      7.28000000 -0.233350805209719E+005  0.229260456995089E+001 
      7.30000000 -0.233350757416565E+005  0.229738388536623E+001 
      7.32000000 -0.233350708987378E+005  0.230222680405480E+001 
      7.34000000 -0.233350659937773E+005  0.230713176454632E+001 
      7.36000000 -0.233350610283940E+005  0.231209714786713E+001 
      7.38000000 -0.233350560042653E+005  0.231712127660281E+001 
      7.40000000 -0.233350509231281E+005  0.232220241372263E+001 
      7.42000000 -0.233350457867804E+005  0.232733876148443E+001 
      7.44000000 -0.233350405970814E+005  0.233252846047869E+001 
      7.46000000 -0.233350353559533E+005  0.233776958858293E+001 
      7.48000000 -0.233350300653816E+005  0.234306016030583E+001 
      7.50000000 -0.233350247274155E+005  0.234839812637273E+001 
      7.52000000 -0.233350193441681E+005  0.235378137371633E+001 
      7.54000000 -0.233350139178164E+005  0.235920772546741E+001 
      7.56000000 -0.233350084506005E+005  0.236467494133842E+001 
      7.58000000 -0.233350029448234E+005  0.237018071850829E+001 
      7.60000000 -0.233349974028491E+005  0.237572269279484E+001 
      7.62000000 -0.233349918271014E+005  0.238129844042743E+001 
      7.64000000 -0.233349862200618E+005  0.238690548009799E+001 
      7.66000000 -0.233349805842661E+005  0.239254127572359E+001 
      7.68000000 -0.233349749223022E+005  0.239820323964521E+001 
      7.70000000 -0.233349692368056E+005  0.240388873624719E+001 
      7.72000000 -0.233349635304556E+005  0.240959508630683E+001 
      7.74000000 -0.233349578059700E+005  0.241531957190696E+001 
      7.76000000 -0.233349520661001E+005  0.242105944180024E+001 
      7.78000000 -0.233349463136242E+005  0.242681191769528E+001 
      7.80000000 -0.233349405513412E+005  0.243257420061394E+001 
      7.82000000 -0.233349347820643E+005  0.243834347751468E+001 
      7.84000000 -0.233349290086131E+005  0.244411692878522E+001 
      7.86000000 -0.233349232338061E+005  0.244989173580939E+001 
      7.88000000 -0.233349174604530E+005  0.245566508884032E+001 
      7.90000000 -0.233349116913464E+005  0.246143419547990E+001 
      7.92000000 -0.233349059292527E+005  0.246719628916140E+001 
      7.94000000 -0.233349001769042E+005  0.247294863763822E+001 
      7.96000000 -0.233348944369902E+005  0.247868855164590E+001 
      7.98000000 -0.233348887121487E+005  0.248441339317436E+001 
      8.00000000 -0.233348830049580E+005  0.249012058390717E+001 
      8.02000000 -0.233348773179285E+005  0.249580761335147E+001 
      8.04000000 -0.233348716534951E+005  0.250147204676988E+001 
      8.06000000 -0.233348660140090E+005  0.250711153285260E+001 
      8.08000000 -0.233348604017310E+005  0.251272381086356E+001 
      8.10000000 -0.233348548188246E+005  0.251830671728542E+001 
      8.12000000 -0.233348492673495E+005  0.252385819239341E+001 
      8.14000000 -0.233348437492557E+005  0.252937628614241E+001 
      8.16000000 -0.233348382663785E+005  0.253485916336726E+001 
      8.18000000 -0.233348328204339E+005  0.254030510794983E+001 
      8.20000000 -0.233348274130154E+005  0.254571252642298E+001 
      8.22000000 -0.233348220455918E+005  0.255107995006803E+001 
      8.24000000 -0.233348167195049E+005  0.255640603700606E+001 
      8.26000000 -0.233348114359693E+005  0.256168957259071E+001 
      8.28000000 -0.233348061960728E+005  0.256692946904632E+001 
      8.30000000 -0.233348010007777E+005  0.257212476420568E+001 
      8.32000000 -0.233347958509234E+005  0.257727461843505E+001 
      8.34000000 -0.233347907472309E+005  0.258237831095591E+001 
      8.36000000 -0.233347856903073E+005  0.258743523457656E+001 
      8.38000000 -0.233347806806523E+005  0.259244488959472E+001 
      8.40000000 -0.233347757186651E+005  0.259740687677198E+001 
      8.42000000 -0.233347708046525E+005  0.260232088935860E+001 
      8.44000000 -0.233347659388374E+005  0.260718670449334E+001 
      8.46000000 -0.233347611213680E+005  0.261200417384231E+001 
      8.48000000 -0.233347563523282E+005  0.261677321367787E+001 
      8.50000000 -0.233347516317471E+005  0.262149379475335E+001 
      8.52000000 -0.233347469596104E+005  0.262616593147553E+001 
      8.54000000 -0.233347423358708E+005  0.263078967102144E+001 
      8.56000000 -0.233347377604600E+005  0.263536508187670E+001 
      8.58000000 -0.233347332332990E+005  0.263989224282848E+001 
      8.60000000 -0.233347287543099E+005  0.264437123200198E+001 
      8.62000000 -0.233347243234254E+005  0.264880211648139E+001 
      8.64000000 -0.233347199405996E+005  0.265318494227129E+001 
      8.66000000 -0.233347156058173E+005  0.265751972452091E+001 
      8.68000000 -0.233347113191035E+005  0.266180643834245E+001 
      8.70000000 -0.233347070805317E+005  0.266604501017374E+001 
      8.72000000 -0.233347028902318E+005  0.267023531009387E+001 
      8.74000000 -0.233346987483967E+005  0.267437714515957E+001 
      8.76000000 -0.233346946552881E+005  0.267847025379040E+001 
      8.78000000 -0.233346906112405E+005  0.268251430139442E+001 
      8.80000000 -0.233346866166647E+005  0.268650887719731E+001 
      8.82000000 -0.233346826720494E+005  0.269045349246967E+001 
      8.84000000 -0.233346787779620E+005  0.269434757986818E+001 
      8.86000000 -0.233346749350476E+005  0.269819049427700E+001 
      8.88000000 -0.233346711440263E+005  0.270198151560436E+001 
      8.90000000 -0.233346674056890E+005  0.270571985288157E+001 
      8.92000000 -0.233346637208916E+005  0.270940465024601E+001 
      8.94000000 -0.233346600905478E+005  0.271303499401918E+001 
      8.96000000 -0.233346565156203E+005  0.271660992156366E+001 
      8.98000000 -0.233346529971105E+005  0.272012843134960E+001 
      9.00000000 -0.233346495360476E+005  0.272358949427098E+001 
      9.02000000 -0.233346461334755E+005  0.272699206637573E+001 
      9.04000000 -0.233346427904394E+005  0.273033510245578E+001 
      9.06000000 -0.233346395079716E+005  0.273361757028370E+001 
      9.08000000 -0.233346362870759E+005  0.273683846597543E+001 
      9.10000000 -0.233346331287125E+005  0.273999682936530E+001 
      9.12000000 -0.233346300337820E+005  0.274309175985138E+001 
      9.14000000 -0.233346270031100E+005  0.274612243186334E+001 
      9.16000000 -0.233346240374318E+005  0.274908811006426E+001 
      9.18000000 -0.233346211373781E+005  0.275198816377603E+001 
      9.20000000 -0.233346183034613E+005  0.275482208053844E+001 
      9.22000000 -0.233346155360634E+005  0.275758947849901E+001 
      9.24000000 -0.233346128354242E+005  0.276029011770138E+001 
      9.26000000 -0.233346102016320E+005  0.276292390984252E+001 
      9.28000000 -0.233346076346156E+005  0.276549092629741E+001 
      9.30000000 -0.233346051341375E+005  0.276799140436503E+001 
      9.32000000 -0.233346026997904E+005  0.277042575146626E+001 
      9.34000000 -0.233346003309949E+005  0.277279454698466E+001 
      9.36000000 -0.233345980269994E+005  0.277509854241796E+001 
      9.38000000 -0.233345957868828E+005  0.277733865902082E+001 
      9.40000000 -0.233345936095584E+005  0.277951598341191E+001 
      9.42000000 -0.233345914937804E+005  0.278163176146724E+001 
      9.44000000 -0.233345894381519E+005  0.278368738993031E+001 
      9.46000000 -0.233345874411356E+005  0.278568440621885E+001 
      9.48000000 -0.233345855010649E+005  0.278762447699399E+001 
      9.50000000 -0.233345836161568E+005  0.278950938507759E+001 
      9.52000000 -0.233345817845266E+005  0.279134101529598E+001 
      9.54000000 -0.233345800042024E+005  0.279312133943902E+001 
      9.56000000 -0.233345782731416E+005  0.279485240027249E+001 
      9.58000000 -0.233345765892469E+005  0.279653629491940E+001 
      9.60000000 -0.233345749503836E+005  0.279817515827223E+001 
      9.62000000 -0.233345733543955E+005  0.279977114635260E+001 
      9.64000000 -0.233345717991220E+005  0.280132641983486E+001 
      9.66000000 -0.233345702824135E+005  0.280284312833690E+001 
      9.68000000 -0.233345688021470E+005  0.280432339489664E+001 
      9.70000000 -0.233345673562401E+005  0.280576930175697E+001 
      9.72000000 -0.233345659426648E+005  0.280718287703251E+001 
      9.74000000 -0.233345645594590E+005  0.280856608289518E+001 
      9.76000000 -0.233345632047369E+005  0.280992080495090E+001 
      9.78000000 -0.233345618766988E+005  0.281124884303000E+001 
      9.80000000 -0.233345605736380E+005  0.281255190387709E+001 
      9.82000000 -0.233345592939469E+005  0.281383159491442E+001 
      9.84000000 -0.233345580361216E+005  0.281508942028831E+001 
      9.86000000 -0.233345567987638E+005  0.281632677802300E+001 
      9.88000000 -0.233345555805828E+005  0.281754495905553E+001 
      9.90000000 -0.233345543803942E+005  0.281874514768423E+001 
      9.92000000 -0.233345531971185E+005  0.281992842335381E+001 
      9.94000000 -0.233345520297781E+005  0.282109576375810E+001 
      9.96000000 -0.233345508774928E+005  0.282224804904742E+001 
      9.98000000 -0.233345497394748E+005  0.282338606702572E+001 
     10.00000000 -0.233345486150229E+005  0.282451051895107E+001 
     10.02000000 -0.233345475035159E+005  0.282562202595481E+001 
     10.04000000 -0.233345464044062E+005  0.282672113570514E+001 
     10.06000000 -0.233345453172127E+005  0.282780832918202E+001 
     10.08000000 -0.233345442415144E+005  0.282888402745522E+001 
     10.10000000 -0.233345431769435E+005  0.282994859833240E+001 
     10.12000000 -0.233345421231792E+005  0.283100236266073E+001 
     10.14000000 -0.233345410799417E+005  0.283204560018304E+001 
     10.16000000 -0.233345400469873E+005  0.283307855458961E+001 
     10.18000000 -0.233345390241037E+005  0.283410143811526E+001 
     10.20000000 -0.233345380111066E+005  0.283511443524849E+001 
     10.22000000 -0.233345370078361E+005  0.283611770579108E+001 
     10.24000000 -0.233345360141546E+005  0.283711138727725E+001 
     10.26000000 -0.233345350299451E+005  0.283809559680506E+001 
     10.28000000 -0.233345340551095E+005  0.283907043231403E+001 
     10.30000000 -0.233345330895683E+005  0.284003597360915E+001 
     10.32000000 -0.233345321332592E+005  0.284099228266713E+001 
     10.34000000 -0.233345311861381E+005  0.284193940380654E+001 
     10.36000000 -0.233345302481784E+005  0.284287736342178E+001 
     10.38000000 -0.233345293193719E+005  0.284380616997069E+001 
     10.40000000 -0.233345283997282E+005  0.284472581364971E+001 
     10.42000000 -0.233345274892754E+005  0.284563626646818E+001 
     10.44000000 -0.233345265880594E+005  0.284653748250814E+001 
     10.46000000 -0.233345256961434E+005  0.284742939844099E+001 
     10.48000000 -0.233345248136076E+005  0.284831193426375E+001 
     10.50000000 -0.233345239405475E+005  0.284918499431995E+001 
     10.52000000 -0.233345230770732E+005  0.285004846866389E+001 
     10.54000000 -0.233345222233070E+005  0.285090223488274E+001 
     10.56000000 -0.233345213793817E+005  0.285174616015691E+001 
     10.58000000 -0.233345205454382E+005  0.285258010364206E+001 
     10.60000000 -0.233345197216227E+005  0.285340391917907E+001 
     10.62000000 -0.233345189080838E+005  0.285421745804117E+001 
     10.64000000 -0.233345181049702E+005  0.285502057169340E+001 
     10.66000000 -0.233345173124272E+005  0.285581311467578E+001 
     10.68000000 -0.233345165305945E+005  0.285659494731335E+001 
     10.70000000 -0.233345157596037E+005  0.285736593817861E+001 
     10.72000000 -0.233345149995755E+005  0.285812596637461E+001 
     10.74000000 -0.233345142506185E+005  0.285887492336630E+001 
     10.76000000 -0.233345135128274E+005  0.285961271446861E+001 
     10.78000000 -0.233345127862820E+005  0.286033925982085E+001 
     10.80000000 -0.233345120710468E+005  0.286105449503642E+001 
     10.82000000 -0.233345113671709E+005  0.286175837099242E+001 
     10.84000000 -0.233345106746885E+005  0.286245085337491E+001 
     10.86000000 -0.233345099936205E+005  0.286313192140743E+001 
     10.88000000 -0.233345093239756E+005  0.286380156631041E+001 
     10.90000000 -0.233345086657527E+005  0.286445978914494E+001 
     10.92000000 -0.233345080189435E+005  0.286510659831627E+001 
     10.94000000 -0.233345073835351E+005  0.286574200673389E+001 
     10.96000000 -0.233345067595131E+005  0.286636602879841E+001 
     10.98000000 -0.233345061468647E+005  0.286697867715017E+001 
     11.00000000 -0.233345055455824E+005  0.286757995949838E+001 
     11.02000000 -0.233345049556665E+005  0.286816987536042E+001 
     11.04000000 -0.233345043771287E+005  0.286874841316323E+001 
     11.06000000 -0.233345038099945E+005  0.286931554738171E+001 
     11.08000000 -0.233345032543056E+005  0.286987123628043E+001 
     11.10000000 -0.233345027101219E+005  0.287041541997703E+001 
     11.12000000 -0.233345021775229E+005  0.287094801892019E+001 
     11.14000000 -0.233345016566087E+005  0.287146893316574E+001 
     11.16000000 -0.233345011474999E+005  0.287197804197449E+001 
     11.18000000 -0.233345006503377E+005  0.287247520416800E+001 
     11.20000000 -0.233345001652828E+005  0.287296025903188E+001 
     11.22000000 -0.233344996925141E+005  0.287343302775433E+001 
     11.24000000 -0.233344992322264E+005  0.287389331550499E+001 
     11.26000000 -0.233344987846279E+005  0.287434091393771E+001 
     11.28000000 -0.233344983499378E+005  0.287477560405201E+001 
     11.30000000 -0.233344979283821E+005  0.287519715975698E+001 
     11.32000000 -0.233344975201906E+005  0.287560535129887E+001 
     11.34000000 -0.233344971255926E+005  0.287599994925808E+001 
     11.36000000 -0.233344967448134E+005  0.287638072846247E+001 
     11.38000000 -0.233344963780697E+005  0.287674747211729E+001 
     11.40000000 -0.233344960255661E+005  0.287709997580832E+001 
     11.42000000 -0.233344956874903E+005  0.287743805152963E+001 
     11.44000000 -0.233344953640103E+005  0.287776153151039E+001 
     11.46000000 -0.233344950552700E+005  0.287807027183743E+001 
     11.48000000 -0.233344947613860E+005  0.287836415586437E+001 
     11.50000000 -0.233344944824444E+005  0.287864309748460E+001 
     11.52000000 -0.233344942184980E+005  0.287890704381652E+001 
     11.54000000 -0.233344939695639E+005  0.287915597793829E+001 
     11.56000000 -0.233344937356208E+005  0.287938992102851E+001 
     11.58000000 -0.233344935166074E+005  0.287960893445755E+001 
     11.60000000 -0.233344933124205E+005  0.287981312137145E+001 
     11.62000000 -0.233344931229137E+005  0.288000262820462E+001 
     11.64000000 -0.233344929478961E+005  0.288017764577815E+001 
     11.66000000 -0.233344927871314E+005  0.288033841043507E+001 
     11.68000000 -0.233344926403372E+005  0.288048520466221E+001 
     11.70000000 -0.233344925071840E+005  0.288061835781099E+001 
     11.72000000 -0.233344923872952E+005  0.288073824663878E+001 
     11.74000000 -0.233344922802461E+005  0.288084529574203E+001 
     11.76000000 -0.233344921855639E+005  0.288093997793986E+001 
     11.78000000 -0.233344921027273E+005  0.288102281460813E+001 
     11.80000000 -0.233344920311659E+005  0.288109437596413E+001 
     11.82000000 -0.233344919702604E+005  0.288115528145319E+001 
     11.84000000 -0.233344919193420E+005  0.288120619990652E+001 
     11.86000000 -0.233344918776919E+005  0.288124784997427E+001 
     11.88000000 -0.233344918445415E+005  0.288128100036066E+001 
     11.90000000 -0.233344918190718E+005  0.288130647005290E+001 
     11.92000000 -0.233344918004130E+005  0.288132512881614E+001 
     11.94000000 -0.233344917876446E+005  0.288133789726778E+001 
     11.96000000 -0.233344917797946E+005  0.288134574722696E+001 
     11.98000000 -0.233344917758399E+005  0.288134970195284E+001 
     12.00000000 -0.233344917747056E+005  0.288135083626209E+001 
     12.02000000 -0.233344917746911E+005  0.288135085079572E+001 
     12.04000000 -0.233344917746808E+005  0.288135086107876E+001 
     12.06000000 -0.233344917746705E+005  0.288135087135562E+001 
     12.08000000 -0.233344917746601E+005  0.288135088175932E+001 
     12.10000000 -0.233344917746496E+005  0.288135089230223E+001 
     12.12000000 -0.233344917746389E+005  0.288135090297816E+001 
     12.14000000 -0.233344917746280E+005  0.288135091384280E+001 
     12.16000000 -0.233344917746170E+005  0.288135092484974E+001 
     12.18000000 -0.233344917746059E+005  0.288135093598662E+001 
     12.20000000 -0.233344917745946E+005  0.288135094721630E+001 
     12.22000000 -0.233344917745833E+005  0.288135095853879E+001 
     12.24000000 -0.233344917745720E+005  0.288135096989840E+001 
     12.26000000 -0.233344917745606E+005  0.288135098129514E+001 
     12.28000000 -0.233344917745492E+005  0.288135099268569E+001 
     12.30000000 -0.233344917745378E+005  0.288135100406386E+001 
     12.32000000 -0.233344917745265E+005  0.288135101539872E+001 
     12.34000000 -0.233344917745152E+005  0.288135102665006E+001 
     12.36000000 -0.233344917745040E+005  0.288135103783334E+001 
     12.38000000 -0.233344917744929E+005  0.288135104891453E+001 
     12.40000000 -0.233344917744820E+005  0.288135105990291E+001 
     12.42000000 -0.233344917744711E+005  0.288135107077993E+001 
     12.44000000 -0.233344917744603E+005  0.288135108157960E+001 
     12.46000000 -0.233344917744496E+005  0.288135109227410E+001 
     12.48000000 -0.233344917744390E+005  0.288135110287887E+001 
     12.50000000 -0.233344917744284E+005  0.288135111342178E+001 
     12.52000000 -0.233344917744180E+005  0.288135112390901E+001 
     12.54000000 -0.233344917744075E+005  0.288135113435601E+001 
     12.56000000 -0.233344917743971E+005  0.288135114476899E+001 
     12.58000000 -0.233344917743867E+005  0.288135115515722E+001 
     12.60000000 -0.233344917743764E+005  0.288135116551142E+001 
     12.62000000 -0.233344917743660E+005  0.288135117588109E+001 
     12.64000000 -0.233344917743556E+005  0.288135118621982E+001 
     12.66000000 -0.233344917743453E+005  0.288135119659877E+001 
     12.68000000 -0.233344917743349E+005  0.288135120696844E+001 
     12.70000000 -0.233344917743245E+005  0.288135121734120E+001 
     12.72000000 -0.233344917743141E+005  0.288135122773561E+001 
     12.74000000 -0.233344917743037E+005  0.288135123816406E+001 
     12.76000000 -0.233344917742933E+005  0.288135124855538E+001 
     12.78000000 -0.233344917742829E+005  0.288135125895599E+001 
     12.80000000 -0.233344917742725E+005  0.288135126936278E+001 
     12.82000000 -0.233344917742621E+005  0.288135127974482E+001 
     12.84000000 -0.233344917742517E+005  0.288135129011449E+001 
     12.86000000 -0.233344917742414E+005  0.288135130045941E+001 
     12.88000000 -0.233344917742311E+005  0.288135131077958E+001 
     12.90000000 -0.233344917742208E+005  0.288135132106262E+001 
     12.92000000 -0.233344917742105E+005  0.288135133131474E+001 
     12.94000000 -0.233344917742004E+005  0.288135134149879E+001 
     12.96000000 -0.233344917741902E+005  0.288135135162716E+001 
     12.98000000 -0.233344917741801E+005  0.288135136171222E+001 
     13.00000000 -0.233344917741701E+005  0.288135137174159E+001 
     13.02000000 -0.233344917741602E+005  0.288135138170291E+001 
     13.04000000 -0.233344917741503E+005  0.288135139160545E+001 
     13.06000000 -0.233344917741404E+005  0.288135140147705E+001 
     13.08000000 -0.233344917741306E+005  0.288135141127131E+001 
     13.10000000 -0.233344917741208E+005  0.288135142103464E+001 
     13.12000000 -0.233344917741111E+005  0.288135143076084E+001 
     13.14000000 -0.233344917741014E+005  0.288135144044992E+001 
     13.16000000 -0.233344917740918E+005  0.288135145009569E+001 
     13.18000000 -0.233344917740821E+005  0.288135145972290E+001 
     13.20000000 -0.233344917740725E+005  0.288135146935011E+001 
     13.22000000 -0.233344917740629E+005  0.288135147895876E+001 
     13.24000000 -0.233344917740533E+005  0.288135148856741E+001 
     13.26000000 -0.233344917740437E+005  0.288135149816987E+001 
     13.28000000 -0.233344917740341E+005  0.288135150777852E+001 
     13.30000000 -0.233344917740245E+005  0.288135151739335E+001 
     13.32000000 -0.233344917740149E+005  0.288135152700200E+001 
     13.34000000 -0.233344917740053E+005  0.288135153660446E+001 
     13.36000000 -0.233344917739957E+005  0.288135154620692E+001 
     13.38000000 -0.233344917739860E+005  0.288135155582794E+001 
     13.40000000 -0.233344917739764E+005  0.288135156542422E+001 
     13.42000000 -0.233344917739669E+005  0.288135157499574E+001 
     13.44000000 -0.233344917739573E+005  0.288135158454252E+001 
     13.46000000 -0.233344917739478E+005  0.288135159403980E+001 
     13.48000000 -0.233344917739384E+005  0.288135160349996E+001 
     13.50000000 -0.233344917739290E+005  0.288135161290133E+001 
     13.52000000 -0.233344917739196E+005  0.288135162222228E+001 
     13.54000000 -0.233344917739104E+005  0.288135163146898E+001 
     13.56000000 -0.233344917739012E+005  0.288135164065999E+001 
     13.58000000 -0.233344917738921E+005  0.288135164972727E+001 
     13.60000000 -0.233344917738831E+005  0.288135165871411E+001 
     13.62000000 -0.233344917738743E+005  0.288135166758648E+001 
     13.64000000 -0.233344917738655E+005  0.288135167635368E+001 
     13.66000000 -0.233344917738568E+005  0.288135168502188E+001 
     13.68000000 -0.233344917738483E+005  0.288135169360346E+001 
     13.70000000 -0.233344917738398E+005  0.288135170206748E+001 
     13.72000000 -0.233344917738314E+005  0.288135171046964E+001 
     13.74000000 -0.233344917738231E+005  0.288135171874805E+001 
     13.76000000 -0.233344917738149E+005  0.288135172699552E+001 
     13.78000000 -0.233344917738067E+005  0.288135173516256E+001 
     13.80000000 -0.233344917737986E+005  0.288135174329248E+001 
     13.82000000 -0.233344917737905E+005  0.288135175139147E+001 
     13.84000000 -0.233344917737824E+005  0.288135175944714E+001 
     13.86000000 -0.233344917737743E+005  0.288135176752756E+001 
     13.88000000 -0.233344917737663E+005  0.288135177558323E+001 
     13.90000000 -0.233344917737582E+005  0.288135178368840E+001 
     13.92000000 -0.233344917737501E+005  0.288135179178120E+001 
     13.94000000 -0.233344917737419E+005  0.288135179991730E+001 
     13.96000000 -0.233344917737338E+005  0.288135180810909E+001 
     13.98000000 -0.233344917737255E+005  0.288135181633801E+001 
     14.00000000 -0.233344917737172E+005  0.288135182462260E+001 
     14.02000000 -0.233344917737089E+005  0.288135183296907E+001 
     14.04000000 -0.233344917737005E+005  0.288135184137741E+001 
     14.06000000 -0.233344917736920E+005  0.288135184986309E+001 
     14.08000000 -0.233344917736835E+005  0.288135185838590E+001 
     14.10000000 -0.233344917736749E+005  0.288135186698913E+001 
     14.12000000 -0.233344917736662E+005  0.288135187565424E+001 
     14.14000000 -0.233344917736575E+005  0.288135188434100E+001 
     14.16000000 -0.233344917736488E+005  0.288135189310820E+001 
     14.18000000 -0.233344917736400E+005  0.288135190190633E+001 
     14.20000000 -0.233344917736311E+005  0.288135191072921E+001 
     14.22000000 -0.233344917736223E+005  0.288135191957684E+001 
     14.24000000 -0.233344917736134E+005  0.288135192843065E+001 
     14.26000000 -0.233344917736046E+005  0.288135193729065E+001 
     14.28000000 -0.233344917735957E+005  0.288135194613828E+001 
     14.30000000 -0.233344917735869E+005  0.288135195495807E+001 
     14.32000000 -0.233344917735781E+005  0.288135196377167E+001 
     14.34000000 -0.233344917735693E+005  0.288135197254814E+001 
     14.36000000 -0.233344917735606E+005  0.288135198126584E+001 
     14.38000000 -0.233344917735519E+005  0.288135198993095E+001 
     14.40000000 -0.233344917735433E+005  0.288135199853728E+001 
     14.42000000 -0.233344917735348E+005  0.288135200706936E+001 
     14.44000000 -0.233344917735263E+005  0.288135201553029E+001 
     14.46000000 -0.233344917735179E+005  0.288135202391388E+001 
     14.48000000 -0.233344917735096E+005  0.288135203223251E+001 
     14.50000000 -0.233344917735014E+005  0.288135204047380E+001 
     14.52000000 -0.233344917734932E+005  0.288135204864703E+001 
     14.54000000 -0.233344917734851E+005  0.288135205673054E+001 
     14.56000000 -0.233344917734771E+005  0.288135206474600E+001 
     14.58000000 -0.233344917734692E+005  0.288135207268411E+001 
     14.60000000 -0.233344917734613E+005  0.288135208057892E+001 
     14.62000000 -0.233344917734535E+005  0.288135208840567E+001 
     14.64000000 -0.233344917734457E+005  0.288135209617673E+001 
     14.66000000 -0.233344917734380E+005  0.288135210389830E+001 
     14.68000000 -0.233344917734303E+005  0.288135211158274E+001 
     14.70000000 -0.233344917734226E+005  0.288135211923625E+001 
     14.72000000 -0.233344917734150E+005  0.288135212686192E+001 
     14.74000000 -0.233344917734074E+005  0.288135213447211E+001 
     14.76000000 -0.233344917733998E+005  0.288135214205756E+001 
     14.78000000 -0.233344917733922E+005  0.288135214963373E+001 
     14.80000000 -0.233344917733847E+005  0.288135215716659E+001 
     14.82000000 -0.233344917733771E+005  0.288135216472420E+001 
     14.84000000 -0.233344917733696E+005  0.288135217228799E+001 
     14.86000000 -0.233344917733620E+005  0.288135217982704E+001 
     14.88000000 -0.233344917733545E+005  0.288135218736608E+001 
     14.90000000 -0.233344917733469E+005  0.288135219491131E+001 
     14.92000000 -0.233344917733394E+005  0.288135220246892E+001 
     14.94000000 -0.233344917733318E+005  0.288135221001725E+001 
     14.96000000 -0.233344917733243E+005  0.288135221757176E+001 
     14.98000000 -0.233344917733167E+005  0.288135222516030E+001 
     15.00000000 -0.233344917733091E+005  0.288135223277050E+001 
     15.02000000 -0.233344917733015E+005  0.288135224038070E+001 
     15.04000000 -0.233344917732938E+005  0.288135224803730E+001 
     15.06000000 -0.233344917732861E+005  0.288135225573102E+001 
     15.08000000 -0.233344917732784E+005  0.288135226344022E+001 
     15.10000000 -0.233344917732706E+005  0.288135227122365E+001 
     15.12000000 -0.233344917732628E+005  0.288135227904422E+001 
     15.14000000 -0.233344917732549E+005  0.288135228693284E+001 
     15.16000000 -0.233344917732470E+005  0.288135229486477E+001 
     15.18000000 -0.233344917732390E+005  0.288135230287713E+001 
     15.20000000 -0.233344917732309E+005  0.288135231092661E+001 
     15.22000000 -0.233344917732228E+005  0.288135231905963E+001 
     15.24000000 -0.233344917732146E+005  0.288135232722667E+001 
     15.26000000 -0.233344917732064E+005  0.288135233544939E+001 
     15.28000000 -0.233344917731981E+005  0.288135234374946E+001 
     15.30000000 -0.233344917731898E+005  0.288135235206499E+001 
     15.32000000 -0.233344917731814E+005  0.288135236044240E+001 
     15.34000000 -0.233344917731730E+005  0.288135236882908E+001 
     15.36000000 -0.233344917731646E+005  0.288135237722814E+001 
     15.38000000 -0.233344917731562E+005  0.288135238567360E+001 
     15.40000000 -0.233344917731477E+005  0.288135239411288E+001 
     15.42000000 -0.233344917731393E+005  0.288135240253360E+001 
     15.44000000 -0.233344917731309E+005  0.288135241096668E+001 
     15.46000000 -0.233344917731225E+005  0.288135241938740E+001 
     15.48000000 -0.233344917731141E+005  0.288135242777099E+001 
     15.50000000 -0.233344917731057E+005  0.288135243615458E+001 
     15.52000000 -0.233344917730974E+005  0.288135244448868E+001 
     15.54000000 -0.233344917730890E+005  0.288135245281658E+001 
     15.56000000 -0.233344917730808E+005  0.288135246108881E+001 
     15.58000000 -0.233344917730725E+005  0.288135246933628E+001 
     15.60000000 -0.233344917730643E+005  0.288135247754663E+001 
     15.62000000 -0.233344917730562E+005  0.288135248569821E+001 
     15.64000000 -0.233344917730480E+005  0.288135249382503E+001 
     15.66000000 -0.233344917730400E+005  0.288135250189927E+001 
     15.68000000 -0.233344917730319E+005  0.288135250993019E+001 
     15.70000000 -0.233344917730240E+005  0.288135251790543E+001 
     15.72000000 -0.233344917730160E+005  0.288135252585592E+001 
     15.74000000 -0.233344917730081E+005  0.288135253373835E+001 
     15.76000000 -0.233344917730003E+005  0.288135254158366E+001 
     15.78000000 -0.233344917729925E+005  0.288135254940422E+001 
     15.80000000 -0.233344917729847E+005  0.288135255717219E+001 
     15.82000000 -0.233344917729770E+005  0.288135256490614E+001 
     15.84000000 -0.233344917729692E+005  0.288135257260914E+001 
     15.86000000 -0.233344917729615E+005  0.288135258031833E+001 
     15.88000000 -0.233344917729539E+005  0.288135258797493E+001 
     15.90000000 -0.233344917729462E+005  0.288135259564082E+001 
     15.92000000 -0.233344917729386E+005  0.288135260327576E+001 
     15.94000000 -0.233344917729309E+005  0.288135261094783E+001 
     15.96000000 -0.233344917729233E+005  0.288135261859515E+001 
     15.98000000 -0.233344917729156E+005  0.288135262625794E+001 
     16.00000000 -0.233344917729079E+005  0.288135263395785E+001 
     16.02000000 -0.233344917729002E+005  0.288135264166395E+001 
     16.04000000 -0.233344917728925E+005  0.288135264937933E+001 
     16.06000000 -0.233344917728847E+005  0.288135265711636E+001 
     16.08000000 -0.233344917728770E+005  0.288135266487505E+001 
     16.10000000 -0.233344917728692E+005  0.288135267267087E+001 
     16.12000000 -0.233344917728614E+005  0.288135268048524E+001 
     16.14000000 -0.233344917728535E+005  0.288135268831199E+001 
     16.16000000 -0.233344917728457E+005  0.288135269614492E+001 
     16.18000000 -0.233344917728379E+005  0.288135270398405E+001 
     16.20000000 -0.233344917728300E+005  0.288135271183554E+001 
     16.22000000 -0.233344917728222E+005  0.288135271967466E+001 
     16.24000000 -0.233344917728143E+005  0.288135272751069E+001 
     16.26000000 -0.233344917728065E+005  0.288135273532816E+001 
     16.28000000 -0.233344917727987E+005  0.288135274316110E+001 
     16.30000000 -0.233344917727909E+005  0.288135275096000E+001 
     16.32000000 -0.233344917727831E+005  0.288135275871560E+001 
     16.34000000 -0.233344917727754E+005  0.288135276646810E+001 
     16.36000000 -0.233344917727677E+005  0.288135277418967E+001 
     16.38000000 -0.233344917727600E+005  0.288135278186483E+001 
     16.40000000 -0.233344917727523E+005  0.288135278951215E+001 
     16.42000000 -0.233344917727447E+005  0.288135279714091E+001 
     16.44000000 -0.233344917727371E+005  0.288135280473255E+001 
     16.46000000 -0.233344917727296E+005  0.288135281230253E+001 
     16.48000000 -0.233344917727220E+005  0.288135281984157E+001 
     16.50000000 -0.233344917727145E+005  0.288135282738062E+001 
     16.52000000 -0.233344917727070E+005  0.288135283487326E+001 
     16.54000000 -0.233344917726995E+005  0.288135284237209E+001 
     16.56000000 -0.233344917726920E+005  0.288135284985854E+001 
     16.58000000 -0.233344917726845E+005  0.288135285735119E+001 
     16.60000000 -0.233344917726770E+005  0.288135286482527E+001 
     16.62000000 -0.233344917726695E+005  0.288135287233028E+001 
     16.64000000 -0.233344917726620E+005  0.288135287984149E+001 
     16.66000000 -0.233344917726545E+005  0.288135288736506E+001 
     16.68000000 -0.233344917726469E+005  0.288135289491648E+001 
     16.70000000 -0.233344917726394E+005  0.288135290251121E+001 
     16.72000000 -0.233344917726317E+005  0.288135291012760E+001 
     16.74000000 -0.233344917726241E+005  0.288135291779348E+001 
     16.76000000 -0.233344917726164E+005  0.288135292549648E+001 
     16.78000000 -0.233344917726086E+005  0.288135293325517E+001 
     16.80000000 -0.233344917726008E+005  0.288135294108192E+001 
     16.82000000 -0.233344917725929E+005  0.288135294893651E+001 
     16.84000000 -0.233344917725850E+005  0.288135295684369E+001 
     16.86000000 -0.233344917725770E+005  0.288135296483440E+001 
     16.88000000 -0.233344917725690E+005  0.288135297284676E+001 
     16.90000000 -0.233344917725609E+005  0.288135298091481E+001 
     16.92000000 -0.233344917725528E+005  0.288135298906948E+001 
     16.94000000 -0.233344917725446E+005  0.288135299723652E+001 
     16.96000000 -0.233344917725364E+005  0.288135300546543E+001 
     16.98000000 -0.233344917725281E+005  0.288135301371291E+001 
     17.00000000 -0.233344917725199E+005  0.288135302199132E+001 
     17.02000000 -0.233344917725116E+005  0.288135303028519E+001 
     17.04000000 -0.233344917725033E+005  0.288135303858526E+001 
     17.06000000 -0.233344917724950E+005  0.288135304689461E+001 
     17.08000000 -0.233344917724867E+005  0.288135305519776E+001 
     17.10000000 -0.233344917724784E+005  0.288135306347618E+001 
     17.12000000 -0.233344917724701E+005  0.288135307173912E+001 
     17.14000000 -0.233344917724619E+005  0.288135307994328E+001 
     17.16000000 -0.233344917724537E+005  0.288135308812579E+001 
     17.18000000 -0.233344917724456E+005  0.288135309625571E+001 
     17.20000000 -0.233344917724376E+005  0.288135310430520E+001 
     17.22000000 -0.233344917724296E+005  0.288135311230518E+001 
     17.24000000 -0.233344917724216E+005  0.288135312024330E+001 
     17.26000000 -0.233344917724138E+005  0.288135312808861E+001 
     17.28000000 -0.233344917724060E+005  0.288135313585967E+001 
     17.30000000 -0.233344917723983E+005  0.288135314356268E+001 
     17.32000000 -0.233344917723907E+005  0.288135315118216E+001 
     17.34000000 -0.233344917723831E+005  0.288135315873976E+001 
     17.36000000 -0.233344917723756E+005  0.288135316622003E+001 
     17.38000000 -0.233344917723682E+005  0.288135317361368E+001 
     17.40000000 -0.233344917723609E+005  0.288135318097948E+001 
     17.42000000 -0.233344917723536E+005  0.288135318828961E+001 
     17.44000000 -0.233344917723463E+005  0.288135319552548E+001 
     17.46000000 -0.233344917723391E+005  0.288135320274279E+001 
     17.48000000 -0.233344917723319E+005  0.288135320994464E+001 
     17.50000000 -0.233344917723248E+005  0.288135321709389E+001 
     17.52000000 -0.233344917723176E+005  0.288135322424006E+001 
     17.54000000 -0.233344917723105E+005  0.288135323136147E+001 
     17.56000000 -0.233344917723034E+005  0.288135323848907E+001 
     17.58000000 -0.233344917722962E+005  0.288135324563832E+001 
     17.60000000 -0.233344917722891E+005  0.288135325275355E+001 
     17.62000000 -0.233344917722820E+005  0.288135325989352E+001 
     17.64000000 -0.233344917722748E+005  0.288135326702731E+001 
     17.66000000 -0.233344917722677E+005  0.288135327416728E+001 
     17.68000000 -0.233344917722605E+005  0.288135328131035E+001 
     17.70000000 -0.233344917722534E+005  0.288135328846889E+001 
     17.72000000 -0.233344917722462E+005  0.288135329561814E+001 
     17.74000000 -0.233344917722391E+005  0.288135330275193E+001 
     17.76000000 -0.233344917722320E+005  0.288135330989500E+001 
     17.78000000 -0.233344917722248E+005  0.288135331703497E+001 
     17.80000000 -0.233344917722177E+005  0.288135332417185E+001 
     17.82000000 -0.233344917722106E+005  0.288135333126233E+001 
     17.84000000 -0.233344917722035E+005  0.288135333834971E+001 
     17.86000000 -0.233344917721964E+005  0.288135334541235E+001 
     17.88000000 -0.233344917721894E+005  0.288135335245333E+001 
     17.90000000 -0.233344917721824E+005  0.288135335947574E+001 
     17.92000000 -0.233344917721754E+005  0.288135336647960E+001 
     17.94000000 -0.233344917721684E+005  0.288135337346490E+001 
     17.96000000 -0.233344917721615E+005  0.288135338040688E+001 
     17.98000000 -0.233344917721545E+005  0.288135338732412E+001 
     18.00000000 -0.233344917721477E+005  0.288135339420733E+001 
     18.02000000 -0.233344917721408E+005  0.288135340108435E+001 
     18.04000000 -0.233344917721340E+005  0.288135340790878E+001 
     18.06000000 -0.233344917721271E+005  0.288135341471464E+001 
     18.08000000 -0.233344917721204E+005  0.288135342150814E+001 
     18.10000000 -0.233344917721136E+005  0.288135342826451E+001 
     18.12000000 -0.233344917721069E+005  0.288135343497138E+001 
     18.14000000 -0.233344917721002E+005  0.288135344167825E+001 
     18.16000000 -0.233344917720935E+005  0.288135344832944E+001 
     18.18000000 -0.233344917720869E+005  0.288135345494351E+001 
     18.20000000 -0.233344917720803E+005  0.288135346154829E+001 
     18.22000000 -0.233344917720738E+005  0.288135346807574E+001 
     18.24000000 -0.233344917720673E+005  0.288135347459391E+001 
     18.26000000 -0.233344917720608E+005  0.288135348106567E+001 
     18.28000000 -0.233344917720543E+005  0.288135348751268E+001 
     18.30000000 -0.233344917720479E+005  0.288135349391020E+001 
     18.32000000 -0.233344917720416E+005  0.288135350028915E+001 
     18.34000000 -0.233344917720352E+005  0.288135350662480E+001 
     18.36000000 -0.233344917720289E+005  0.288135351293569E+001 
     18.38000000 -0.233344917720226E+005  0.288135351921565E+001 
     18.40000000 -0.233344917720164E+005  0.288135352548324E+001 
     18.42000000 -0.233344917720101E+005  0.288135353174463E+001 
     18.44000000 -0.233344917720039E+005  0.288135353799057E+001 
     18.46000000 -0.233344917719976E+005  0.288135354423031E+001 
     18.48000000 -0.233344917719914E+005  0.288135355049480E+001 
     18.50000000 -0.233344917719851E+005  0.288135355676857E+001 
     18.52000000 -0.233344917719788E+005  0.288135356305781E+001 
     18.54000000 -0.233344917719725E+005  0.288135356937490E+001 
     18.56000000 -0.233344917719661E+005  0.288135357573529E+001 
     18.58000000 -0.233344917719597E+005  0.288135358212043E+001 
     18.60000000 -0.233344917719533E+005  0.288135358853651E+001 
     18.62000000 -0.233344917719469E+005  0.288135359499590E+001 
     18.64000000 -0.233344917719404E+005  0.288135360149859E+001 
     18.66000000 -0.233344917719338E+005  0.288135360801985E+001 
     18.68000000 -0.233344917719273E+005  0.288135361459061E+001 
     18.70000000 -0.233344917719207E+005  0.288135362119849E+001 
     18.72000000 -0.233344917719140E+005  0.288135362782802E+001 
     18.74000000 -0.233344917719074E+005  0.288135363450087E+001 
     18.76000000 -0.233344917719007E+005  0.288135364115515E+001 
     18.78000000 -0.233344917718940E+005  0.288135364784037E+001 
     18.80000000 -0.233344917718873E+005  0.288135365455343E+001 
     18.82000000 -0.233344917718806E+005  0.288135366126030E+001 
     18.84000000 -0.233344917718739E+005  0.288135366795480E+001 
     18.86000000 -0.233344917718672E+005  0.288135367467405E+001 
     18.88000000 -0.233344917718605E+005  0.288135368137473E+001 
     18.90000000 -0.233344917718538E+005  0.288135368806614E+001 
     18.92000000 -0.233344917718471E+005  0.288135369475445E+001 
     18.94000000 -0.233344917718404E+005  0.288135370144586E+001 
     18.96000000 -0.233344917718337E+005  0.288135370812798E+001 
     18.98000000 -0.233344917718270E+005  0.288135371481320E+001 
     19.00000000 -0.233344917718204E+005  0.288135372147367E+001 
     19.02000000 -0.233344917718137E+005  0.288135372814651E+001 
     19.04000000 -0.233344917718070E+005  0.288135373483792E+001 
     19.06000000 -0.233344917718004E+005  0.288135374150767E+001 
     19.08000000 -0.233344917717937E+005  0.288135374820836E+001 
     19.10000000 -0.233344917717870E+005  0.288135375491214E+001 
     19.12000000 -0.233344917717802E+005  0.288135376163448E+001 
     19.14000000 -0.233344917717735E+005  0.288135376835991E+001 
     19.16000000 -0.233344917717668E+005  0.288135377510391E+001 
     19.18000000 -0.233344917717600E+005  0.288135378187884E+001 
     19.20000000 -0.233344917717532E+005  0.288135378865377E+001 
     19.22000000 -0.233344917717464E+005  0.288135379546583E+001 
     19.24000000 -0.233344917717396E+005  0.288135380225314E+001 
     19.26000000 -0.233344917717328E+005  0.288135380907756E+001 
     19.28000000 -0.233344917717260E+005  0.288135381589581E+001 
     19.30000000 -0.233344917717191E+005  0.288135382272333E+001 
     19.32000000 -0.233344917717123E+005  0.288135382956941E+001 
     19.34000000 -0.233344917717055E+005  0.288135383640312E+001 
     19.36000000 -0.233344917716986E+005  0.288135384322446E+001 
     19.38000000 -0.233344917716918E+005  0.288135385007673E+001 
     19.40000000 -0.233344917716849E+005  0.288135385691044E+001 
     19.42000000 -0.233344917716781E+005  0.288135386372250E+001 
     19.44000000 -0.233344917716713E+005  0.288135387055930E+001 
     19.46000000 -0.233344917716645E+005  0.288135387734970E+001 
     19.48000000 -0.233344917716577E+005  0.288135388414629E+001 
     19.50000000 -0.233344917716509E+005  0.288135389091503E+001 
     19.52000000 -0.233344917716442E+005  0.288135389768687E+001 
     19.54000000 -0.233344917716374E+005  0.288135390442777E+001 
     19.56000000 -0.233344917716307E+005  0.288135391115630E+001 
     19.58000000 -0.233344917716240E+005  0.288135391787864E+001 
     19.60000000 -0.233344917716173E+005  0.288135392457933E+001 
     19.62000000 -0.233344917716106E+005  0.288135393125527E+001 
     19.64000000 -0.233344917716039E+005  0.288135393791883E+001 
     19.66000000 -0.233344917715973E+005  0.288135394456383E+001 
     19.68000000 -0.233344917715907E+005  0.288135395120265E+001 
     19.70000000 -0.233344917715840E+005  0.288135395781671E+001 
     19.72000000 -0.233344917715775E+005  0.288135396440603E+001 
     19.74000000 -0.233344917715708E+005  0.288135397101391E+001 
     19.76000000 -0.233344917715643E+005  0.288135397759085E+001 
     19.78000000 -0.233344917715577E+005  0.288135398416470E+001 
     19.80000000 -0.233344917715511E+005  0.288135399072618E+001 
     19.82000000 -0.233344917715446E+005  0.288135399729075E+001 
     19.84000000 -0.233344917715380E+005  0.288135400385532E+001 
     19.86000000 -0.233344917715315E+005  0.288135401040132E+001 
     19.88000000 -0.233344917715249E+005  0.288135401696899E+001 
     19.90000000 -0.233344917715183E+005  0.288135402353665E+001 
     19.92000000 -0.233344917715118E+005  0.288135403007647E+001 
     19.94000000 -0.233344917715052E+005  0.288135403664723E+001 
     19.96000000 -0.233344917714987E+005  0.288135404318705E+001 
     19.98000000 -0.233344917714921E+005  0.288135404972687E+001 
     20.00000000 -0.233344917714856E+005  0.288135405624194E+001 
     20.02000000 -0.233344917714791E+005  0.288135406277557E+001 
     20.04000000 -0.233344917714726E+005  0.288135406929683E+001 
     20.06000000 -0.233344917714661E+005  0.288135407577478E+001 
     20.08000000 -0.233344917714596E+005  0.288135408222798E+001 
     20.10000000 -0.233344917714532E+005  0.288135408868737E+001 
     20.12000000 -0.233344917714468E+005  0.288135409510963E+001 
     20.14000000 -0.233344917714403E+005  0.288135410151952E+001 
     20.16000000 -0.233344917714340E+005  0.288135410789848E+001 
     20.18000000 -0.233344917714276E+005  0.288135411427743E+001 
     20.20000000 -0.233344917714212E+005  0.288135412063782E+001 
     20.22000000 -0.233344917714149E+005  0.288135412699822E+001 
     20.24000000 -0.233344917714085E+005  0.288135413335242E+001 
     20.26000000 -0.233344917714021E+005  0.288135413973756E+001 
     20.28000000 -0.233344917713958E+005  0.288135414610105E+001 
     20.30000000 -0.233344917713893E+005  0.288135415252641E+001 
     20.32000000 -0.233344917713829E+005  0.288135415898579E+001 
     20.34000000 -0.233344917713764E+005  0.288135416546374E+001 
     20.36000000 -0.233344917713699E+005  0.288135417199428E+001 
     20.38000000 -0.233344917713633E+005  0.288135417855576E+001 
     20.40000000 -0.233344917713567E+005  0.288135418520695E+001 
     20.42000000 -0.233344917713500E+005  0.288135419187670E+001 
     20.44000000 -0.233344917713433E+005  0.288135419860832E+001 
     20.46000000 -0.233344917713365E+005  0.288135420538944E+001 
     20.48000000 -0.233344917713296E+005  0.288135421222006E+001 
     20.50000000 -0.233344917713228E+005  0.288135421910326E+001 
     20.52000000 -0.233344917713159E+005  0.288135422600813E+001 
     20.54000000 -0.233344917713089E+005  0.288135423295939E+001 
     20.56000000 -0.233344917713019E+005  0.288135423993231E+001 
     20.58000000 -0.233344917712950E+005  0.288135424689905E+001 
     20.60000000 -0.233344917712880E+005  0.288135425390290E+001 
     20.62000000 -0.233344917712810E+005  0.288135426088820E+001 
     20.64000000 -0.233344917712740E+005  0.288135426784875E+001 
     20.66000000 -0.233344917712670E+005  0.288135427482167E+001 
     20.68000000 -0.233344917712601E+005  0.288135428178840E+001 
     20.70000000 -0.233344917712532E+005  0.288135428870564E+001 
     20.72000000 -0.233344917712462E+005  0.288135429562597E+001 
     20.74000000 -0.233344917712394E+005  0.288135430249061E+001 
     20.76000000 -0.233344917712325E+005  0.288135430933360E+001 
     20.78000000 -0.233344917712257E+005  0.288135431617659E+001 
     20.80000000 -0.233344917712189E+005  0.288135432295153E+001 
     20.82000000 -0.233344917712121E+005  0.288135432973883E+001 
     20.84000000 -0.233344917712054E+005  0.288135433648283E+001 
     20.86000000 -0.233344917711986E+005  0.288135434321136E+001 
     20.88000000 -0.233344917711919E+005  0.288135434992751E+001 
     20.90000000 -0.233344917711852E+005  0.288135435664057E+001 
     20.92000000 -0.233344917711785E+005  0.288135436333198E+001 
     20.94000000 -0.233344917711719E+005  0.288135437000173E+001 
     20.96000000 -0.233344917711652E+005  0.288135437669313E+001 
     20.98000000 -0.233344917711585E+005  0.288135438336907E+001 
     21.00000000 -0.233344917711518E+005  0.288135439003264E+001 
     21.02000000 -0.233344917711452E+005  0.288135439670239E+001 
     21.04000000 -0.233344917711385E+005  0.288135440335976E+001 
     21.06000000 -0.233344917711318E+005  0.288135441003879E+001 
     21.08000000 -0.233344917711251E+005  0.288135441671782E+001 
     21.10000000 -0.233344917711185E+005  0.288135442338758E+001 
     21.12000000 -0.233344917711118E+005  0.288135443008207E+001 
     21.14000000 -0.233344917711051E+005  0.288135443678895E+001 
     21.16000000 -0.233344917710984E+005  0.288135444349891E+001 
     21.18000000 -0.233344917710916E+005  0.288135445023363E+001 
     21.20000000 -0.233344917710849E+005  0.288135445699619E+001 
     21.22000000 -0.233344917710781E+005  0.288135446377421E+001 
     21.24000000 -0.233344917710713E+005  0.288135447057080E+001 
     21.26000000 -0.233344917710645E+005  0.288135447740760E+001 
     21.28000000 -0.233344917710576E+005  0.288135448428772E+001 
     21.30000000 -0.233344917710507E+005  0.288135449119877E+001 
     21.32000000 -0.233344917710437E+005  0.288135449814694E+001 
     21.34000000 -0.233344917710367E+005  0.288135450516317E+001 
     21.36000000 -0.233344917710296E+005  0.288135451222271E+001 
     21.38000000 -0.233344917710225E+005  0.288135451931938E+001 
     21.40000000 -0.233344917710154E+005  0.288135452648410E+001 
     21.42000000 -0.233344917710081E+005  0.288135453372307E+001 
     21.44000000 -0.233344917710008E+005  0.288135454101153E+001 
     21.46000000 -0.233344917709935E+005  0.288135454834950E+001 
     21.48000000 -0.233344917709861E+005  0.288135455577408E+001 
     21.50000000 -0.233344917709786E+005  0.288135456322341E+001 
     21.52000000 -0.233344917709711E+005  0.288135457075318E+001 
     21.54000000 -0.233344917709635E+005  0.288135457832006E+001 
     21.56000000 -0.233344917709559E+005  0.288135458592408E+001 
     21.58000000 -0.233344917709483E+005  0.288135459357140E+001 
     21.60000000 -0.233344917709406E+005  0.288135460124346E+001 
     21.62000000 -0.233344917709329E+005  0.288135460891553E+001 
     21.64000000 -0.233344917709253E+005  0.288135461660616E+001 
     21.66000000 -0.233344917709176E+005  0.288135462427823E+001 
     21.68000000 -0.233344917709099E+005  0.288135463192555E+001 
     21.70000000 -0.233344917709023E+005  0.288135463953575E+001 
     21.72000000 -0.233344917708948E+005  0.288135464710883E+001 
     21.74000000 -0.233344917708873E+005  0.288135465460147E+001 
     21.76000000 -0.233344917708798E+005  0.288135466203224E+001 
     21.78000000 -0.233344917708725E+005  0.288135466937020E+001 
     21.80000000 -0.233344917708652E+005  0.288135467662155E+001 
     21.82000000 -0.233344917708581E+005  0.288135468374915E+001 
     21.84000000 -0.233344917708511E+005  0.288135469078394E+001 
     21.86000000 -0.233344917708442E+005  0.288135469767643E+001 
     21.88000000 -0.233344917708374E+005  0.288135470447301E+001 
     21.90000000 -0.233344917708307E+005  0.288135471115204E+001 
     21.92000000 -0.233344917708241E+005  0.288135471772899E+001 
     21.94000000 -0.233344917708177E+005  0.288135472417600E+001 
     21.96000000 -0.233344917708113E+005  0.288135473054258E+001 
     21.98000000 -0.233344917708051E+005  0.288135473679779E+001 
     22.00000000 -0.233344917707989E+005  0.288135474297566E+001 
     22.02000000 -0.233344917707928E+005  0.288135474906073E+001 
     22.04000000 -0.233344917707868E+005  0.288135475508083E+001 
     22.06000000 -0.233344917707808E+005  0.288135476105143E+001 
     22.08000000 -0.233344917707749E+005  0.288135476697563E+001 
     22.10000000 -0.233344917707690E+005  0.288135477286270E+001 
     22.12000000 -0.233344917707631E+005  0.288135477872813E+001 
     22.14000000 -0.233344917707573E+005  0.288135478457498E+001 
     22.16000000 -0.233344917707515E+005  0.288135479040947E+001 
     22.18000000 -0.233344917707456E+005  0.288135479625014E+001 
     22.20000000 -0.233344917707398E+005  0.288135480210319E+001 
     22.22000000 -0.233344917707339E+005  0.288135480799645E+001 
     22.24000000 -0.233344917707280E+005  0.288135481388662E+001 
     22.26000000 -0.233344917707220E+005  0.288135481981082E+001 
     22.28000000 -0.233344917707161E+005  0.288135482579380E+001 
     22.30000000 -0.233344917707101E+005  0.288135483179533E+001 
     22.32000000 -0.233344917707040E+005  0.288135483786493E+001 
     22.34000000 -0.233344917706979E+005  0.288135484398402E+001 
     22.36000000 -0.233344917706917E+005  0.288135485014333E+001 
     22.38000000 -0.233344917706855E+005  0.288135485637070E+001 
     22.40000000 -0.233344917706792E+005  0.288135486263210E+001 
     22.42000000 -0.233344917706729E+005  0.288135486895537E+001 
     22.44000000 -0.233344917706665E+005  0.288135487534051E+001 
     22.46000000 -0.233344917706601E+005  0.288135488175350E+001 
     22.48000000 -0.233344917706536E+005  0.288135488822217E+001 
     22.50000000 -0.233344917706471E+005  0.288135489474342E+001 
     22.52000000 -0.233344917706406E+005  0.288135490131109E+001 
     22.54000000 -0.233344917706340E+005  0.288135490789731E+001 
     22.56000000 -0.233344917706273E+005  0.288135491452375E+001 
     22.58000000 -0.233344917706207E+005  0.288135492116566E+001 
     22.60000000 -0.233344917706140E+005  0.288135492781994E+001 
     22.62000000 -0.233344917706074E+005  0.288135493451135E+001 
     22.64000000 -0.233344917706007E+005  0.288135494119657E+001 
     22.66000000 -0.233344917705940E+005  0.288135494788488E+001 
     22.68000000 -0.233344917705873E+005  0.288135495456700E+001 
     22.70000000 -0.233344917705806E+005  0.288135496124294E+001 
     22.72000000 -0.233344917705740E+005  0.288135496790032E+001 
     22.74000000 -0.233344917705673E+005  0.288135497454532E+001 
     22.76000000 -0.233344917705607E+005  0.288135498118723E+001 
     22.78000000 -0.233344917705541E+005  0.288135498779820E+001 
     22.80000000 -0.233344917705475E+005  0.288135499438442E+001 
     22.82000000 -0.233344917705409E+005  0.288135500097065E+001 
     22.84000000 -0.233344917705343E+005  0.288135500754140E+001 
     22.86000000 -0.233344917705278E+005  0.288135501407813E+001 
     22.88000000 -0.233344917705212E+005  0.288135502062104E+001 
     22.90000000 -0.233344917705147E+005  0.288135502716086E+001 
     22.92000000 -0.233344917705082E+005  0.288135503368212E+001 
     22.94000000 -0.233344917705017E+005  0.288135504020338E+001 
     22.96000000 -0.233344917704951E+005  0.288135504674320E+001 
     22.98000000 -0.233344917704886E+005  0.288135505327684E+001 
     23.00000000 -0.233344917704820E+005  0.288135505981666E+001 
     23.02000000 -0.233344917704755E+005  0.288135506639360E+001 
     23.04000000 -0.233344917704689E+005  0.288135507297673E+001 
     23.06000000 -0.233344917704623E+005  0.288135507958770E+001 
     23.08000000 -0.233344917704557E+005  0.288135508620486E+001 
     23.10000000 -0.233344917704490E+005  0.288135509287771E+001 
     23.12000000 -0.233344917704423E+005  0.288135509955055E+001 
     23.14000000 -0.233344917704356E+005  0.288135510626361E+001 
     23.16000000 -0.233344917704288E+005  0.288135511301379E+001 
     23.18000000 -0.233344917704220E+005  0.288135511981966E+001 
     23.20000000 -0.233344917704152E+005  0.288135512664409E+001 
     23.22000000 -0.233344917704084E+005  0.288135513350564E+001 
     23.24000000 -0.233344917704015E+005  0.288135514040123E+001 
     23.26000000 -0.233344917703945E+005  0.288135514735868E+001 
     23.28000000 -0.233344917703875E+005  0.288135515435635E+001 
     23.30000000 -0.233344917703805E+005  0.288135516137258E+001 
     23.32000000 -0.233344917703734E+005  0.288135516845996E+001 
     23.34000000 -0.233344917703663E+005  0.288135517557210E+001 
     23.36000000 -0.233344917703591E+005  0.288135518271826E+001 
     23.38000000 -0.233344917703520E+005  0.288135518989535E+001 
     23.40000000 -0.233344917703447E+005  0.288135519710957E+001 
     23.42000000 -0.233344917703375E+005  0.288135520432689E+001 
     23.44000000 -0.233344917703303E+005  0.288135521156276E+001 
     23.46000000 -0.233344917703230E+005  0.288135521881410E+001 
     23.48000000 -0.233344917703158E+005  0.288135522605307E+001 
     23.50000000 -0.233344917703086E+005  0.288135523330442E+001 
     23.52000000 -0.233344917703013E+005  0.288135524053720E+001 
     23.54000000 -0.233344917702941E+005  0.288135524773595E+001 
     23.56000000 -0.233344917702869E+005  0.288135525490995E+001 
     23.58000000 -0.233344917702798E+005  0.288135526207468E+001 
     23.60000000 -0.233344917702727E+005  0.288135526919609E+001 
     23.62000000 -0.233344917702656E+005  0.288135527628038E+001 
     23.64000000 -0.233344917702586E+005  0.288135528330280E+001 
     23.66000000 -0.233344917702515E+005  0.288135529033140E+001 
     23.68000000 -0.233344917702446E+005  0.288135529729195E+001 
     23.70000000 -0.233344917702376E+005  0.288135530422775E+001 
     23.72000000 -0.233344917702307E+005  0.288135531113261E+001 
     23.74000000 -0.233344917702238E+005  0.288135531802510E+001 
     23.76000000 -0.233344917702170E+005  0.288135532490212E+001 
     23.78000000 -0.233344917702101E+005  0.288135533176676E+001 
     23.80000000 -0.233344917702032E+005  0.288135533863450E+001 
     23.82000000 -0.233344917701964E+005  0.288135534549915E+001 
     23.84000000 -0.233344917701895E+005  0.288135535237308E+001 
     23.86000000 -0.233344917701826E+005  0.288135535928103E+001 
     23.88000000 -0.233344917701756E+005  0.288135536621064E+001 
     23.90000000 -0.233344917701687E+005  0.288135537316191E+001 
     23.92000000 -0.233344917701617E+005  0.288135538015339E+001 
     23.94000000 -0.233344917701547E+005  0.288135538718818E+001 
     23.96000000 -0.233344917701476E+005  0.288135539427557E+001 
     23.98000000 -0.233344917701405E+005  0.288135540140935E+001 
     24.00000000 -0.233344917701333E+005  0.288135540858645E+001 
     24.02000000 -0.233344917701260E+005  0.288135541583779E+001 
     24.04000000 -0.233344917701187E+005  0.288135542312626E+001 
     24.06000000 -0.233344917701114E+005  0.288135543049206E+001 
     24.08000000 -0.233344917701040E+005  0.288135543790737E+001 
     24.10000000 -0.233344917700965E+005  0.288135544538763E+001 
     24.12000000 -0.233344917700889E+005  0.288135545293905E+001 
     24.14000000 -0.233344917700813E+005  0.288135546052141E+001 
     24.16000000 -0.233344917700737E+005  0.288135546818729E+001 
     24.18000000 -0.233344917700660E+005  0.288135547587792E+001 
     24.20000000 -0.233344917700582E+005  0.288135548363661E+001 
     24.22000000 -0.233344917700505E+005  0.288135549140768E+001 
     24.24000000 -0.233344917700426E+005  0.288135549922824E+001 
     24.26000000 -0.233344917700348E+005  0.288135550708283E+001 
     24.28000000 -0.233344917700269E+005  0.288135551493742E+001 
     24.30000000 -0.233344917700191E+005  0.288135552279510E+001 
     24.32000000 -0.233344917700112E+005  0.288135553066516E+001 
     24.34000000 -0.233344917700033E+005  0.288135553851975E+001 
     24.36000000 -0.233344917699955E+005  0.288135554633722E+001 
     24.38000000 -0.233344917699877E+005  0.288135555414540E+001 
     24.40000000 -0.233344917699800E+005  0.288135556188244E+001 
     24.42000000 -0.233344917699723E+005  0.288135556958854E+001 
     24.44000000 -0.233344917699646E+005  0.288135557723276E+001 
     24.46000000 -0.233344917699571E+005  0.288135558479037E+001 
     24.48000000 -0.233344917699496E+005  0.288135559229539E+001 
     24.50000000 -0.233344917699421E+005  0.288135559974162E+001 
     24.52000000 -0.233344917699348E+005  0.288135560708268E+001 
     24.54000000 -0.233344917699275E+005  0.288135561437115E+001 
     24.56000000 -0.233344917699203E+005  0.288135562157609E+001 
     24.58000000 -0.233344917699131E+005  0.288135562871915E+001 
     24.60000000 -0.233344917699061E+005  0.288135563580344E+001 
     24.62000000 -0.233344917698990E+005  0.288135564281967E+001 
     24.64000000 -0.233344917698921E+005  0.288135564979260E+001 
     24.66000000 -0.233344917698851E+005  0.288135565671602E+001 
     24.68000000 -0.233344917698783E+005  0.288135566360541E+001 
     24.70000000 -0.233344917698714E+005  0.288135567048243E+001 
     24.72000000 -0.233344917698645E+005  0.288135567731924E+001 
     24.74000000 -0.233344917698577E+005  0.288135568415914E+001 
     24.76000000 -0.233344917698509E+005  0.288135569096500E+001 
     24.78000000 -0.233344917698441E+005  0.288135569779871E+001 
     24.80000000 -0.233344917698372E+005  0.288135570462005E+001 
     24.82000000 -0.233344917698304E+005  0.288135571146304E+001 
     24.84000000 -0.233344917698235E+005  0.288135571832150E+001 
     24.86000000 -0.233344917698167E+005  0.288135572520161E+001 
     24.88000000 -0.233344917698098E+005  0.288135573210647E+001 
     24.90000000 -0.233344917698028E+005  0.288135573904227E+001 
     24.92000000 -0.233344917697958E+005  0.288135574602138E+001 
     24.94000000 -0.233344917697888E+005  0.288135575301286E+001 
     24.96000000 -0.233344917697818E+005  0.288135576006003E+001 
     24.98000000 -0.233344917697747E+005  0.288135576713195E+001 
     25.00000000 -0.233344917697676E+005  0.288135577425955E+001 
     25.02000000 -0.233344917697605E+005  0.288135578141189E+001 
     25.04000000 -0.233344917697532E+005  0.288135578861993E+001 
     25.06000000 -0.233344917697460E+005  0.288135579588364E+001 
     25.08000000 -0.233344917697387E+005  0.288135580319686E+001 
     25.10000000 -0.233344917697313E+005  0.288135581057504E+001 
     25.12000000 -0.233344917697239E+005  0.288135581800890E+001 
     25.14000000 -0.233344917697164E+005  0.288135582550154E+001 
     25.16000000 -0.233344917697088E+005  0.288135583304368E+001 
     25.18000000 -0.233344917697012E+005  0.288135584064151E+001 
     25.20000000 -0.233344917696935E+005  0.288135584832595E+001 
     25.22000000 -0.233344917696858E+005  0.288135585602277E+001 
     25.24000000 -0.233344917696780E+005  0.288135586382477E+001 
     25.26000000 -0.233344917696702E+005  0.288135587165770E+001 
     25.28000000 -0.233344917696623E+005  0.288135587953395E+001 
     25.30000000 -0.233344917696544E+005  0.288135588745969E+001 
     25.32000000 -0.233344917696465E+005  0.288135589538543E+001 
     25.34000000 -0.233344917696385E+005  0.288135590335139E+001 
     25.36000000 -0.233344917696305E+005  0.288135591132354E+001 
     25.38000000 -0.233344917696226E+005  0.288135591929878E+001 
     25.40000000 -0.233344917696146E+005  0.288135592724308E+001 
     25.42000000 -0.233344917696067E+005  0.288135593516264E+001 
     25.44000000 -0.233344917695988E+005  0.288135594305744E+001 
     25.46000000 -0.233344917695910E+005  0.288135595089038E+001 
     25.48000000 -0.233344917695832E+005  0.288135595867382E+001 
     25.50000000 -0.233344917695755E+005  0.288135596637682E+001 
     25.52000000 -0.233344917695678E+005  0.288135597402414E+001 
     25.54000000 -0.233344917695603E+005  0.288135598157866E+001 
     25.56000000 -0.233344917695528E+005  0.288135598903727E+001 
     25.58000000 -0.233344917695455E+005  0.288135599639998E+001 
     25.60000000 -0.233344917695382E+005  0.288135600367298E+001 
     25.62000000 -0.233344917695310E+005  0.288135601083770E+001 
     25.64000000 -0.233344917695240E+005  0.288135601789105E+001 
     25.66000000 -0.233344917695170E+005  0.288135602484851E+001 
     25.68000000 -0.233344917695102E+005  0.288135603167603E+001 
     25.70000000 -0.233344917695035E+005  0.288135603840147E+001 
     25.72000000 -0.233344917694968E+005  0.288135604501553E+001 
     25.74000000 -0.233344917694903E+005  0.288135605153060E+001 
     25.76000000 -0.233344917694839E+005  0.288135605791884E+001 
     25.78000000 -0.233344917694777E+005  0.288135606418952E+001 
     25.80000000 -0.233344917694714E+005  0.288135607041379E+001 
     25.82000000 -0.233344917694654E+005  0.288135607648648E+001 
     25.84000000 -0.233344917694594E+005  0.288135608247874E+001 
     25.86000000 -0.233344917694535E+005  0.288135608838128E+001 
     25.88000000 -0.233344917694477E+005  0.288135609419721E+001 
     25.90000000 -0.233344917694419E+005  0.288135609994198E+001 
     25.92000000 -0.233344917694362E+005  0.288135610561869E+001 
     25.94000000 -0.233344917694306E+005  0.288135611123044E+001 
     25.96000000 -0.233344917694251E+005  0.288135611681125E+001 
     25.98000000 -0.233344917694195E+005  0.288135612233019E+001 
     26.00000000 -0.233344917694140E+005  0.288135612783057E+001 
     26.02000000 -0.233344917694085E+005  0.288135613334332E+001 
     26.04000000 -0.233344917694031E+005  0.288135613880658E+001 
     26.06000000 -0.233344917693976E+005  0.288135614430696E+001 
     26.08000000 -0.233344917693920E+005  0.288135614981662E+001 
     26.10000000 -0.233344917693865E+005  0.288135615535721E+001 
     26.12000000 -0.233344917693809E+005  0.288135616093802E+001 
     26.14000000 -0.233344917693753E+005  0.288135616656833E+001 
     26.16000000 -0.233344917693696E+005  0.288135617223576E+001 
     26.18000000 -0.233344917693639E+005  0.288135617798672E+001 
     26.20000000 -0.233344917693581E+005  0.288135618378718E+001 
     26.22000000 -0.233344917693522E+005  0.288135618965569E+001 
     26.24000000 -0.233344917693462E+005  0.288135619561701E+001 
     26.26000000 -0.233344917693402E+005  0.288135620162474E+001 
     26.28000000 -0.233344917693342E+005  0.288135620770671E+001 
     26.30000000 -0.233344917693280E+005  0.288135621387530E+001 
     26.32000000 -0.233344917693218E+005  0.288135622009958E+001 
     26.34000000 -0.233344917693155E+005  0.288135622638263E+001 
     26.36000000 -0.233344917693091E+005  0.288135623272756E+001 
     26.38000000 -0.233344917693028E+005  0.288135623910651E+001 
     26.40000000 -0.233344917692963E+005  0.288135624554115E+001 
     26.42000000 -0.233344917692899E+005  0.288135625200982E+001 
     26.44000000 -0.233344917692834E+005  0.288135625847848E+001 
     26.46000000 -0.233344917692769E+005  0.288135626497190E+001 
     26.48000000 -0.233344917692704E+005  0.288135627149935E+001 
     26.50000000 -0.233344917692639E+005  0.288135627800204E+001 
     26.52000000 -0.233344917692574E+005  0.288135628450784E+001 
     26.54000000 -0.233344917692508E+005  0.288135629102909E+001 
     26.56000000 -0.233344917692443E+005  0.288135629751323E+001 
     26.58000000 -0.233344917692379E+005  0.288135630400355E+001 
     26.60000000 -0.233344917692314E+005  0.288135631046294E+001 
     26.62000000 -0.233344917692249E+005  0.288135631692233E+001 
     26.64000000 -0.233344917692185E+005  0.288135632337553E+001 
     26.66000000 -0.233344917692120E+005  0.288135632984729E+001 
     26.68000000 -0.233344917692056E+005  0.288135633630668E+001 
     26.70000000 -0.233344917691991E+005  0.288135634278463E+001 
     26.72000000 -0.233344917691926E+005  0.288135634928423E+001 
     26.74000000 -0.233344917691860E+005  0.288135635581477E+001 
     26.76000000 -0.233344917691795E+005  0.288135636237006E+001 
     26.78000000 -0.233344917691729E+005  0.288135636897484E+001 
     26.80000000 -0.233344917691662E+005  0.288135637565078E+001 
     26.82000000 -0.233344917691595E+005  0.288135638236075E+001 
     26.84000000 -0.233344917691527E+005  0.288135638912949E+001 
     26.86000000 -0.233344917691459E+005  0.288135639596011E+001 
     26.88000000 -0.233344917691390E+005  0.288135640285878E+001 
     26.90000000 -0.233344917691321E+005  0.288135640979768E+001 
     26.92000000 -0.233344917691251E+005  0.288135641680153E+001 
     26.94000000 -0.233344917691180E+005  0.288135642386107E+001 
     26.96000000 -0.233344917691109E+005  0.288135643095465E+001 
     26.98000000 -0.233344917691038E+005  0.288135643811009E+001 
     27.00000000 -0.233344917690966E+005  0.288135644526862E+001 
     27.02000000 -0.233344917690894E+005  0.288135645246737E+001 
     27.04000000 -0.233344917690822E+005  0.288135645966922E+001 
     27.06000000 -0.233344917690750E+005  0.288135646688344E+001 
     27.08000000 -0.233344917690678E+005  0.288135647406982E+001 
     27.10000000 -0.233344917690606E+005  0.288135648124073E+001 
     27.12000000 -0.233344917690535E+005  0.288135648836523E+001 
     27.14000000 -0.233344917690464E+005  0.288135649547118E+001 
     27.16000000 -0.233344917690394E+005  0.288135650249978E+001 
     27.18000000 -0.233344917690323E+005  0.288135650950983E+001 
     27.20000000 -0.233344917690254E+005  0.288135651642706E+001 
     27.22000000 -0.233344917690186E+005  0.288135652329480E+001 
     27.24000000 -0.233344917690118E+005  0.288135653008211E+001 
     27.26000000 -0.233344917690051E+005  0.288135653680136E+001 
     27.28000000 -0.233344917689984E+005  0.288135654345255E+001 
     27.30000000 -0.233344917689918E+005  0.288135655002640E+001 
     27.32000000 -0.233344917689853E+005  0.288135655653219E+001 
     27.34000000 -0.233344917689789E+005  0.288135656298539E+001 
     27.36000000 -0.233344917689725E+005  0.288135656936434E+001 
     27.38000000 -0.233344917689661E+005  0.288135657571236E+001 
     27.40000000 -0.233344917689598E+005  0.288135658202635E+001 
     27.42000000 -0.233344917689536E+005  0.288135658829703E+001 
     27.44000000 -0.233344917689473E+005  0.288135659453987E+001 
     27.46000000 -0.233344917689411E+005  0.288135660078270E+001 
     27.48000000 -0.233344917689348E+005  0.288135660703173E+001 
     27.50000000 -0.233344917689286E+005  0.288135661324982E+001 
     27.52000000 -0.233344917689223E+005  0.288135661951740E+001 
     27.54000000 -0.233344917689161E+005  0.288135662577880E+001 
     27.56000000 -0.233344917689098E+005  0.288135663208351E+001 
     27.58000000 -0.233344917689035E+005  0.288135663840369E+001 
     27.60000000 -0.233344917688971E+005  0.288135664477027E+001 
     27.62000000 -0.233344917688907E+005  0.288135665116159E+001 
     27.64000000 -0.233344917688843E+005  0.288135665757458E+001 
     27.66000000 -0.233344917688778E+005  0.288135666403397E+001 
     27.68000000 -0.233344917688713E+005  0.288135667051810E+001 
     27.70000000 -0.233344917688648E+005  0.288135667704555E+001 
     27.72000000 -0.233344917688583E+005  0.288135668359774E+001 
     27.74000000 -0.233344917688517E+005  0.288135669018706E+001 
     27.76000000 -0.233344917688451E+005  0.288135669677947E+001 
     27.78000000 -0.233344917688384E+005  0.288135670343066E+001 
     27.80000000 -0.233344917688318E+005  0.288135671006638E+001 
     27.82000000 -0.233344917688251E+005  0.288135671672994E+001 
     27.84000000 -0.233344917688184E+005  0.288135672342135E+001 
     27.86000000 -0.233344917688117E+005  0.288135673013750E+001 
     27.88000000 -0.233344917688050E+005  0.288135673687222E+001 
     27.90000000 -0.233344917687983E+005  0.288135674361003E+001 
     27.92000000 -0.233344917687915E+005  0.288135675037568E+001 
     27.94000000 -0.233344917687847E+005  0.288135675713824E+001 
     27.96000000 -0.233344917687780E+005  0.288135676390080E+001 
     27.98000000 -0.233344917687712E+005  0.288135677068501E+001 
     28.00000000 -0.233344917687644E+005  0.288135677747541E+001 
     28.02000000 -0.233344917687576E+005  0.288135678428746E+001 
     28.04000000 -0.233344917687508E+005  0.288135679107168E+001 
     28.06000000 -0.233344917687440E+005  0.288135679786826E+001 
     28.08000000 -0.233344917687372E+005  0.288135680465248E+001 
     28.10000000 -0.233344917687304E+005  0.288135681144906E+001 
     28.12000000 -0.233344917687236E+005  0.288135681823018E+001 
     28.14000000 -0.233344917687168E+005  0.288135682501130E+001 
     28.16000000 -0.233344917687101E+005  0.288135683176458E+001 
     28.18000000 -0.233344917687033E+005  0.288135683852404E+001 
     28.20000000 -0.233344917686966E+005  0.288135684528660E+001 
     28.22000000 -0.233344917686898E+005  0.288135685201822E+001 
     28.24000000 -0.233344917686831E+005  0.288135685876222E+001 
     28.26000000 -0.233344917686764E+005  0.288135686548766E+001 
     28.28000000 -0.233344917686696E+005  0.288135687222546E+001 
     28.30000000 -0.233344917686629E+005  0.288135687899421E+001 
     28.32000000 -0.233344917686561E+005  0.288135688572893E+001 
     28.34000000 -0.233344917686493E+005  0.288135689251314E+001 
     28.36000000 -0.233344917686426E+005  0.288135689929116E+001 
     28.38000000 -0.233344917686358E+005  0.288135690610631E+001 
     28.40000000 -0.233344917686289E+005  0.288135691294930E+001 
     28.42000000 -0.233344917686221E+005  0.288135691978301E+001 
     28.44000000 -0.233344917686152E+005  0.288135692668169E+001 
     28.46000000 -0.233344917686083E+005  0.288135693359583E+001 
     28.48000000 -0.233344917686013E+005  0.288135694055019E+001 
     28.50000000 -0.233344917685943E+005  0.288135694751692E+001 
     28.52000000 -0.233344917685873E+005  0.288135695453316E+001 
     28.54000000 -0.233344917685803E+005  0.288135696154939E+001 
     28.56000000 -0.233344917685733E+005  0.288135696860893E+001 
     28.58000000 -0.233344917685662E+005  0.288135697564991E+001 
     28.60000000 -0.233344917685592E+005  0.288135698270017E+001 
     28.62000000 -0.233344917685521E+005  0.288135698975662E+001 
     28.64000000 -0.233344917685451E+005  0.288135699680378E+001 
     28.66000000 -0.233344917685380E+005  0.288135700382620E+001 
     28.68000000 -0.233344917685310E+005  0.288135701082387E+001 
     28.70000000 -0.233344917685241E+005  0.288135701778442E+001 
     28.72000000 -0.233344917685171E+005  0.288135702471403E+001 
     28.74000000 -0.233344917685103E+005  0.288135703158486E+001 
     28.76000000 -0.233344917685034E+005  0.288135703842166E+001 
     28.78000000 -0.233344917684967E+005  0.288135704518113E+001 
     28.80000000 -0.233344917684900E+005  0.288135705190038E+001 
     28.82000000 -0.233344917684833E+005  0.288135705856394E+001 
     28.84000000 -0.233344917684767E+005  0.288135706515944E+001 
     28.86000000 -0.233344917684702E+005  0.288135707170545E+001 
     28.88000000 -0.233344917684636E+005  0.288135707821124E+001 
     28.90000000 -0.233344917684572E+005  0.288135708467682E+001 
     28.92000000 -0.233344917684508E+005  0.288135709110836E+001 
     28.94000000 -0.233344917684444E+005  0.288135709750279E+001 
     28.96000000 -0.233344917684380E+005  0.288135710388483E+001 
     28.98000000 -0.233344917684316E+005  0.288135711025760E+001 
     29.00000000 -0.233344917684252E+005  0.288135711662418E+001 
     29.02000000 -0.233344917684189E+005  0.288135712300313E+001 
     29.04000000 -0.233344917684125E+005  0.288135712940065E+001 
     29.06000000 -0.233344917684060E+005  0.288135713582910E+001 
     29.08000000 -0.233344917683996E+005  0.288135714226374E+001 
     29.10000000 -0.233344917683931E+005  0.288135714874169E+001 
     29.12000000 -0.233344917683866E+005  0.288135715524439E+001 
     29.14000000 -0.233344917683801E+005  0.288135716177493E+001 
     29.16000000 -0.233344917683735E+005  0.288135716835187E+001 
     29.18000000 -0.233344917683669E+005  0.288135717495666E+001 
     29.20000000 -0.233344917683603E+005  0.288135718157691E+001 
     29.22000000 -0.233344917683536E+005  0.288135718823428E+001 
     29.24000000 -0.233344917683469E+005  0.288135719492260E+001 
     29.26000000 -0.233344917683402E+005  0.288135720164184E+001 
     29.28000000 -0.233344917683335E+005  0.288135720836109E+001 
     29.30000000 -0.233344917683268E+005  0.288135721509271E+001 
     29.32000000 -0.233344917683200E+005  0.288135722184909E+001 
     29.34000000 -0.233344917683133E+005  0.288135722860236E+001 
     29.36000000 -0.233344917683065E+005  0.288135723534636E+001 
     29.38000000 -0.233344917682997E+005  0.288135724213676E+001 
     29.40000000 -0.233344917682930E+005  0.288135724890241E+001 
     29.42000000 -0.233344917682862E+005  0.288135725567425E+001 
     29.44000000 -0.233344917682794E+005  0.288135726246774E+001 
     29.46000000 -0.233344917682726E+005  0.288135726925505E+001 
     29.48000000 -0.233344917682658E+005  0.288135727604545E+001 
     29.50000000 -0.233344917682590E+005  0.288135728284204E+001 
     29.52000000 -0.233344917682522E+005  0.288135728964172E+001 
     29.54000000 -0.233344917682454E+005  0.288135729644758E+001 
     29.56000000 -0.233344917682386E+005  0.288135730325345E+001 
     29.58000000 -0.233344917682318E+005  0.288135731007788E+001 
     29.60000000 -0.233344917682250E+005  0.288135731688375E+001 
     29.62000000 -0.233344917682181E+005  0.288135732372674E+001 
     29.64000000 -0.233344917682113E+005  0.288135733056354E+001 
     29.66000000 -0.233344917682044E+005  0.288135733741891E+001 
     29.68000000 -0.233344917681976E+005  0.288135734426499E+001 
     29.70000000 -0.233344917681908E+005  0.288135735111108E+001 
     29.72000000 -0.233344917681839E+005  0.288135735795716E+001 
     29.74000000 -0.233344917681770E+005  0.288135736482181E+001 
     29.76000000 -0.233344917681702E+005  0.288135737166480E+001 
     29.78000000 -0.233344917681634E+005  0.288135737850779E+001 
     29.80000000 -0.233344917681565E+005  0.288135738533841E+001 
     29.82000000 -0.233344917681497E+005  0.288135739217212E+001 
     29.84000000 -0.233344917681429E+005  0.288135739898726E+001 
     29.86000000 -0.233344917681361E+005  0.288135740578385E+001 
     29.88000000 -0.233344917681293E+005  0.288135741257425E+001 
     29.90000000 -0.233344917681225E+005  0.288135741936156E+001 
     29.92000000 -0.233344917681157E+005  0.288135742611174E+001 
     29.94000000 -0.233344917681090E+005  0.288135743286193E+001 
     29.96000000 -0.233344917681022E+005  0.288135743961830E+001 
     29.98000000 -0.233344917680955E+005  0.288135744633754E+001 
     30.00000000 -0.233344917680888E+005  0.288135745305060E+001 
